2022-01-13 00:37:46.787531 [net info] starting all threads...
2022-01-13 00:37:46.787689 [net warn] ignoring option name in conf file: block-size
2022-01-13 00:37:46.787702 [net warn] ignoring option name in conf file: nworker
2022-01-13 00:37:46.787708 [net warn] ignoring option name in conf file: repnworker
2022-01-13 00:37:46.787715 [net warn] ignoring option name in conf file: clinworker
2022-01-13 00:37:46.787721 [net warn] ignoring option name in conf file: repburst
2022-01-13 00:37:46.787727 [net warn] ignoring option name in conf file: cliburst
2022-01-13 00:37:46.787733 [net warn] ignoring option name in conf file: pace-maker
2022-01-13 00:37:46.787754 [net info] loaded configuration from hotstuff.conf
2022-01-13 00:37:46.787856 [hotstuff info] nfaulty = 3
2022-01-13 00:37:46.788101 [net info] created <Conn fd=11 addr=<NetAddr 18.188.17.142:20000> mode=active>
2022-01-13 00:37:46.788325 [net info] created <Conn fd=19 addr=<NetAddr 3.142.114.174:20000> mode=active>
2022-01-13 00:37:46.788346 [net info] connected to remote <Conn fd=11 addr=<NetAddr 18.188.17.142:20000> mode=active>
2022-01-13 00:37:46.788534 [net info] created <Conn fd=21 addr=<NetAddr 52.79.253.61:20000> mode=active>
2022-01-13 00:37:46.788722 [net info] created <Conn fd=23 addr=<NetAddr 3.36.103.56:20000> mode=active>
2022-01-13 00:37:46.788736 [net info] connected to remote <Conn fd=19 addr=<NetAddr 3.142.114.174:20000> mode=active>
2022-01-13 00:37:46.788912 [net info] created <Conn fd=25 addr=<NetAddr 54.93.131.236:20000> mode=active>
2022-01-13 00:37:46.789099 [net info] created <Conn fd=27 addr=<NetAddr 3.120.147.128:20000> mode=active>
2022-01-13 00:37:46.789283 [net info] created <Conn fd=29 addr=<NetAddr 54.215.140.88:20000> mode=active>
2022-01-13 00:37:46.789480 [net info] created <Conn fd=31 addr=<NetAddr 54.193.29.119:20000> mode=active>
2022-01-13 00:37:46.789676 [net info] created <Conn fd=33 addr=<NetAddr 3.112.224.96:20000> mode=active>
2022-01-13 00:37:46.789868 [net info] created <Conn fd=35 addr=<NetAddr 54.95.218.99:20000> mode=active>
2022-01-13 00:37:46.839967 [net info] connected to remote <Conn fd=29 addr=<NetAddr 54.215.140.88:20000> mode=active>
2022-01-13 00:37:46.841548 [net info] connected to remote <Conn fd=31 addr=<NetAddr 54.193.29.119:20000> mode=active>
2022-01-13 00:37:46.888629 [net info] connected to remote <Conn fd=25 addr=<NetAddr 54.93.131.236:20000> mode=active>
2022-01-13 00:37:46.888885 [net info] connected to remote <Conn fd=27 addr=<NetAddr 3.120.147.128:20000> mode=active>
2022-01-13 00:37:46.920138 [net info] connected to remote <Conn fd=33 addr=<NetAddr 3.112.224.96:20000> mode=active>
2022-01-13 00:37:46.920388 [net info] connected to remote <Conn fd=35 addr=<NetAddr 54.95.218.99:20000> mode=active>
2022-01-13 00:37:46.948840 [net info] connected to remote <Conn fd=23 addr=<NetAddr 3.36.103.56:20000> mode=active>
2022-01-13 00:37:46.948856 [net info] connected to remote <Conn fd=21 addr=<NetAddr 52.79.253.61:20000> mode=active>
2022-01-13 00:37:47.381055 [hotstuff info] 0.591131
2022-01-13 00:37:47.381104 [hotstuff info] 0.591163
2022-01-13 00:37:47.381128 [hotstuff info] 0.591172
2022-01-13 00:37:47.381143 [hotstuff info] 0.591174
2022-01-13 00:37:47.381158 [hotstuff info] 0.591175
2022-01-13 00:37:47.381175 [hotstuff info] 0.591173
2022-01-13 00:37:47.381191 [hotstuff info] 0.591175
2022-01-13 00:37:47.381201 [hotstuff info] 0.591172
2022-01-13 00:37:47.381221 [hotstuff info] 0.591178
2022-01-13 00:37:47.381239 [hotstuff info] 0.591181
2022-01-13 00:37:47.381255 [hotstuff info] 0.591184
2022-01-13 00:37:47.381266 [hotstuff info] 0.591178
2022-01-13 00:37:47.381277 [hotstuff info] 0.591175
2022-01-13 00:37:47.381293 [hotstuff info] 0.591178
2022-01-13 00:37:47.381304 [hotstuff info] 0.591176
2022-01-13 00:37:47.381315 [hotstuff info] 0.591173
2022-01-13 00:37:47.381327 [hotstuff info] 0.591172
2022-01-13 00:37:47.381341 [hotstuff info] 0.591165
2022-01-13 00:37:47.381355 [hotstuff info] 0.591165
2022-01-13 00:37:47.381366 [hotstuff info] 0.591162
2022-01-13 00:37:47.381382 [hotstuff info] 0.591164
2022-01-13 00:37:47.381392 [hotstuff info] 0.591162
2022-01-13 00:37:47.381404 [hotstuff info] 0.591159
2022-01-13 00:37:47.381418 [hotstuff info] 0.591156
2022-01-13 00:37:47.381429 [hotstuff info] 0.591157
2022-01-13 00:37:47.381444 [hotstuff info] 0.591156
2022-01-13 00:37:47.381468 [hotstuff info] 0.591166
2022-01-13 00:37:47.381486 [hotstuff info] 0.591172
2022-01-13 00:37:47.381502 [hotstuff info] 0.591170
2022-01-13 00:37:47.381513 [hotstuff info] 0.591171
2022-01-13 00:37:47.381524 [hotstuff info] 0.591169
2022-01-13 00:37:47.381546 [hotstuff info] 0.591179
2022-01-13 00:37:47.381557 [hotstuff info] 0.591175
2022-01-13 00:37:47.381603 [hotstuff info] 0.591208
2022-01-13 00:37:47.381625 [hotstuff info] 0.591217
2022-01-13 00:37:47.381646 [hotstuff info] 0.591225
2022-01-13 00:37:47.381661 [hotstuff info] 0.591226
2022-01-13 00:37:47.381672 [hotstuff info] 0.591222
2022-01-13 00:37:47.381683 [hotstuff info] 0.591218
2022-01-13 00:37:47.381693 [hotstuff info] 0.591215
2022-01-13 00:37:47.381704 [hotstuff info] 0.591212
2022-01-13 00:37:47.381713 [hotstuff info] 0.591208
2022-01-13 00:37:47.381723 [hotstuff info] 0.591207
2022-01-13 00:37:47.381732 [hotstuff info] 0.591201
2022-01-13 00:37:47.381742 [hotstuff info] 0.591198
2022-01-13 00:37:47.381751 [hotstuff info] 0.591190
2022-01-13 00:37:47.381763 [hotstuff info] 0.591188
2022-01-13 00:37:47.381772 [hotstuff info] 0.591183
2022-01-13 00:37:47.381781 [hotstuff info] 0.591179
2022-01-13 00:37:47.381791 [hotstuff info] 0.591175
2022-01-13 00:37:47.381801 [hotstuff info] 0.591171
2022-01-13 00:37:47.381815 [hotstuff info] 0.591171
2022-01-13 00:37:47.381825 [hotstuff info] 0.591163
2022-01-13 00:37:47.381847 [hotstuff info] 0.591171
2022-01-13 00:37:47.381858 [hotstuff info] 0.591167
2022-01-13 00:37:47.381880 [hotstuff info] 0.591176
2022-01-13 00:37:47.381891 [hotstuff info] 0.591174
2022-01-13 00:37:47.381901 [hotstuff info] 0.591170
2022-01-13 00:37:47.381911 [hotstuff info] 0.591167
2022-01-13 00:37:47.381923 [hotstuff info] 0.591162
2022-01-13 00:37:47.381933 [hotstuff info] 0.591158
2022-01-13 00:37:47.381942 [hotstuff info] 0.591153
2022-01-13 00:37:47.381952 [hotstuff info] 0.591150
2022-01-13 00:37:47.381962 [hotstuff info] 0.591145
2022-01-13 00:37:47.381973 [hotstuff info] 0.591142
2022-01-13 00:37:47.381987 [hotstuff info] 0.591142
2022-01-13 00:37:47.381997 [hotstuff info] 0.591115
2022-01-13 00:37:47.382065 [hotstuff info] 0.591168
2022-01-13 00:37:47.382081 [hotstuff info] 0.591170
2022-01-13 00:37:47.382091 [hotstuff info] 0.591166
2022-01-13 00:37:47.382106 [hotstuff info] 0.591167
2022-01-13 00:37:47.382120 [hotstuff info] 0.591168
2022-01-13 00:37:47.382136 [hotstuff info] 0.591168
2022-01-13 00:37:47.382146 [hotstuff info] 0.591162
2022-01-13 00:37:47.382165 [hotstuff info] 0.591167
2022-01-13 00:37:47.382178 [hotstuff info] 0.591166
2022-01-13 00:37:47.382189 [hotstuff info] 0.591163
2022-01-13 00:37:47.382199 [hotstuff info] 0.591159
2022-01-13 00:37:47.382210 [hotstuff info] 0.591156
2022-01-13 00:37:47.382219 [hotstuff info] 0.591147
2022-01-13 00:37:47.382230 [hotstuff info] 0.591144
2022-01-13 00:37:47.382240 [hotstuff info] 0.591140
2022-01-13 00:37:47.382251 [hotstuff info] 0.591138
2022-01-13 00:37:47.382261 [hotstuff info] 0.591135
2022-01-13 00:37:47.382271 [hotstuff info] 0.591132
2022-01-13 00:37:47.382282 [hotstuff info] 0.591127
2022-01-13 00:37:47.382293 [hotstuff info] 0.591124
2022-01-13 00:37:47.382303 [hotstuff info] 0.591120
2022-01-13 00:37:47.382314 [hotstuff info] 0.591117
2022-01-13 00:37:47.382324 [hotstuff info] 0.591114
2022-01-13 00:37:47.382335 [hotstuff info] 0.591110
2022-01-13 00:37:47.382345 [hotstuff info] 0.591106
2022-01-13 00:37:47.382355 [hotstuff info] 0.591099
2022-01-13 00:37:47.382365 [hotstuff info] 0.591095
2022-01-13 00:37:47.382375 [hotstuff info] 0.591091
2022-01-13 00:37:47.382384 [hotstuff info] 0.591085
2022-01-13 00:37:47.382395 [hotstuff info] 0.591082
2022-01-13 00:37:47.382404 [hotstuff info] 0.591077
2022-01-13 00:37:47.382415 [hotstuff info] 0.591074
2022-01-13 00:37:47.428831 [hotstuff info] 0.637474
2022-01-13 00:37:47.428869 [hotstuff info] 0.637498
2022-01-13 00:37:47.428878 [hotstuff info] 0.637493
2022-01-13 00:37:47.428886 [hotstuff info] 0.637486
2022-01-13 00:37:47.428894 [hotstuff info] 0.637480
2022-01-13 00:37:47.431540 [hotstuff info] 0.640111
2022-01-13 00:37:47.431567 [hotstuff info] 0.640125
2022-01-13 00:37:47.431582 [hotstuff info] 0.640118
2022-01-13 00:37:47.431593 [hotstuff info] 0.640112
2022-01-13 00:37:47.431607 [hotstuff info] 0.640112
2022-01-13 00:37:47.431621 [hotstuff info] 0.640106
2022-01-13 00:37:47.431630 [hotstuff info] 0.640108
2022-01-13 00:37:47.431642 [hotstuff info] 0.640105
2022-01-13 00:37:47.433056 [hotstuff info] 0.641504
2022-01-13 00:37:47.433077 [hotstuff info] 0.641512
2022-01-13 00:37:47.433087 [hotstuff info] 0.641504
2022-01-13 00:37:47.433093 [hotstuff info] 0.641497
2022-01-13 00:37:47.433101 [hotstuff info] 0.641489
2022-01-13 00:37:47.433107 [hotstuff info] 0.641474
2022-01-13 00:37:47.433115 [hotstuff info] 0.641469
2022-01-13 00:37:47.433123 [hotstuff info] 0.641462
2022-01-13 00:37:47.433131 [hotstuff info] 0.641456
2022-01-13 00:37:47.433137 [hotstuff info] 0.641446
2022-01-13 00:37:47.433144 [hotstuff info] 0.641439
2022-01-13 00:37:47.433150 [hotstuff info] 0.641432
2022-01-13 00:37:47.433158 [hotstuff info] 0.641424
2022-01-13 00:37:47.433165 [hotstuff info] 0.641417
2022-01-13 00:37:47.433172 [hotstuff info] 0.641410
2022-01-13 00:37:47.433178 [hotstuff info] 0.641404
2022-01-13 00:37:47.433186 [hotstuff info] 0.641394
2022-01-13 00:37:47.433207 [hotstuff info] 0.641401
2022-01-13 00:37:47.433215 [hotstuff info] 0.641396
2022-01-13 00:37:47.433222 [hotstuff info] 0.641389
2022-01-13 00:37:47.433233 [hotstuff info] 0.641385
2022-01-13 00:37:47.433240 [hotstuff info] 0.641379
2022-01-13 00:37:47.433248 [hotstuff info] 0.641371
2022-01-13 00:37:47.433254 [hotstuff info] 0.641362
2022-01-13 00:37:47.433261 [hotstuff info] 0.641355
2022-01-13 00:37:47.433268 [hotstuff info] 0.641347
2022-01-13 00:37:47.433275 [hotstuff info] 0.641339
2022-01-13 00:37:47.433282 [hotstuff info] 0.641332
2022-01-13 00:37:47.433289 [hotstuff info] 0.641325
2022-01-13 00:37:47.433295 [hotstuff info] 0.641317
2022-01-13 00:37:47.433302 [hotstuff info] 0.641305
2022-01-13 00:37:47.433309 [hotstuff info] 0.641297
2022-01-13 00:37:47.433317 [hotstuff info] 0.641291
2022-01-13 00:37:47.433323 [hotstuff info] 0.641284
2022-01-13 00:37:47.433331 [hotstuff info] 0.641277
2022-01-13 00:37:47.433338 [hotstuff info] 0.641270
2022-01-13 00:37:47.433344 [hotstuff info] 0.641263
2022-01-13 00:37:47.433350 [hotstuff info] 0.641251
2022-01-13 00:37:47.433357 [hotstuff info] 0.641243
2022-01-13 00:37:47.433363 [hotstuff info] 0.641234
2022-01-13 00:37:47.433369 [hotstuff info] 0.641227
2022-01-13 00:37:47.433376 [hotstuff info] 0.641219
2022-01-13 00:37:47.433383 [hotstuff info] 0.641213
2022-01-13 00:37:47.433390 [hotstuff info] 0.641205
2022-01-13 00:37:47.433397 [hotstuff info] 0.641198
2022-01-13 00:37:47.433404 [hotstuff info] 0.641190
2022-01-13 00:37:47.433411 [hotstuff info] 0.641183
2022-01-13 00:37:47.433417 [hotstuff info] 0.641177
2022-01-13 00:37:47.433425 [hotstuff info] 0.641171
2022-01-13 00:37:47.433432 [hotstuff info] 0.641165
2022-01-13 00:37:47.433440 [hotstuff info] 0.641158
2022-01-13 00:37:47.433446 [hotstuff info] 0.641151
2022-01-13 00:37:47.433453 [hotstuff info] 0.641141
2022-01-13 00:37:47.433460 [hotstuff info] 0.641135
2022-01-13 00:37:47.433467 [hotstuff info] 0.641128
2022-01-13 00:37:47.433474 [hotstuff info] 0.641115
2022-01-13 00:37:47.433481 [hotstuff info] 0.641110
2022-01-13 00:37:47.433488 [hotstuff info] 0.641102
2022-01-13 00:37:47.433494 [hotstuff info] 0.641094
2022-01-13 00:37:47.433501 [hotstuff info] 0.641087
2022-01-13 00:37:47.433507 [hotstuff info] 0.641079
2022-01-13 00:37:47.433514 [hotstuff info] 0.641071
2022-01-13 00:37:47.433521 [hotstuff info] 0.641065
2022-01-13 00:37:47.913476 [hotstuff info] 0.532373
2022-01-13 00:37:47.913508 [hotstuff info] 0.532382
2022-01-13 00:37:47.913519 [hotstuff info] 0.532378
2022-01-13 00:37:47.913750 [hotstuff info] 0.532593
2022-01-13 00:37:47.913767 [hotstuff info] 0.532593
2022-01-13 00:37:47.913775 [hotstuff info] 0.532585
2022-01-13 00:37:47.913781 [hotstuff info] 0.532581
2022-01-13 00:37:47.913789 [hotstuff info] 0.532568
2022-01-13 00:37:47.913796 [hotstuff info] 0.532558
2022-01-13 00:37:47.913803 [hotstuff info] 0.532553
2022-01-13 00:37:47.913810 [hotstuff info] 0.532545
2022-01-13 00:37:47.913818 [hotstuff info] 0.532542
2022-01-13 00:37:47.913823 [hotstuff info] 0.532532
2022-01-13 00:37:47.913830 [hotstuff info] 0.532528
2022-01-13 00:37:47.913837 [hotstuff info] 0.532523
2022-01-13 00:37:47.913844 [hotstuff info] 0.532518
2022-01-13 00:37:47.913850 [hotstuff info] 0.532510
2022-01-13 00:37:47.913856 [hotstuff info] 0.532503
2022-01-13 00:37:47.913862 [hotstuff info] 0.532498
2022-01-13 00:37:47.913870 [hotstuff info] 0.532489
2022-01-13 00:37:47.913876 [hotstuff info] 0.532485
2022-01-13 00:37:47.913882 [hotstuff info] 0.532479
2022-01-13 00:37:47.913889 [hotstuff info] 0.532476
2022-01-13 00:37:47.913895 [hotstuff info] 0.532468
2022-01-13 00:37:47.913902 [hotstuff info] 0.532459
2022-01-13 00:37:47.913909 [hotstuff info] 0.532442
2022-01-13 00:37:47.913915 [hotstuff info] 0.532430
2022-01-13 00:37:47.913921 [hotstuff info] 0.532424
2022-01-13 00:37:47.913927 [hotstuff info] 0.532416
2022-01-13 00:37:47.913934 [hotstuff info] 0.532411
2022-01-13 00:37:47.913940 [hotstuff info] 0.532398
2022-01-13 00:37:47.913946 [hotstuff info] 0.532392
2022-01-13 00:37:47.913952 [hotstuff info] 0.532352
2022-01-13 00:37:47.913959 [hotstuff info] 0.532335
2022-01-13 00:37:47.913965 [hotstuff info] 0.532321
2022-01-13 00:37:47.913972 [hotstuff info] 0.532312
2022-01-13 00:37:47.913977 [hotstuff info] 0.532307
2022-01-13 00:37:47.914356 [hotstuff info] 0.532674
2022-01-13 00:37:47.914371 [hotstuff info] 0.532679
2022-01-13 00:37:47.914378 [hotstuff info] 0.532675
2022-01-13 00:37:47.914385 [hotstuff info] 0.532673
2022-01-13 00:37:47.914391 [hotstuff info] 0.532670
2022-01-13 00:37:47.914397 [hotstuff info] 0.532667
2022-01-13 00:37:47.914404 [hotstuff info] 0.532664
2022-01-13 00:37:47.914411 [hotstuff info] 0.532662
2022-01-13 00:37:47.914417 [hotstuff info] 0.532656
2022-01-13 00:37:47.914424 [hotstuff info] 0.532653
2022-01-13 00:37:47.914430 [hotstuff info] 0.532651
2022-01-13 00:37:47.914436 [hotstuff info] 0.532648
2022-01-13 00:37:47.914442 [hotstuff info] 0.532643
2022-01-13 00:37:47.914449 [hotstuff info] 0.532640
2022-01-13 00:37:47.914456 [hotstuff info] 0.532631
2022-01-13 00:37:47.914462 [hotstuff info] 0.532616
2022-01-13 00:37:47.914468 [hotstuff info] 0.532612
2022-01-13 00:37:47.914474 [hotstuff info] 0.532608
2022-01-13 00:37:47.914481 [hotstuff info] 0.532591
2022-01-13 00:37:47.914487 [hotstuff info] 0.532587
2022-01-13 00:37:47.914493 [hotstuff info] 0.532583
2022-01-13 00:37:47.965462 [hotstuff info] 0.583541
2022-01-13 00:37:47.965484 [hotstuff info] 0.583553
2022-01-13 00:37:47.965494 [hotstuff info] 0.583554
2022-01-13 00:37:47.965502 [hotstuff info] 0.583552
2022-01-13 00:37:47.965510 [hotstuff info] 0.583549
2022-01-13 00:37:47.965516 [hotstuff info] 0.583545
2022-01-13 00:37:47.965523 [hotstuff info] 0.583537
2022-01-13 00:37:47.965530 [hotstuff info] 0.583535
2022-01-13 00:37:47.965536 [hotstuff info] 0.583524
2022-01-13 00:37:47.965543 [hotstuff info] 0.583464
2022-01-13 00:37:47.965551 [hotstuff info] 0.583461
2022-01-13 00:37:47.965557 [hotstuff info] 0.583452
2022-01-13 00:37:47.965564 [hotstuff info] 0.583444
2022-01-13 00:37:47.965571 [hotstuff info] 0.583441
2022-01-13 00:37:47.965577 [hotstuff info] 0.583432
2022-01-13 00:37:47.965584 [hotstuff info] 0.583420
2022-01-13 00:37:47.965590 [hotstuff info] 0.583413
2022-01-13 00:37:47.965597 [hotstuff info] 0.583410
2022-01-13 00:37:47.965604 [hotstuff info] 0.583406
2022-01-13 00:37:47.965610 [hotstuff info] 0.583402
2022-01-13 00:37:47.965617 [hotstuff info] 0.583399
2022-01-13 00:37:47.965623 [hotstuff info] 0.583395
2022-01-13 00:37:47.965631 [hotstuff info] 0.583392
2022-01-13 00:37:47.965637 [hotstuff info] 0.583387
2022-01-13 00:37:47.965657 [hotstuff info] 0.583397
2022-01-13 00:37:47.965664 [hotstuff info] 0.583394
2022-01-13 00:37:47.965670 [hotstuff info] 0.583389
2022-01-13 00:37:47.965676 [hotstuff info] 0.583385
2022-01-13 00:37:47.965682 [hotstuff info] 0.583380
2022-01-13 00:37:47.965689 [hotstuff info] 0.583376
2022-01-13 00:37:47.965695 [hotstuff info] 0.583372
2022-01-13 00:37:47.965701 [hotstuff info] 0.583368
2022-01-13 00:37:47.965707 [hotstuff info] 0.583364
2022-01-13 00:37:47.965714 [hotstuff info] 0.583360
2022-01-13 00:37:47.965720 [hotstuff info] 0.583356
2022-01-13 00:37:47.965727 [hotstuff info] 0.583354
2022-01-13 00:37:47.965733 [hotstuff info] 0.583350
2022-01-13 00:37:47.965740 [hotstuff info] 0.583346
2022-01-13 00:37:47.965746 [hotstuff info] 0.583343
2022-01-13 00:37:47.965753 [hotstuff info] 0.583339
2022-01-13 00:37:47.965759 [hotstuff info] 0.583335
2022-01-13 00:37:48.046840 [hotstuff info] 0.617972
2022-01-13 00:37:48.046878 [hotstuff info] 0.618002
2022-01-13 00:37:48.046886 [hotstuff info] 0.618002
2022-01-13 00:37:48.046893 [hotstuff info] 0.618001
2022-01-13 00:37:48.046900 [hotstuff info] 0.617999
2022-01-13 00:37:48.047162 [hotstuff info] 0.615597
2022-01-13 00:37:48.047179 [hotstuff info] 0.615598
2022-01-13 00:37:48.047186 [hotstuff info] 0.615594
2022-01-13 00:37:48.047193 [hotstuff info] 0.615587
2022-01-13 00:37:48.047199 [hotstuff info] 0.615585
2022-01-13 00:37:48.047206 [hotstuff info] 0.615576
2022-01-13 00:37:48.047212 [hotstuff info] 0.615571
2022-01-13 00:37:48.047218 [hotstuff info] 0.615567
2022-01-13 00:37:48.047224 [hotstuff info] 0.614148
2022-01-13 00:37:48.047230 [hotstuff info] 0.614144
2022-01-13 00:37:48.047236 [hotstuff info] 0.614143
2022-01-13 00:37:48.047243 [hotstuff info] 0.614142
2022-01-13 00:37:48.047249 [hotstuff info] 0.614142
2022-01-13 00:37:48.047256 [hotstuff info] 0.614141
2022-01-13 00:37:48.047262 [hotstuff info] 0.614140
2022-01-13 00:37:48.047268 [hotstuff info] 0.614139
2022-01-13 00:37:48.047575 [hotstuff info] 0.614439
2022-01-13 00:37:48.047593 [hotstuff info] 0.614450
2022-01-13 00:37:48.047600 [hotstuff info] 0.614450
2022-01-13 00:37:48.047607 [hotstuff info] 0.614450
2022-01-13 00:37:48.047614 [hotstuff info] 0.614450
2022-01-13 00:37:48.047621 [hotstuff info] 0.614450
2022-01-13 00:37:48.047626 [hotstuff info] 0.614449
2022-01-13 00:37:48.047634 [hotstuff info] 0.614449
2022-01-13 00:37:48.047640 [hotstuff info] 0.614434
2022-01-13 00:37:48.047647 [hotstuff info] 0.614434
2022-01-13 00:37:48.047654 [hotstuff info] 0.614433
2022-01-13 00:37:48.047661 [hotstuff info] 0.614430
2022-01-13 00:37:48.047667 [hotstuff info] 0.614428
2022-01-13 00:37:48.047674 [hotstuff info] 0.614427
2022-01-13 00:37:48.047680 [hotstuff info] 0.614427
2022-01-13 00:37:48.047686 [hotstuff info] 0.614426
2022-01-13 00:37:48.047692 [hotstuff info] 0.614426
2022-01-13 00:37:48.047699 [hotstuff info] 0.614426
2022-01-13 00:37:48.047705 [hotstuff info] 0.614424
2022-01-13 00:37:48.047711 [hotstuff info] 0.614423
2022-01-13 00:37:48.047717 [hotstuff info] 0.614422
2022-01-13 00:37:48.047723 [hotstuff info] 0.614422
2022-01-13 00:37:48.047731 [hotstuff info] 0.614423
2022-01-13 00:37:48.047741 [hotstuff info] 0.614425
2022-01-13 00:37:48.047752 [hotstuff info] 0.614429
2022-01-13 00:37:48.047762 [hotstuff info] 0.614432
2022-01-13 00:37:48.047772 [hotstuff info] 0.614435
2022-01-13 00:37:48.047783 [hotstuff info] 0.614439
2022-01-13 00:37:48.047793 [hotstuff info] 0.614443
2022-01-13 00:37:48.047805 [hotstuff info] 0.614448
2022-01-13 00:37:48.047815 [hotstuff info] 0.614453
2022-01-13 00:37:48.047825 [hotstuff info] 0.614456
2022-01-13 00:37:48.047835 [hotstuff info] 0.614460
2022-01-13 00:37:48.047845 [hotstuff info] 0.614462
2022-01-13 00:37:48.047855 [hotstuff info] 0.614466
2022-01-13 00:37:48.047866 [hotstuff info] 0.614470
2022-01-13 00:37:48.047876 [hotstuff info] 0.614473
2022-01-13 00:37:48.047887 [hotstuff info] 0.614477
2022-01-13 00:37:48.047897 [hotstuff info] 0.614480
2022-01-13 00:37:48.047908 [hotstuff info] 0.614483
2022-01-13 00:37:48.047918 [hotstuff info] 0.614487
2022-01-13 00:37:48.047929 [hotstuff info] 0.614491
2022-01-13 00:37:48.047940 [hotstuff info] 0.614494
2022-01-13 00:37:48.047952 [hotstuff info] 0.614501
2022-01-13 00:37:48.047962 [hotstuff info] 0.614504
2022-01-13 00:37:48.047969 [hotstuff info] 0.614504
2022-01-13 00:37:48.047976 [hotstuff info] 0.614502
2022-01-13 00:37:48.047983 [hotstuff info] 0.614502
2022-01-13 00:37:48.047989 [hotstuff info] 0.614502
2022-01-13 00:37:48.047996 [hotstuff info] 0.614502
2022-01-13 00:37:48.048002 [hotstuff info] 0.614501
2022-01-13 00:37:48.048009 [hotstuff info] 0.614502
2022-01-13 00:37:48.048015 [hotstuff info] 0.614502
2022-01-13 00:37:48.048021 [hotstuff info] 0.614502
2022-01-13 00:37:48.048028 [hotstuff info] 0.614502
2022-01-13 00:37:48.580521 [hotstuff info] 0.667014
2022-01-13 00:37:48.580564 [hotstuff info] 0.667045
2022-01-13 00:37:48.580578 [hotstuff info] 0.667050
2022-01-13 00:37:48.580627 [hotstuff info] 0.666861
2022-01-13 00:37:48.580769 [hotstuff info] 0.666995
2022-01-13 00:37:48.580786 [hotstuff info] 0.667007
2022-01-13 00:37:48.580795 [hotstuff info] 0.667008
2022-01-13 00:37:48.580802 [hotstuff info] 0.667008
2022-01-13 00:37:48.580809 [hotstuff info] 0.667008
2022-01-13 00:37:48.580815 [hotstuff info] 0.667007
2022-01-13 00:37:48.580823 [hotstuff info] 0.667006
2022-01-13 00:37:48.580830 [hotstuff info] 0.667007
2022-01-13 00:37:48.580837 [hotstuff info] 0.667007
2022-01-13 00:37:48.580843 [hotstuff info] 0.667008
2022-01-13 00:37:48.580852 [hotstuff info] 0.667009
2022-01-13 00:37:48.580858 [hotstuff info] 0.667010
2022-01-13 00:37:48.580865 [hotstuff info] 0.667010
2022-01-13 00:37:48.580873 [hotstuff info] 0.667011
2022-01-13 00:37:48.580880 [hotstuff info] 0.667011
2022-01-13 00:37:48.580886 [hotstuff info] 0.667012
2022-01-13 00:37:48.580894 [hotstuff info] 0.667014
2022-01-13 00:37:48.581179 [hotstuff info] 0.667292
2022-01-13 00:37:48.581197 [hotstuff info] 0.667302
2022-01-13 00:37:48.581206 [hotstuff info] 0.667305
2022-01-13 00:37:48.581213 [hotstuff info] 0.667306
2022-01-13 00:37:48.581220 [hotstuff info] 0.667307
2022-01-13 00:37:48.581227 [hotstuff info] 0.667307
2022-01-13 00:37:48.581234 [hotstuff info] 0.667307
2022-01-13 00:37:48.581242 [hotstuff info] 0.667309
2022-01-13 00:37:48.581248 [hotstuff info] 0.667310
2022-01-13 00:37:48.581256 [hotstuff info] 0.667310
2022-01-13 00:37:48.581262 [hotstuff info] 0.667311
2022-01-13 00:37:48.581270 [hotstuff info] 0.667312
2022-01-13 00:37:48.581276 [hotstuff info] 0.667311
2022-01-13 00:37:48.581282 [hotstuff info] 0.667312
2022-01-13 00:37:48.581289 [hotstuff info] 0.667313
2022-01-13 00:37:48.581296 [hotstuff info] 0.667313
2022-01-13 00:37:48.581303 [hotstuff info] 0.666933
2022-01-13 00:37:48.581316 [hotstuff info] 0.666940
2022-01-13 00:37:48.581324 [hotstuff info] 0.666940
2022-01-13 00:37:48.628496 [hotstuff info] 0.714105
2022-01-13 00:37:48.628521 [hotstuff info] 0.714125
2022-01-13 00:37:48.628530 [hotstuff info] 0.714127
2022-01-13 00:37:48.628537 [hotstuff info] 0.714126
2022-01-13 00:37:48.628545 [hotstuff info] 0.714129
2022-01-13 00:37:48.628553 [hotstuff info] 0.714130
2022-01-13 00:37:48.629048 [hotstuff info] 0.714618
2022-01-13 00:37:48.629069 [hotstuff info] 0.714633
2022-01-13 00:37:48.629077 [hotstuff info] 0.714636
2022-01-13 00:37:48.629085 [hotstuff info] 0.714636
2022-01-13 00:37:48.629093 [hotstuff info] 0.714638
2022-01-13 00:37:48.629100 [hotstuff info] 0.714638
2022-01-13 00:37:48.629108 [hotstuff info] 0.714641
2022-01-13 00:37:48.629116 [hotstuff info] 0.714642
2022-01-13 00:37:48.629122 [hotstuff info] 0.714643
2022-01-13 00:37:48.629276 [hotstuff info] 0.714790
2022-01-13 00:37:48.629296 [hotstuff info] 0.714804
2022-01-13 00:37:48.629303 [hotstuff info] 0.714804
2022-01-13 00:37:48.713527 [hotstuff info] 0.748043
2022-01-13 00:37:48.713559 [hotstuff info] 0.748067
2022-01-13 00:37:48.713568 [hotstuff info] 0.748066
2022-01-13 00:37:48.713575 [hotstuff info] 0.748067
2022-01-13 00:37:48.713583 [hotstuff info] 0.748068
2022-01-13 00:37:48.713593 [hotstuff info] 0.748072
2022-01-13 00:37:48.713604 [hotstuff info] 0.748074
2022-01-13 00:37:48.713614 [hotstuff info] 0.748078
2022-01-13 00:37:48.713626 [hotstuff info] 0.748083
2022-01-13 00:37:48.713636 [hotstuff info] 0.748087
2022-01-13 00:37:48.713647 [hotstuff info] 0.748090
2022-01-13 00:37:48.713656 [hotstuff info] 0.748092
2022-01-13 00:37:48.713668 [hotstuff info] 0.748099
2022-01-13 00:37:48.713678 [hotstuff info] 0.748102
2022-01-13 00:37:48.713689 [hotstuff info] 0.748107
2022-01-13 00:37:48.713700 [hotstuff info] 0.748112
2022-01-13 00:37:48.713712 [hotstuff info] 0.748115
2022-01-13 00:37:48.713724 [hotstuff info] 0.748121
2022-01-13 00:37:48.713735 [hotstuff info] 0.748125
2022-01-13 00:37:48.713746 [hotstuff info] 0.748131
2022-01-13 00:37:48.714140 [hotstuff info] 0.748517
2022-01-13 00:37:48.714170 [hotstuff info] 0.748540
2022-01-13 00:37:48.714184 [hotstuff info] 0.748547
2022-01-13 00:37:48.714193 [hotstuff info] 0.748537
2022-01-13 00:37:48.714204 [hotstuff info] 0.748540
2022-01-13 00:37:48.714214 [hotstuff info] 0.748544
2022-01-13 00:37:48.714227 [hotstuff info] 0.748551
2022-01-13 00:37:48.714238 [hotstuff info] 0.748557
2022-01-13 00:37:48.714249 [hotstuff info] 0.748561
2022-01-13 00:37:48.714260 [hotstuff info] 0.748566
2022-01-13 00:37:48.714270 [hotstuff info] 0.748569
2022-01-13 00:37:48.714282 [hotstuff info] 0.748575
2022-01-13 00:37:48.714294 [hotstuff info] 0.748581
2022-01-13 00:37:48.714303 [hotstuff info] 0.748585
2022-01-13 00:37:48.714315 [hotstuff info] 0.748588
2022-01-13 00:37:48.714324 [hotstuff info] 0.748592
2022-01-13 00:37:48.714337 [hotstuff info] 0.748598
2022-01-13 00:37:48.714347 [hotstuff info] 0.748603
2022-01-13 00:37:48.714360 [hotstuff info] 0.748608
2022-01-13 00:37:48.714371 [hotstuff info] 0.748613
2022-01-13 00:37:48.714382 [hotstuff info] 0.748618
2022-01-13 00:37:48.714393 [hotstuff info] 0.667516
2022-01-13 00:37:48.714403 [hotstuff info] 0.667517
2022-01-13 00:37:48.714415 [hotstuff info] 0.667522
2022-01-13 00:37:48.714427 [hotstuff info] 0.667527
2022-01-13 00:37:48.714439 [hotstuff info] 0.667532
2022-01-13 00:37:48.714452 [hotstuff info] 0.667274
2022-01-13 00:37:48.714463 [hotstuff info] 0.667278
2022-01-13 00:37:48.714473 [hotstuff info] 0.667281
2022-01-13 00:37:48.714483 [hotstuff info] 0.667285
2022-01-13 00:37:48.714495 [hotstuff info] 0.667290
2022-01-13 00:37:48.714505 [hotstuff info] 0.667294
2022-01-13 00:37:48.714516 [hotstuff info] 0.667298
2022-01-13 00:37:48.714526 [hotstuff info] 0.667303
2022-01-13 00:37:48.714538 [hotstuff info] 0.667309
2022-01-13 00:37:48.714548 [hotstuff info] 0.667313
2022-01-13 00:37:48.714561 [hotstuff info] 0.667319
2022-01-13 00:37:48.714571 [hotstuff info] 0.667324
2022-01-13 00:37:48.714584 [hotstuff info] 0.667329
2022-01-13 00:37:48.714593 [hotstuff info] 0.667332
2022-01-13 00:37:48.714606 [hotstuff info] 0.667338
2022-01-13 00:37:48.714617 [hotstuff info] 0.667344
2022-01-13 00:37:48.714629 [hotstuff info] 0.667037
2022-01-13 00:37:48.715013 [hotstuff info] 0.667414
2022-01-13 00:37:48.715033 [hotstuff info] 0.667428
2022-01-13 00:37:48.715042 [hotstuff info] 0.667429
2022-01-13 00:37:48.715049 [hotstuff info] 0.667430
2022-01-13 00:37:48.715059 [hotstuff info] 0.667434
2022-01-13 00:37:48.715067 [hotstuff info] 0.667435
2022-01-13 00:37:48.715075 [hotstuff info] 0.667436
2022-01-13 00:37:48.715082 [hotstuff info] 0.667435
2022-01-13 00:37:48.715088 [hotstuff info] 0.667434
2022-01-13 00:37:48.715096 [hotstuff info] 0.667435
2022-01-13 00:37:48.715102 [hotstuff info] 0.667436
2022-01-13 00:37:48.715110 [hotstuff info] 0.667437
2022-01-13 00:37:48.715120 [hotstuff info] 0.667440
2022-01-13 00:37:48.715127 [hotstuff info] 0.667442
2022-01-13 00:37:48.715136 [hotstuff info] 0.667445
2022-01-13 00:37:48.715144 [hotstuff info] 0.667445
2022-01-13 00:37:48.715150 [hotstuff info] 0.667446
2022-01-13 00:37:48.715157 [hotstuff info] 0.667448
2022-01-13 00:37:48.715164 [hotstuff info] 0.667448
2022-01-13 00:37:48.715170 [hotstuff info] 0.667448
2022-01-13 00:37:48.715176 [hotstuff info] 0.667447
2022-01-13 00:37:48.715183 [hotstuff info] 0.667444
2022-01-13 00:37:48.715190 [hotstuff info] 0.667439
2022-01-13 00:37:48.715198 [hotstuff info] 0.667437
2022-01-13 00:37:48.715204 [hotstuff info] 0.667433
2022-01-13 00:37:48.715211 [hotstuff info] 0.667429
2022-01-13 00:37:48.715217 [hotstuff info] 0.667426
2022-01-13 00:37:48.715224 [hotstuff info] 0.667421
2022-01-13 00:37:48.715230 [hotstuff info] 0.667418
2022-01-13 00:37:48.715238 [hotstuff info] 0.667414
2022-01-13 00:37:48.715244 [hotstuff info] 0.667410
2022-01-13 00:37:48.715251 [hotstuff info] 0.667408
2022-01-13 00:37:48.715257 [hotstuff info] 0.667404
2022-01-13 00:37:48.715265 [hotstuff info] 0.667400
2022-01-13 00:37:48.715271 [hotstuff info] 0.667396
2022-01-13 00:37:48.715278 [hotstuff info] 0.667393
2022-01-13 00:37:48.715285 [hotstuff info] 0.667389
2022-01-13 00:37:48.715292 [hotstuff info] 0.667385
2022-01-13 00:37:48.715298 [hotstuff info] 0.667381
2022-01-13 00:37:48.715305 [hotstuff info] 0.667377
2022-01-13 00:37:48.715311 [hotstuff info] 0.667373
2022-01-13 00:37:48.846456 [hotstuff info] 0.798505
2022-01-13 00:37:48.846524 [hotstuff info] 0.798563
2022-01-13 00:37:48.846539 [hotstuff info] 0.798570
2022-01-13 00:37:48.846552 [hotstuff info] 0.798577
2022-01-13 00:37:48.846566 [hotstuff info] 0.798584
2022-01-13 00:37:48.846578 [hotstuff info] 0.798590
2022-01-13 00:37:48.846591 [hotstuff info] 0.798596
2022-01-13 00:37:48.846600 [hotstuff info] 0.798600
2022-01-13 00:37:48.846614 [hotstuff info] 0.798605
2022-01-13 00:37:48.846627 [hotstuff info] 0.798613
2022-01-13 00:37:48.846639 [hotstuff info] 0.798618
2022-01-13 00:37:48.846649 [hotstuff info] 0.798622
2022-01-13 00:37:48.846661 [hotstuff info] 0.798626
2022-01-13 00:37:49.247091 [hotstuff info] 0.666528
2022-01-13 00:37:49.247124 [hotstuff info] 0.666548
2022-01-13 00:37:49.247136 [hotstuff info] 0.666551
2022-01-13 00:37:49.247146 [hotstuff info] 0.666510
2022-01-13 00:37:49.247298 [hotstuff info] 0.666513
2022-01-13 00:37:49.247316 [hotstuff info] 0.666523
2022-01-13 00:37:49.247323 [hotstuff info] 0.666521
2022-01-13 00:37:49.247340 [hotstuff info] 0.666531
2022-01-13 00:37:49.247348 [hotstuff info] 0.666533
2022-01-13 00:37:49.247356 [hotstuff info] 0.666534
2022-01-13 00:37:49.247363 [hotstuff info] 0.666535
2022-01-13 00:37:49.247372 [hotstuff info] 0.666536
2022-01-13 00:37:49.247378 [hotstuff info] 0.666535
2022-01-13 00:37:49.247387 [hotstuff info] 0.666537
2022-01-13 00:37:49.247394 [hotstuff info] 0.666536
2022-01-13 00:37:49.247402 [hotstuff info] 0.666538
2022-01-13 00:37:49.247411 [hotstuff info] 0.666539
2022-01-13 00:37:49.247418 [hotstuff info] 0.666540
2022-01-13 00:37:49.247424 [hotstuff info] 0.666538
2022-01-13 00:37:49.247432 [hotstuff info] 0.666539
2022-01-13 00:37:49.247439 [hotstuff info] 0.666540
2022-01-13 00:37:49.247703 [hotstuff info] 0.666507
2022-01-13 00:37:49.247726 [hotstuff info] 0.666521
2022-01-13 00:37:49.247737 [hotstuff info] 0.666525
2022-01-13 00:37:49.247744 [hotstuff info] 0.666525
2022-01-13 00:37:49.247751 [hotstuff info] 0.666526
2022-01-13 00:37:49.247758 [hotstuff info] 0.666525
2022-01-13 00:37:49.247767 [hotstuff info] 0.666527
2022-01-13 00:37:49.247776 [hotstuff info] 0.666528
2022-01-13 00:37:49.247785 [hotstuff info] 0.666530
2022-01-13 00:37:49.247791 [hotstuff info] 0.666530
2022-01-13 00:37:49.247809 [hotstuff info] 0.666541
2022-01-13 00:37:49.247817 [hotstuff info] 0.666542
2022-01-13 00:37:49.247823 [hotstuff info] 0.666541
2022-01-13 00:37:49.247829 [hotstuff info] 0.666540
2022-01-13 00:37:49.247836 [hotstuff info] 0.666542
2022-01-13 00:37:49.247842 [hotstuff info] 0.666541
2022-01-13 00:37:49.247850 [hotstuff info] 0.666540
2022-01-13 00:37:49.247856 [hotstuff info] 0.666533
2022-01-13 00:37:49.247865 [hotstuff info] 0.666535
2022-01-13 00:37:49.247871 [hotstuff info] 0.619351
2022-01-13 00:37:49.247877 [hotstuff info] 0.619348
2022-01-13 00:37:49.247884 [hotstuff info] 0.619349
2022-01-13 00:37:49.247891 [hotstuff info] 0.619346
2022-01-13 00:37:49.379696 [hotstuff info] 0.751144
2022-01-13 00:37:49.379732 [hotstuff info] 0.751173
2022-01-13 00:37:49.379860 [hotstuff info] 0.750792
2022-01-13 00:37:49.379878 [hotstuff info] 0.750802
2022-01-13 00:37:49.379887 [hotstuff info] 0.750803
2022-01-13 00:37:49.379895 [hotstuff info] 0.750804
2022-01-13 00:37:49.379902 [hotstuff info] 0.750803
2022-01-13 00:37:49.379910 [hotstuff info] 0.750802
2022-01-13 00:37:49.379919 [hotstuff info] 0.750805
2022-01-13 00:37:49.379926 [hotstuff info] 0.750805
2022-01-13 00:37:49.379936 [hotstuff info] 0.750808
2022-01-13 00:37:49.379943 [hotstuff info] 0.750649
2022-01-13 00:37:49.379950 [hotstuff info] 0.750648
2022-01-13 00:37:49.379957 [hotstuff info] 0.750647
2022-01-13 00:37:49.380234 [hotstuff info] 0.666676
2022-01-13 00:37:49.380253 [hotstuff info] 0.666686
2022-01-13 00:37:49.380261 [hotstuff info] 0.666686
2022-01-13 00:37:49.380269 [hotstuff info] 0.666688
2022-01-13 00:37:49.380293 [hotstuff info] 0.666702
2022-01-13 00:37:49.380302 [hotstuff info] 0.666700
2022-01-13 00:37:49.380308 [hotstuff info] 0.666696
2022-01-13 00:37:49.380319 [hotstuff info] 0.666695
2022-01-13 00:37:49.380325 [hotstuff info] 0.666690
2022-01-13 00:37:49.380336 [hotstuff info] 0.666690
2022-01-13 00:37:49.380342 [hotstuff info] 0.666688
2022-01-13 00:37:49.380611 [hotstuff info] 0.666944
2022-01-13 00:37:49.380632 [hotstuff info] 0.666955
2022-01-13 00:37:49.380641 [hotstuff info] 0.666954
2022-01-13 00:37:49.380647 [hotstuff info] 0.666949
2022-01-13 00:37:49.380656 [hotstuff info] 0.666946
2022-01-13 00:37:49.380664 [hotstuff info] 0.666942
2022-01-13 00:37:49.380672 [hotstuff info] 0.666938
2022-01-13 00:37:49.380679 [hotstuff info] 0.666934
2022-01-13 00:37:49.380688 [hotstuff info] 0.666931
2022-01-13 00:37:49.380924 [hotstuff info] 0.666755
2022-01-13 00:37:49.380942 [hotstuff info] 0.666759
2022-01-13 00:37:49.380948 [hotstuff info] 0.666756
2022-01-13 00:37:49.380956 [hotstuff info] 0.666753
2022-01-13 00:37:49.380965 [hotstuff info] 0.666752
2022-01-13 00:37:49.380974 [hotstuff info] 0.666749
2022-01-13 00:37:49.380981 [hotstuff info] 0.666745
2022-01-13 00:37:49.380988 [hotstuff info] 0.666740
2022-01-13 00:37:49.380994 [hotstuff info] 0.666736
2022-01-13 00:37:49.381001 [hotstuff info] 0.666733
2022-01-13 00:37:49.381007 [hotstuff info] 0.666727
2022-01-13 00:37:49.381014 [hotstuff info] 0.666723
2022-01-13 00:37:49.381021 [hotstuff info] 0.666720
2022-01-13 00:37:49.381030 [hotstuff info] 0.666717
2022-01-13 00:37:49.381039 [hotstuff info] 0.666716
2022-01-13 00:37:49.381047 [hotstuff info] 0.666712
2022-01-13 00:37:49.381054 [hotstuff info] 0.666708
2022-01-13 00:37:49.381061 [hotstuff info] 0.666702
2022-01-13 00:37:49.381066 [hotstuff info] 0.666697
2022-01-13 00:37:49.381073 [hotstuff info] 0.666693
2022-01-13 00:37:49.381079 [hotstuff info] 0.666688
2022-01-13 00:37:49.381089 [hotstuff info] 0.666687
2022-01-13 00:37:49.381096 [hotstuff info] 0.666683
2022-01-13 00:37:49.381104 [hotstuff info] 0.666678
2022-01-13 00:37:49.381110 [hotstuff info] 0.666672
2022-01-13 00:37:49.381117 [hotstuff info] 0.666668
2022-01-13 00:37:49.381454 [hotstuff info] 0.666992
2022-01-13 00:37:49.381472 [hotstuff info] 0.667001
2022-01-13 00:37:49.381481 [hotstuff info] 0.666999
2022-01-13 00:37:49.381487 [hotstuff info] 0.666995
2022-01-13 00:37:49.381495 [hotstuff info] 0.666991
2022-01-13 00:37:49.381502 [hotstuff info] 0.666988
2022-01-13 00:37:49.381509 [hotstuff info] 0.666985
2022-01-13 00:37:49.381516 [hotstuff info] 0.666979
2022-01-13 00:37:49.381522 [hotstuff info] 0.666976
2022-01-13 00:37:49.381530 [hotstuff info] 0.666970
2022-01-13 00:37:49.381538 [hotstuff info] 0.666968
2022-01-13 00:37:49.381547 [hotstuff info] 0.666966
2022-01-13 00:37:49.381553 [hotstuff info] 0.666961
2022-01-13 00:37:49.381563 [hotstuff info] 0.666959
2022-01-13 00:37:49.381571 [hotstuff info] 0.666955
2022-01-13 00:37:49.381579 [hotstuff info] 0.666952
2022-01-13 00:37:49.381587 [hotstuff info] 0.666950
2022-01-13 00:37:49.512974 [hotstuff info] 0.797942
2022-01-13 00:37:49.513012 [hotstuff info] 0.797971
2022-01-13 00:37:49.513028 [hotstuff info] 0.797979
2022-01-13 00:37:49.513218 [hotstuff info] 0.798160
2022-01-13 00:37:49.513242 [hotstuff info] 0.798175
2022-01-13 00:37:49.513253 [hotstuff info] 0.798180
2022-01-13 00:37:49.513265 [hotstuff info] 0.798184
2022-01-13 00:37:49.513275 [hotstuff info] 0.798188
2022-01-13 00:37:49.513286 [hotstuff info] 0.798192
2022-01-13 00:37:49.513297 [hotstuff info] 0.798195
2022-01-13 00:37:49.513308 [hotstuff info] 0.798200
2022-01-13 00:37:49.513320 [hotstuff info] 0.798201
2022-01-13 00:37:49.513332 [hotstuff info] 0.798205
2022-01-13 00:37:49.513343 [hotstuff info] 0.798207
2022-01-13 00:37:49.513354 [hotstuff info] 0.798211
2022-01-13 00:37:49.513364 [hotstuff info] 0.798215
2022-01-13 00:37:49.513375 [hotstuff info] 0.798218
2022-01-13 00:37:49.513386 [hotstuff info] 0.798223
2022-01-13 00:37:49.513398 [hotstuff info] 0.798229
2022-01-13 00:37:49.513409 [hotstuff info] 0.798233
2022-01-13 00:37:49.513419 [hotstuff info] 0.798236
2022-01-13 00:37:49.513428 [hotstuff info] 0.798239
2022-01-13 00:37:49.513440 [hotstuff info] 0.798243
2022-01-13 00:37:49.513450 [hotstuff info] 0.798247
2022-01-13 00:37:49.513461 [hotstuff info] 0.798251
2022-01-13 00:37:49.513470 [hotstuff info] 0.798254
2022-01-13 00:37:49.513481 [hotstuff info] 0.798258
2022-01-13 00:37:49.513492 [hotstuff info] 0.798262
2022-01-13 00:37:49.513501 [hotstuff info] 0.798265
2022-01-13 00:37:49.513512 [hotstuff info] 0.798269
2022-01-13 00:37:49.513523 [hotstuff info] 0.798272
2022-01-13 00:37:49.513534 [hotstuff info] 0.798277
2022-01-13 00:37:49.513548 [hotstuff info] 0.798284
2022-01-13 00:37:49.513559 [hotstuff info] 0.798288
2022-01-13 00:37:49.513572 [hotstuff info] 0.798294
2022-01-13 00:37:49.513582 [hotstuff info] 0.798298
2022-01-13 00:37:49.513594 [hotstuff info] 0.798303
2022-01-13 00:37:49.513605 [hotstuff info] 0.798309
2022-01-13 00:37:49.513617 [hotstuff info] 0.798313
2022-01-13 00:37:49.513629 [hotstuff info] 0.798319
2022-01-13 00:37:49.513641 [hotstuff info] 0.798325
2022-01-13 00:37:49.514152 [hotstuff info] 0.667628
2022-01-13 00:37:49.514182 [hotstuff info] 0.667645
2022-01-13 00:37:49.514193 [hotstuff info] 0.667642
2022-01-13 00:37:49.514205 [hotstuff info] 0.667640
2022-01-13 00:37:49.514222 [hotstuff info] 0.667646
2022-01-13 00:37:49.514233 [hotstuff info] 0.667644
2022-01-13 00:37:49.514244 [hotstuff info] 0.667645
2022-01-13 00:37:49.514257 [hotstuff info] 0.667644
2022-01-13 00:37:49.514268 [hotstuff info] 0.667642
2022-01-13 00:37:49.514280 [hotstuff info] 0.667642
2022-01-13 00:37:49.514292 [hotstuff info] 0.667644
2022-01-13 00:37:49.514302 [hotstuff info] 0.667643
2022-01-13 00:37:49.514312 [hotstuff info] 0.667643
2022-01-13 00:37:49.913560 [hotstuff info] 0.666439
2022-01-13 00:37:49.913592 [hotstuff info] 0.666458
2022-01-13 00:37:49.913602 [hotstuff info] 0.666457
2022-01-13 00:37:49.913753 [hotstuff info] 0.666600
2022-01-13 00:37:49.913773 [hotstuff info] 0.666459
2022-01-13 00:37:49.913806 [hotstuff info] 0.666484
2022-01-13 00:37:49.913816 [hotstuff info] 0.666486
2022-01-13 00:37:49.913824 [hotstuff info] 0.666478
2022-01-13 00:37:49.913833 [hotstuff info] 0.666478
2022-01-13 00:37:49.913841 [hotstuff info] 0.666478
2022-01-13 00:37:49.913849 [hotstuff info] 0.666478
