2022-01-13 00:37:46.834479 [net info] starting all threads...
2022-01-13 00:37:46.834612 [net warn] ignoring option name in conf file: block-size
2022-01-13 00:37:46.834621 [net warn] ignoring option name in conf file: nworker
2022-01-13 00:37:46.834625 [net warn] ignoring option name in conf file: repnworker
2022-01-13 00:37:46.834629 [net warn] ignoring option name in conf file: clinworker
2022-01-13 00:37:46.834633 [net warn] ignoring option name in conf file: repburst
2022-01-13 00:37:46.834637 [net warn] ignoring option name in conf file: cliburst
2022-01-13 00:37:46.834641 [net warn] ignoring option name in conf file: pace-maker
2022-01-13 00:37:46.834654 [net info] loaded configuration from hotstuff.conf
2022-01-13 00:37:46.834727 [hotstuff info] nfaulty = 3
2022-01-13 00:37:46.834949 [net info] created <Conn fd=11 addr=<NetAddr 18.188.17.142:20000> mode=active>
2022-01-13 00:37:46.835165 [net info] created <Conn fd=19 addr=<NetAddr 3.142.114.174:20000> mode=active>
2022-01-13 00:37:46.835195 [net info] connected to remote <Conn fd=11 addr=<NetAddr 18.188.17.142:20000> mode=active>
2022-01-13 00:37:46.835380 [net info] created <Conn fd=21 addr=<NetAddr 52.79.253.61:20000> mode=active>
2022-01-13 00:37:46.835567 [net info] created <Conn fd=23 addr=<NetAddr 3.36.103.56:20000> mode=active>
2022-01-13 00:37:46.835754 [net info] created <Conn fd=25 addr=<NetAddr 54.93.131.236:20000> mode=active>
2022-01-13 00:37:46.835767 [net info] connected to remote <Conn fd=19 addr=<NetAddr 3.142.114.174:20000> mode=active>
2022-01-13 00:37:46.836002 [net info] created <Conn fd=27 addr=<NetAddr 3.120.147.128:20000> mode=active>
2022-01-13 00:37:46.836189 [net info] created <Conn fd=29 addr=<NetAddr 54.215.140.88:20000> mode=active>
2022-01-13 00:37:46.836377 [net info] created <Conn fd=31 addr=<NetAddr 54.193.29.119:20000> mode=active>
2022-01-13 00:37:46.836574 [net info] created <Conn fd=33 addr=<NetAddr 3.112.224.96:20000> mode=active>
2022-01-13 00:37:46.836763 [net info] created <Conn fd=35 addr=<NetAddr 54.95.218.99:20000> mode=active>
2022-01-13 00:37:46.886871 [net info] connected to remote <Conn fd=29 addr=<NetAddr 54.215.140.88:20000> mode=active>
2022-01-13 00:37:46.887126 [net info] connected to remote <Conn fd=31 addr=<NetAddr 54.193.29.119:20000> mode=active>
2022-01-13 00:37:46.935389 [net info] connected to remote <Conn fd=25 addr=<NetAddr 54.93.131.236:20000> mode=active>
2022-01-13 00:37:46.935446 [net info] connected to remote <Conn fd=27 addr=<NetAddr 3.120.147.128:20000> mode=active>
2022-01-13 00:37:46.968061 [net info] connected to remote <Conn fd=35 addr=<NetAddr 54.95.218.99:20000> mode=active>
2022-01-13 00:37:46.968315 [net info] connected to remote <Conn fd=33 addr=<NetAddr 3.112.224.96:20000> mode=active>
2022-01-13 00:37:46.995629 [net info] connected to remote <Conn fd=21 addr=<NetAddr 52.79.253.61:20000> mode=active>
2022-01-13 00:37:46.996136 [net info] connected to remote <Conn fd=23 addr=<NetAddr 3.36.103.56:20000> mode=active>
2022-01-13 00:37:47.646580 [hotstuff info] 0.809764
2022-01-13 00:37:47.646620 [hotstuff info] 0.809793
2022-01-13 00:37:47.646632 [hotstuff info] 0.809796
2022-01-13 00:37:47.646643 [hotstuff info] 0.809798
2022-01-13 00:37:47.646653 [hotstuff info] 0.809799
2022-01-13 00:37:47.646668 [hotstuff info] 0.809805
2022-01-13 00:37:47.646679 [hotstuff info] 0.809807
2022-01-13 00:37:47.646690 [hotstuff info] 0.809808
2022-01-13 00:37:47.646702 [hotstuff info] 0.809810
2022-01-13 00:37:47.646714 [hotstuff info] 0.809814
2022-01-13 00:37:47.646724 [hotstuff info] 0.809815
2022-01-13 00:37:47.646736 [hotstuff info] 0.809815
2022-01-13 00:37:47.646748 [hotstuff info] 0.809818
2022-01-13 00:37:47.646759 [hotstuff info] 0.809820
2022-01-13 00:37:47.646770 [hotstuff info] 0.809822
2022-01-13 00:37:47.646781 [hotstuff info] 0.809824
2022-01-13 00:37:47.646793 [hotstuff info] 0.809827
2022-01-13 00:37:47.646805 [hotstuff info] 0.809828
2022-01-13 00:37:47.646816 [hotstuff info] 0.809830
2022-01-13 00:37:47.646826 [hotstuff info] 0.809831
2022-01-13 00:37:47.646837 [hotstuff info] 0.809833
2022-01-13 00:37:47.646847 [hotstuff info] 0.809834
2022-01-13 00:37:47.646859 [hotstuff info] 0.809842
2022-01-13 00:37:47.646868 [hotstuff info] 0.809847
2022-01-13 00:37:47.646879 [hotstuff info] 0.809853
2022-01-13 00:37:47.646889 [hotstuff info] 0.809856
2022-01-13 00:37:47.646900 [hotstuff info] 0.809858
2022-01-13 00:37:47.646909 [hotstuff info] 0.809859
2022-01-13 00:37:47.646919 [hotstuff info] 0.809860
2022-01-13 00:37:47.646928 [hotstuff info] 0.809859
2022-01-13 00:37:47.646937 [hotstuff info] 0.809859
2022-01-13 00:37:47.646945 [hotstuff info] 0.809859
2022-01-13 00:37:47.646956 [hotstuff info] 0.809858
2022-01-13 00:37:47.646993 [hotstuff info] 0.809888
2022-01-13 00:37:47.647034 [hotstuff info] 0.809918
2022-01-13 00:37:47.647045 [hotstuff info] 0.809920
2022-01-13 00:37:47.647053 [hotstuff info] 0.809921
2022-01-13 00:37:47.647063 [hotstuff info] 0.809920
2022-01-13 00:37:47.647073 [hotstuff info] 0.809919
2022-01-13 00:37:47.647083 [hotstuff info] 0.809921
2022-01-13 00:37:47.647095 [hotstuff info] 0.809923
2022-01-13 00:37:47.647105 [hotstuff info] 0.809924
2022-01-13 00:37:47.647116 [hotstuff info] 0.809926
2022-01-13 00:37:47.647125 [hotstuff info] 0.809926
2022-01-13 00:37:47.647135 [hotstuff info] 0.809928
2022-01-13 00:37:47.647146 [hotstuff info] 0.809927
2022-01-13 00:37:47.647156 [hotstuff info] 0.809928
2022-01-13 00:37:47.647166 [hotstuff info] 0.809929
2022-01-13 00:37:47.647176 [hotstuff info] 0.809931
2022-01-13 00:37:47.647186 [hotstuff info] 0.809931
2022-01-13 00:37:47.647197 [hotstuff info] 0.809933
2022-01-13 00:37:47.647207 [hotstuff info] 0.809935
2022-01-13 00:37:47.647218 [hotstuff info] 0.809933
2022-01-13 00:37:47.647228 [hotstuff info] 0.809935
2022-01-13 00:37:47.647240 [hotstuff info] 0.809937
2022-01-13 00:37:47.647250 [hotstuff info] 0.809938
2022-01-13 00:37:47.647261 [hotstuff info] 0.809940
2022-01-13 00:37:47.647272 [hotstuff info] 0.809942
2022-01-13 00:37:47.647283 [hotstuff info] 0.809944
2022-01-13 00:37:47.647293 [hotstuff info] 0.809943
2022-01-13 00:37:47.647304 [hotstuff info] 0.809945
2022-01-13 00:37:47.647314 [hotstuff info] 0.809947
2022-01-13 00:37:47.647325 [hotstuff info] 0.809949
2022-01-13 00:37:47.647336 [hotstuff info] 0.809951
2022-01-13 00:37:47.647347 [hotstuff info] 0.809953
2022-01-13 00:37:47.647360 [hotstuff info] 0.809957
2022-01-13 00:37:47.647371 [hotstuff info] 0.809957
2022-01-13 00:37:47.647381 [hotstuff info] 0.809958
2022-01-13 00:37:47.647392 [hotstuff info] 0.809960
2022-01-13 00:37:47.647403 [hotstuff info] 0.809962
2022-01-13 00:37:47.647414 [hotstuff info] 0.809964
2022-01-13 00:37:47.647425 [hotstuff info] 0.809966
2022-01-13 00:37:47.647436 [hotstuff info] 0.809968
2022-01-13 00:37:47.647445 [hotstuff info] 0.809967
2022-01-13 00:37:47.647457 [hotstuff info] 0.809969
2022-01-13 00:37:47.647468 [hotstuff info] 0.809971
2022-01-13 00:37:47.647479 [hotstuff info] 0.809973
2022-01-13 00:37:47.647489 [hotstuff info] 0.809974
2022-01-13 00:37:47.647500 [hotstuff info] 0.809976
2022-01-13 00:37:47.647510 [hotstuff info] 0.809974
2022-01-13 00:37:47.647521 [hotstuff info] 0.809976
2022-01-13 00:37:47.647531 [hotstuff info] 0.809978
2022-01-13 00:37:47.647543 [hotstuff info] 0.809981
2022-01-13 00:37:47.647553 [hotstuff info] 0.809981
2022-01-13 00:37:47.647565 [hotstuff info] 0.809984
2022-01-13 00:37:47.647576 [hotstuff info] 0.809982
2022-01-13 00:37:47.647586 [hotstuff info] 0.809983
2022-01-13 00:37:47.647595 [hotstuff info] 0.809983
2022-01-13 00:37:47.647605 [hotstuff info] 0.809984
2022-01-13 00:37:47.647614 [hotstuff info] 0.809984
2022-01-13 00:37:47.647625 [hotstuff info] 0.809986
2022-01-13 00:37:47.647636 [hotstuff info] 0.809988
2022-01-13 00:37:47.647648 [hotstuff info] 0.809989
2022-01-13 00:37:47.647659 [hotstuff info] 0.809991
2022-01-13 00:37:47.647670 [hotstuff info] 0.809993
2022-01-13 00:37:47.647680 [hotstuff info] 0.809994
2022-01-13 00:37:47.647690 [hotstuff info] 0.809995
2022-01-13 00:37:47.647700 [hotstuff info] 0.809996
2022-01-13 00:37:47.647710 [hotstuff info] 0.809997
2022-01-13 00:37:47.647720 [hotstuff info] 0.809999
2022-01-13 00:37:47.647731 [hotstuff info] 0.809999
2022-01-13 00:37:47.647743 [hotstuff info] 0.810002
2022-01-13 00:37:47.697114 [hotstuff info] 0.859364
2022-01-13 00:37:47.697142 [hotstuff info] 0.859382
2022-01-13 00:37:47.697152 [hotstuff info] 0.859384
2022-01-13 00:37:47.697162 [hotstuff info] 0.859385
2022-01-13 00:37:47.697172 [hotstuff info] 0.859386
2022-01-13 00:37:47.697182 [hotstuff info] 0.859385
2022-01-13 00:37:47.697194 [hotstuff info] 0.859388
2022-01-13 00:37:47.697206 [hotstuff info] 0.859391
2022-01-13 00:37:47.697218 [hotstuff info] 0.859394
2022-01-13 00:37:47.697229 [hotstuff info] 0.859396
2022-01-13 00:37:47.697241 [hotstuff info] 0.859399
2022-01-13 00:37:47.697435 [hotstuff info] 0.859584
2022-01-13 00:37:47.697453 [hotstuff info] 0.859591
2022-01-13 00:37:47.697463 [hotstuff info] 0.859592
2022-01-13 00:37:47.697473 [hotstuff info] 0.859593
2022-01-13 00:37:47.697482 [hotstuff info] 0.859593
2022-01-13 00:37:47.697493 [hotstuff info] 0.859595
2022-01-13 00:37:47.697506 [hotstuff info] 0.859599
2022-01-13 00:37:47.697517 [hotstuff info] 0.859602
2022-01-13 00:37:47.697527 [hotstuff info] 0.859600
2022-01-13 00:37:47.697539 [hotstuff info] 0.859603
2022-01-13 00:37:47.697550 [hotstuff info] 0.859605
2022-01-13 00:37:47.697561 [hotstuff info] 0.859607
2022-01-13 00:37:47.697572 [hotstuff info] 0.859608
2022-01-13 00:37:47.697582 [hotstuff info] 0.859610
2022-01-13 00:37:47.697591 [hotstuff info] 0.859610
2022-01-13 00:37:47.697603 [hotstuff info] 0.859611
2022-01-13 00:37:47.697636 [hotstuff info] 0.859635
2022-01-13 00:37:47.697649 [hotstuff info] 0.859639
2022-01-13 00:37:47.697659 [hotstuff info] 0.859640
2022-01-13 00:37:47.697670 [hotstuff info] 0.859643
2022-01-13 00:37:47.697680 [hotstuff info] 0.859644
2022-01-13 00:37:47.697691 [hotstuff info] 0.859646
2022-01-13 00:37:47.697701 [hotstuff info] 0.859645
2022-01-13 00:37:47.697712 [hotstuff info] 0.859647
2022-01-13 00:37:47.697723 [hotstuff info] 0.859649
2022-01-13 00:37:47.697734 [hotstuff info] 0.859651
2022-01-13 00:37:47.697746 [hotstuff info] 0.859654
2022-01-13 00:37:47.697758 [hotstuff info] 0.859657
2022-01-13 00:37:47.697769 [hotstuff info] 0.859659
2022-01-13 00:37:47.697781 [hotstuff info] 0.859656
2022-01-13 00:37:47.697791 [hotstuff info] 0.859658
2022-01-13 00:37:47.697801 [hotstuff info] 0.859659
2022-01-13 00:37:47.697811 [hotstuff info] 0.859660
2022-01-13 00:37:47.697822 [hotstuff info] 0.859662
2022-01-13 00:37:47.697833 [hotstuff info] 0.859664
2022-01-13 00:37:47.697843 [hotstuff info] 0.859665
2022-01-13 00:37:47.697854 [hotstuff info] 0.859664
2022-01-13 00:37:47.697864 [hotstuff info] 0.859665
2022-01-13 00:37:47.697875 [hotstuff info] 0.859667
2022-01-13 00:37:47.697884 [hotstuff info] 0.859667
2022-01-13 00:37:47.697894 [hotstuff info] 0.859668
2022-01-13 00:37:47.697906 [hotstuff info] 0.859671
2022-01-13 00:37:47.697917 [hotstuff info] 0.859673
2022-01-13 00:37:47.697928 [hotstuff info] 0.859673
2022-01-13 00:37:47.697939 [hotstuff info] 0.859675
2022-01-13 00:37:47.697950 [hotstuff info] 0.859677
2022-01-13 00:37:47.697961 [hotstuff info] 0.859679
2022-01-13 00:37:47.697972 [hotstuff info] 0.859681
2022-01-13 00:37:47.697983 [hotstuff info] 0.859684
2022-01-13 00:37:47.697995 [hotstuff info] 0.859686
2022-01-13 00:37:47.698005 [hotstuff info] 0.859687
2022-01-13 00:37:47.698017 [hotstuff info] 0.859689
2022-01-13 00:37:47.698028 [hotstuff info] 0.859691
2022-01-13 00:37:47.698039 [hotstuff info] 0.859693
2022-01-13 00:37:47.698049 [hotstuff info] 0.859690
2022-01-13 00:37:47.698061 [hotstuff info] 0.859692
2022-01-13 00:37:47.698072 [hotstuff info] 0.859694
2022-01-13 00:37:47.698084 [hotstuff info] 0.859697
2022-01-13 00:37:47.698093 [hotstuff info] 0.859697
2022-01-13 00:37:47.698102 [hotstuff info] 0.859697
2022-01-13 00:37:47.698113 [hotstuff info] 0.859699
2022-01-13 00:37:47.698125 [hotstuff info] 0.859702
2022-01-13 00:37:48.312565 [hotstuff info] 0.665947
2022-01-13 00:37:48.312599 [hotstuff info] 0.665969
2022-01-13 00:37:48.312609 [hotstuff info] 0.665968
2022-01-13 00:37:48.312626 [hotstuff info] 0.665974
2022-01-13 00:37:48.312634 [hotstuff info] 0.665967
2022-01-13 00:37:48.312642 [hotstuff info] 0.665964
2022-01-13 00:37:48.312649 [hotstuff info] 0.665960
2022-01-13 00:37:48.312657 [hotstuff info] 0.665956
2022-01-13 00:37:48.312664 [hotstuff info] 0.665951
2022-01-13 00:37:48.312671 [hotstuff info] 0.665948
2022-01-13 00:37:48.312685 [hotstuff info] 0.665951
2022-01-13 00:37:48.312701 [hotstuff info] 0.665955
2022-01-13 00:37:48.312712 [hotstuff info] 0.665954
2022-01-13 00:37:48.312719 [hotstuff info] 0.665951
2022-01-13 00:37:48.312727 [hotstuff info] 0.665947
2022-01-13 00:37:48.312734 [hotstuff info] 0.665943
2022-01-13 00:37:48.312742 [hotstuff info] 0.665938
2022-01-13 00:37:48.312749 [hotstuff info] 0.665935
2022-01-13 00:37:48.312755 [hotstuff info] 0.665931
2022-01-13 00:37:48.312762 [hotstuff info] 0.665927
2022-01-13 00:37:48.312769 [hotstuff info] 0.665923
2022-01-13 00:37:48.312776 [hotstuff info] 0.665919
2022-01-13 00:37:48.313128 [hotstuff info] 0.666261
2022-01-13 00:37:48.313154 [hotstuff info] 0.666275
2022-01-13 00:37:48.313162 [hotstuff info] 0.666274
2022-01-13 00:37:48.313170 [hotstuff info] 0.666271
2022-01-13 00:37:48.313177 [hotstuff info] 0.666270
2022-01-13 00:37:48.313185 [hotstuff info] 0.666267
2022-01-13 00:37:48.313192 [hotstuff info] 0.666266
2022-01-13 00:37:48.313199 [hotstuff info] 0.666264
2022-01-13 00:37:48.313207 [hotstuff info] 0.666262
2022-01-13 00:37:48.313214 [hotstuff info] 0.666260
2022-01-13 00:37:48.313222 [hotstuff info] 0.666230
2022-01-13 00:37:48.313228 [hotstuff info] 0.666226
2022-01-13 00:37:48.313235 [hotstuff info] 0.666192
2022-01-13 00:37:48.313243 [hotstuff info] 0.666191
2022-01-13 00:37:48.313250 [hotstuff info] 0.666188
2022-01-13 00:37:48.313257 [hotstuff info] 0.666185
2022-01-13 00:37:48.313264 [hotstuff info] 0.666183
2022-01-13 00:37:48.313271 [hotstuff info] 0.666177
2022-01-13 00:37:48.313278 [hotstuff info] 0.666175
2022-01-13 00:37:48.313286 [hotstuff info] 0.666172
2022-01-13 00:37:48.313293 [hotstuff info] 0.666169
2022-01-13 00:37:48.313300 [hotstuff info] 0.666166
2022-01-13 00:37:48.313307 [hotstuff info] 0.666162
2022-01-13 00:37:48.313314 [hotstuff info] 0.666160
2022-01-13 00:37:48.313321 [hotstuff info] 0.666156
2022-01-13 00:37:48.313328 [hotstuff info] 0.666153
2022-01-13 00:37:48.313334 [hotstuff info] 0.666149
2022-01-13 00:37:48.313342 [hotstuff info] 0.666146
2022-01-13 00:37:48.313348 [hotstuff info] 0.666142
2022-01-13 00:37:48.313354 [hotstuff info] 0.666138
2022-01-13 00:37:48.313360 [hotstuff info] 0.666134
2022-01-13 00:37:48.313367 [hotstuff info] 0.666129
2022-01-13 00:37:48.313373 [hotstuff info] 0.666124
2022-01-13 00:37:48.313381 [hotstuff info] 0.666121
2022-01-13 00:37:48.313387 [hotstuff info] 0.666117
2022-01-13 00:37:48.313395 [hotstuff info] 0.666113
2022-01-13 00:37:48.313401 [hotstuff info] 0.666111
2022-01-13 00:37:48.313409 [hotstuff info] 0.666106
2022-01-13 00:37:48.313421 [hotstuff info] 0.666108
2022-01-13 00:37:48.313428 [hotstuff info] 0.666104
2022-01-13 00:37:48.313435 [hotstuff info] 0.666100
2022-01-13 00:37:48.313443 [hotstuff info] 0.666097
2022-01-13 00:37:48.313463 [hotstuff info] 0.666101
2022-01-13 00:37:48.313470 [hotstuff info] 0.666100
2022-01-13 00:37:48.313477 [hotstuff info] 0.666097
2022-01-13 00:37:48.313483 [hotstuff info] 0.666093
2022-01-13 00:37:48.313490 [hotstuff info] 0.666089
2022-01-13 00:37:48.313498 [hotstuff info] 0.666085
2022-01-13 00:37:48.313505 [hotstuff info] 0.666081
2022-01-13 00:37:48.313512 [hotstuff info] 0.666077
2022-01-13 00:37:48.313518 [hotstuff info] 0.666075
2022-01-13 00:37:48.313534 [hotstuff info] 0.666079
2022-01-13 00:37:48.313542 [hotstuff info] 0.666075
2022-01-13 00:37:48.313549 [hotstuff info] 0.666071
2022-01-13 00:37:48.313555 [hotstuff info] 0.666068
2022-01-13 00:37:48.313563 [hotstuff info] 0.666064
2022-01-13 00:37:48.313569 [hotstuff info] 0.666061
2022-01-13 00:37:48.313576 [hotstuff info] 0.666057
2022-01-13 00:37:48.313583 [hotstuff info] 0.666052
2022-01-13 00:37:48.361401 [hotstuff info] 0.713859
2022-01-13 00:37:48.361441 [hotstuff info] 0.713889
2022-01-13 00:37:48.361533 [hotstuff info] 0.713969
2022-01-13 00:37:48.361549 [hotstuff info] 0.713975
2022-01-13 00:37:48.361557 [hotstuff info] 0.713973
2022-01-13 00:37:48.361563 [hotstuff info] 0.713969
2022-01-13 00:37:48.361570 [hotstuff info] 0.713966
2022-01-13 00:37:48.361575 [hotstuff info] 0.713963
2022-01-13 00:37:48.361581 [hotstuff info] 0.713958
2022-01-13 00:37:48.361589 [hotstuff info] 0.713954
2022-01-13 00:37:48.361597 [hotstuff info] 0.713950
2022-01-13 00:37:48.361604 [hotstuff info] 0.713946
2022-01-13 00:37:48.361616 [hotstuff info] 0.713947
2022-01-13 00:37:48.361623 [hotstuff info] 0.713944
2022-01-13 00:37:48.361631 [hotstuff info] 0.713942
2022-01-13 00:37:48.361644 [hotstuff info] 0.713945
2022-01-13 00:37:48.361651 [hotstuff info] 0.713943
2022-01-13 00:37:48.361658 [hotstuff info] 0.713938
2022-01-13 00:37:48.361671 [hotstuff info] 0.713939
2022-01-13 00:37:48.363293 [hotstuff info] 0.715552
2022-01-13 00:37:48.363314 [hotstuff info] 0.715562
2022-01-13 00:37:48.363324 [hotstuff info] 0.666184
2022-01-13 00:37:48.363332 [hotstuff info] 0.666181
2022-01-13 00:37:48.363341 [hotstuff info] 0.666180
2022-01-13 00:37:48.363347 [hotstuff info] 0.666176
2022-01-13 00:37:48.363353 [hotstuff info] 0.666173
2022-01-13 00:37:48.363360 [hotstuff info] 0.666167
2022-01-13 00:37:48.363366 [hotstuff info] 0.666162
2022-01-13 00:37:48.363372 [hotstuff info] 0.666155
2022-01-13 00:37:48.363378 [hotstuff info] 0.666151
2022-01-13 00:37:48.363385 [hotstuff info] 0.666145
2022-01-13 00:37:48.363390 [hotstuff info] 0.666141
2022-01-13 00:37:48.363397 [hotstuff info] 0.665945
2022-01-13 00:37:48.363403 [hotstuff info] 0.665941
2022-01-13 00:37:48.363409 [hotstuff info] 0.665938
2022-01-13 00:37:48.363415 [hotstuff info] 0.665934
2022-01-13 00:37:48.363421 [hotstuff info] 0.665930
2022-01-13 00:37:48.363428 [hotstuff info] 0.665923
2022-01-13 00:37:48.363435 [hotstuff info] 0.665920
2022-01-13 00:37:48.363442 [hotstuff info] 0.665916
2022-01-13 00:37:48.363448 [hotstuff info] 0.665911
2022-01-13 00:37:48.363455 [hotstuff info] 0.665907
2022-01-13 00:37:48.363462 [hotstuff info] 0.665903
2022-01-13 00:37:48.363468 [hotstuff info] 0.665899
2022-01-13 00:37:48.363475 [hotstuff info] 0.665894
2022-01-13 00:37:48.363482 [hotstuff info] 0.665892
2022-01-13 00:37:48.363488 [hotstuff info] 0.665887
2022-01-13 00:37:48.363495 [hotstuff info] 0.665860
2022-01-13 00:37:48.363501 [hotstuff info] 0.665854
2022-01-13 00:37:48.363508 [hotstuff info] 0.665850
2022-01-13 00:37:48.363515 [hotstuff info] 0.665846
2022-01-13 00:37:48.363521 [hotstuff info] 0.665842
2022-01-13 00:37:48.363534 [hotstuff info] 0.665844
2022-01-13 00:37:48.363540 [hotstuff info] 0.665840
2022-01-13 00:37:48.363547 [hotstuff info] 0.665836
2022-01-13 00:37:48.363554 [hotstuff info] 0.665832
2022-01-13 00:37:48.363564 [hotstuff info] 0.665827
2022-01-13 00:37:48.363571 [hotstuff info] 0.665827
2022-01-13 00:37:48.363578 [hotstuff info] 0.665822
2022-01-13 00:37:48.363586 [hotstuff info] 0.665818
2022-01-13 00:37:48.363592 [hotstuff info] 0.665814
2022-01-13 00:37:48.363599 [hotstuff info] 0.665809
2022-01-13 00:37:48.363606 [hotstuff info] 0.665806
2022-01-13 00:37:48.363613 [hotstuff info] 0.665803
2022-01-13 00:37:48.363619 [hotstuff info] 0.665799
2022-01-13 00:37:48.363626 [hotstuff info] 0.665795
2022-01-13 00:37:48.363632 [hotstuff info] 0.665791
2022-01-13 00:37:48.363638 [hotstuff info] 0.665785
2022-01-13 00:37:48.363644 [hotstuff info] 0.665781
2022-01-13 00:37:48.363651 [hotstuff info] 0.665777
2022-01-13 00:37:48.363657 [hotstuff info] 0.665775
2022-01-13 00:37:48.363664 [hotstuff info] 0.665771
2022-01-13 00:37:48.363670 [hotstuff info] 0.665767
2022-01-13 00:37:48.363677 [hotstuff info] 0.665761
2022-01-13 00:37:48.363683 [hotstuff info] 0.665756
2022-01-13 00:37:48.363689 [hotstuff info] 0.665751
2022-01-13 00:37:48.363696 [hotstuff info] 0.665747
2022-01-13 00:37:48.363702 [hotstuff info] 0.665742
2022-01-13 00:37:48.363711 [hotstuff info] 0.665740
2022-01-13 00:37:48.363717 [hotstuff info] 0.665735
2022-01-13 00:37:48.363723 [hotstuff info] 0.665729
2022-01-13 00:37:48.363729 [hotstuff info] 0.665725
2022-01-13 00:37:48.363735 [hotstuff info] 0.665720
2022-01-13 00:37:48.363741 [hotstuff info] 0.665715
2022-01-13 00:37:48.363748 [hotstuff info] 0.665710
2022-01-13 00:37:48.363754 [hotstuff info] 0.665707
2022-01-13 00:37:48.363760 [hotstuff info] 0.665702
2022-01-13 00:37:48.363766 [hotstuff info] 0.665696
2022-01-13 00:37:48.363773 [hotstuff info] 0.665690
2022-01-13 00:37:48.363779 [hotstuff info] 0.665687
2022-01-13 00:37:48.363786 [hotstuff info] 0.665685
2022-01-13 00:37:48.363792 [hotstuff info] 0.665681
2022-01-13 00:37:48.363799 [hotstuff info] 0.665675
2022-01-13 00:37:48.363805 [hotstuff info] 0.665673
2022-01-13 00:37:48.979243 [hotstuff info] 0.666645
2022-01-13 00:37:48.979301 [hotstuff info] 0.666692
2022-01-13 00:37:48.979312 [hotstuff info] 0.666695
2022-01-13 00:37:48.979319 [hotstuff info] 0.666686
2022-01-13 00:37:48.979327 [hotstuff info] 0.666685
2022-01-13 00:37:48.979334 [hotstuff info] 0.666686
2022-01-13 00:37:48.979342 [hotstuff info] 0.666686
2022-01-13 00:37:48.979348 [hotstuff info] 0.666685
2022-01-13 00:37:48.979356 [hotstuff info] 0.666685
2022-01-13 00:37:48.979362 [hotstuff info] 0.666678
2022-01-13 00:37:48.979369 [hotstuff info] 0.666668
2022-01-13 00:37:48.979375 [hotstuff info] 0.666664
2022-01-13 00:37:48.979382 [hotstuff info] 0.666663
2022-01-13 00:37:48.979389 [hotstuff info] 0.666663
2022-01-13 00:37:48.979397 [hotstuff info] 0.666663
2022-01-13 00:37:48.979403 [hotstuff info] 0.666663
2022-01-13 00:37:48.979410 [hotstuff info] 0.666662
2022-01-13 00:37:48.979417 [hotstuff info] 0.666663
2022-01-13 00:37:48.979757 [hotstuff info] 0.666995
2022-01-13 00:37:48.979775 [hotstuff info] 0.667007
2022-01-13 00:37:48.979782 [hotstuff info] 0.667007
2022-01-13 00:37:48.979789 [hotstuff info] 0.667007
2022-01-13 00:37:48.979796 [hotstuff info] 0.666644
2022-01-13 00:37:48.979803 [hotstuff info] 0.666642
2022-01-13 00:37:48.979810 [hotstuff info] 0.666641
2022-01-13 00:37:48.979816 [hotstuff info] 0.666640
2022-01-13 00:37:48.979824 [hotstuff info] 0.666640
2022-01-13 00:37:48.979829 [hotstuff info] 0.666638
2022-01-13 00:37:48.979836 [hotstuff info] 0.666637
2022-01-13 00:37:48.979843 [hotstuff info] 0.666637
2022-01-13 00:37:48.979850 [hotstuff info] 0.666636
2022-01-13 00:37:48.979867 [hotstuff info] 0.666647
2022-01-13 00:37:48.979874 [hotstuff info] 0.666646
2022-01-13 00:37:48.979880 [hotstuff info] 0.666645
2022-01-13 00:37:48.979887 [hotstuff info] 0.666645
2022-01-13 00:37:48.979894 [hotstuff info] 0.666646
2022-01-13 00:37:48.979901 [hotstuff info] 0.666645
2022-01-13 00:37:48.979907 [hotstuff info] 0.666643
2022-01-13 00:37:48.979913 [hotstuff info] 0.666643
2022-01-13 00:37:48.979919 [hotstuff info] 0.666642
2022-01-13 00:37:48.979926 [hotstuff info] 0.666640
2022-01-13 00:37:48.979932 [hotstuff info] 0.666641
2022-01-13 00:37:48.979938 [hotstuff info] 0.666639
2022-01-13 00:37:48.979944 [hotstuff info] 0.666639
2022-01-13 00:37:48.979951 [hotstuff info] 0.666637
2022-01-13 00:37:48.979957 [hotstuff info] 0.666637
2022-01-13 00:37:48.979963 [hotstuff info] 0.666636
2022-01-13 00:37:48.979969 [hotstuff info] 0.666636
2022-01-13 00:37:48.979976 [hotstuff info] 0.666636
2022-01-13 00:37:48.979982 [hotstuff info] 0.666634
2022-01-13 00:37:48.979988 [hotstuff info] 0.666635
2022-01-13 00:37:48.979994 [hotstuff info] 0.666635
2022-01-13 00:37:48.980000 [hotstuff info] 0.666634
2022-01-13 00:37:48.980007 [hotstuff info] 0.666635
2022-01-13 00:37:48.980012 [hotstuff info] 0.666633
2022-01-13 00:37:48.980019 [hotstuff info] 0.666633
2022-01-13 00:37:48.980026 [hotstuff info] 0.666632
2022-01-13 00:37:48.980032 [hotstuff info] 0.666631
2022-01-13 00:37:48.980038 [hotstuff info] 0.666631
2022-01-13 00:37:48.980045 [hotstuff info] 0.666629
2022-01-13 00:37:48.980051 [hotstuff info] 0.666624
2022-01-13 00:37:48.980057 [hotstuff info] 0.666623
2022-01-13 00:37:48.980064 [hotstuff info] 0.666622
2022-01-13 00:37:48.980071 [hotstuff info] 0.666612
2022-01-13 00:37:48.980077 [hotstuff info] 0.666608
2022-01-13 00:37:48.980083 [hotstuff info] 0.666608
2022-01-13 00:37:48.980089 [hotstuff info] 0.666607
2022-01-13 00:37:48.980096 [hotstuff info] 0.666606
2022-01-13 00:37:48.980102 [hotstuff info] 0.666606
2022-01-13 00:37:48.980108 [hotstuff info] 0.666604
2022-01-13 00:37:48.980115 [hotstuff info] 0.666605
2022-01-13 00:37:48.980121 [hotstuff info] 0.666603
2022-01-13 00:37:48.980127 [hotstuff info] 0.666593
2022-01-13 00:37:48.980133 [hotstuff info] 0.666592
2022-01-13 00:37:48.980139 [hotstuff info] 0.666591
2022-01-13 00:37:48.980145 [hotstuff info] 0.666590
2022-01-13 00:37:48.980151 [hotstuff info] 0.666589
2022-01-13 00:37:48.980157 [hotstuff info] 0.666588
2022-01-13 00:37:48.980163 [hotstuff info] 0.666588
2022-01-13 00:37:48.980169 [hotstuff info] 0.666588
2022-01-13 00:37:49.027884 [hotstuff info] 0.714294
2022-01-13 00:37:49.028060 [hotstuff info] 0.666620
2022-01-13 00:37:49.028528 [hotstuff info] 0.667080
2022-01-13 00:37:49.028547 [hotstuff info] 0.667000
2022-01-13 00:37:49.028556 [hotstuff info] 0.667000
2022-01-13 00:37:49.029842 [hotstuff info] 0.668280
2022-01-13 00:37:49.029863 [hotstuff info] 0.668294
2022-01-13 00:37:49.029873 [hotstuff info] 0.668298
2022-01-13 00:37:49.029883 [hotstuff info] 0.668302
2022-01-13 00:37:49.029893 [hotstuff info] 0.668306
2022-01-13 00:37:49.029900 [hotstuff info] 0.668304
2022-01-13 00:37:49.029908 [hotstuff info] 0.668305
2022-01-13 00:37:49.029915 [hotstuff info] 0.668301
2022-01-13 00:37:49.029921 [hotstuff info] 0.668300
2022-01-13 00:37:49.029930 [hotstuff info] 0.668300
2022-01-13 00:37:49.029937 [hotstuff info] 0.668295
2022-01-13 00:37:49.029944 [hotstuff info] 0.668293
2022-01-13 00:37:49.029950 [hotstuff info] 0.668293
2022-01-13 00:37:49.029956 [hotstuff info] 0.668289
2022-01-13 00:37:49.029963 [hotstuff info] 0.668286
2022-01-13 00:37:49.029970 [hotstuff info] 0.666657
2022-01-13 00:37:49.030209 [hotstuff info] 0.666887
2022-01-13 00:37:49.030227 [hotstuff info] 0.666895
2022-01-13 00:37:49.030234 [hotstuff info] 0.666895
2022-01-13 00:37:49.030241 [hotstuff info] 0.666895
2022-01-13 00:37:49.030247 [hotstuff info] 0.666895
2022-01-13 00:37:49.030255 [hotstuff info] 0.666897
2022-01-13 00:37:49.030263 [hotstuff info] 0.666898
2022-01-13 00:37:49.030270 [hotstuff info] 0.666899
2022-01-13 00:37:49.030277 [hotstuff info] 0.666899
2022-01-13 00:37:49.030285 [hotstuff info] 0.666901
2022-01-13 00:37:49.030291 [hotstuff info] 0.666901
2022-01-13 00:37:49.030298 [hotstuff info] 0.666903
2022-01-13 00:37:49.030305 [hotstuff info] 0.666903
2022-01-13 00:37:49.030312 [hotstuff info] 0.666903
2022-01-13 00:37:49.030318 [hotstuff info] 0.666905
2022-01-13 00:37:49.030327 [hotstuff info] 0.666906
2022-01-13 00:37:49.030332 [hotstuff info] 0.666905
2022-01-13 00:37:49.030340 [hotstuff info] 0.666905
2022-01-13 00:37:49.030347 [hotstuff info] 0.666907
2022-01-13 00:37:49.030354 [hotstuff info] 0.666906
2022-01-13 00:37:49.030361 [hotstuff info] 0.666907
2022-01-13 00:37:49.030369 [hotstuff info] 0.666908
2022-01-13 00:37:49.030375 [hotstuff info] 0.666908
2022-01-13 00:37:49.030383 [hotstuff info] 0.666909
2022-01-13 00:37:49.030389 [hotstuff info] 0.666909
2022-01-13 00:37:49.030397 [hotstuff info] 0.666909
2022-01-13 00:37:49.030403 [hotstuff info] 0.666910
2022-01-13 00:37:49.030410 [hotstuff info] 0.666910
2022-01-13 00:37:49.030416 [hotstuff info] 0.666909
2022-01-13 00:37:49.030424 [hotstuff info] 0.666911
2022-01-13 00:37:49.030430 [hotstuff info] 0.666910
2022-01-13 00:37:49.030437 [hotstuff info] 0.666904
2022-01-13 00:37:49.030444 [hotstuff info] 0.666905
2022-01-13 00:37:49.030451 [hotstuff info] 0.666905
2022-01-13 00:37:49.030457 [hotstuff info] 0.666904
2022-01-13 00:37:49.030464 [hotstuff info] 0.666905
2022-01-13 00:37:49.030470 [hotstuff info] 0.666900
2022-01-13 00:37:49.030476 [hotstuff info] 0.666899
2022-01-13 00:37:49.030482 [hotstuff info] 0.666898
2022-01-13 00:37:49.030490 [hotstuff info] 0.666899
2022-01-13 00:37:49.030496 [hotstuff info] 0.666899
2022-01-13 00:37:49.030503 [hotstuff info] 0.666897
2022-01-13 00:37:49.030510 [hotstuff info] 0.666898
2022-01-13 00:37:49.030516 [hotstuff info] 0.666897
2022-01-13 00:37:49.030523 [hotstuff info] 0.666898
2022-01-13 00:37:49.030529 [hotstuff info] 0.666898
2022-01-13 00:37:49.030535 [hotstuff info] 0.666899
2022-01-13 00:37:49.030542 [hotstuff info] 0.666899
2022-01-13 00:37:49.030549 [hotstuff info] 0.666898
2022-01-13 00:37:49.030555 [hotstuff info] 0.666898
2022-01-13 00:37:49.030561 [hotstuff info] 0.666899
2022-01-13 00:37:49.030568 [hotstuff info] 0.666898
2022-01-13 00:37:49.030575 [hotstuff info] 0.666899
2022-01-13 00:37:49.030581 [hotstuff info] 0.666900
2022-01-13 00:37:49.030588 [hotstuff info] 0.666900
2022-01-13 00:37:49.030594 [hotstuff info] 0.666900
2022-01-13 00:37:49.030601 [hotstuff info] 0.666900
2022-01-13 00:37:49.030607 [hotstuff info] 0.666897
2022-01-13 00:37:49.030613 [hotstuff info] 0.666897
2022-01-13 00:37:49.030619 [hotstuff info] 0.666897
2022-01-13 00:37:49.030625 [hotstuff info] 0.666897
2022-01-13 00:37:49.030631 [hotstuff info] 0.666896
2022-01-13 00:37:49.030649 [hotstuff info] 0.666909
2022-01-13 00:37:49.030655 [hotstuff info] 0.666909
2022-01-13 00:37:49.030662 [hotstuff info] 0.666909
2022-01-13 00:37:49.030668 [hotstuff info] 0.666908
2022-01-13 00:37:49.030674 [hotstuff info] 0.666908
2022-01-13 00:37:49.030680 [hotstuff info] 0.666908
2022-01-13 00:37:49.030686 [hotstuff info] 0.666908
2022-01-13 00:37:49.030692 [hotstuff info] 0.666906
2022-01-13 00:37:49.030700 [hotstuff info] 0.666908
2022-01-13 00:37:49.030706 [hotstuff info] 0.666908
2022-01-13 00:37:49.030711 [hotstuff info] 0.666908
2022-01-13 00:37:49.030718 [hotstuff info] 0.666908
2022-01-13 00:37:49.645501 [hotstuff info] 0.666227
2022-01-13 00:37:49.645540 [hotstuff info] 0.666229
2022-01-13 00:37:49.645551 [hotstuff info] 0.666233
2022-01-13 00:37:49.645629 [hotstuff info] 0.666302
2022-01-13 00:37:49.645642 [hotstuff info] 0.666309
2022-01-13 00:37:49.645653 [hotstuff info] 0.666313
2022-01-13 00:37:49.645662 [hotstuff info] 0.666316
2022-01-13 00:37:49.645674 [hotstuff info] 0.666319
2022-01-13 00:37:49.645684 [hotstuff info] 0.666323
2022-01-13 00:37:49.645695 [hotstuff info] 0.666328
2022-01-13 00:37:49.645705 [hotstuff info] 0.666331
2022-01-13 00:37:49.645716 [hotstuff info] 0.666335
2022-01-13 00:37:49.645727 [hotstuff info] 0.666340
2022-01-13 00:37:49.645740 [hotstuff info] 0.666344
2022-01-13 00:37:49.645748 [hotstuff info] 0.666346
2022-01-13 00:37:49.645758 [hotstuff info] 0.666348
2022-01-13 00:37:49.645768 [hotstuff info] 0.666352
2022-01-13 00:37:49.645780 [hotstuff info] 0.666358
2022-01-13 00:37:49.646051 [hotstuff info] 0.666277
2022-01-13 00:37:49.646070 [hotstuff info] 0.666289
2022-01-13 00:37:49.646080 [hotstuff info] 0.666291
2022-01-13 00:37:49.646090 [hotstuff info] 0.666294
2022-01-13 00:37:49.646099 [hotstuff info] 0.666297
2022-01-13 00:37:49.646110 [hotstuff info] 0.666301
2022-01-13 00:37:49.646121 [hotstuff info] 0.666305
2022-01-13 00:37:49.646132 [hotstuff info] 0.666309
2022-01-13 00:37:49.646143 [hotstuff info] 0.666314
2022-01-13 00:37:49.646154 [hotstuff info] 0.666319
2022-01-13 00:37:49.646192 [hotstuff info] 0.666349
2022-01-13 00:37:49.646204 [hotstuff info] 0.666356
2022-01-13 00:37:49.646216 [hotstuff info] 0.666350
2022-01-13 00:37:49.646228 [hotstuff info] 0.666356
2022-01-13 00:37:49.646238 [hotstuff info] 0.666359
2022-01-13 00:37:49.646250 [hotstuff info] 0.666363
2022-01-13 00:37:49.646259 [hotstuff info] 0.666365
2022-01-13 00:37:49.646271 [hotstuff info] 0.666371
2022-01-13 00:37:49.646280 [hotstuff info] 0.666374
2022-01-13 00:37:49.646291 [hotstuff info] 0.666378
2022-01-13 00:37:49.646300 [hotstuff info] 0.666381
2022-01-13 00:37:49.646311 [hotstuff info] 0.666386
2022-01-13 00:37:49.646320 [hotstuff info] 0.666388
2022-01-13 00:37:49.646332 [hotstuff info] 0.666394
2022-01-13 00:37:49.646342 [hotstuff info] 0.666398
2022-01-13 00:37:49.646352 [hotstuff info] 0.666402
2022-01-13 00:37:49.646361 [hotstuff info] 0.666404
2022-01-13 00:37:49.646371 [hotstuff info] 0.666408
2022-01-13 00:37:49.646381 [hotstuff info] 0.666412
2022-01-13 00:37:49.646393 [hotstuff info] 0.666417
2022-01-13 00:37:49.646402 [hotstuff info] 0.666420
2022-01-13 00:37:49.646413 [hotstuff info] 0.666425
2022-01-13 00:37:49.646422 [hotstuff info] 0.666429
2022-01-13 00:37:49.646434 [hotstuff info] 0.666434
2022-01-13 00:37:49.646443 [hotstuff info] 0.666437
2022-01-13 00:37:49.646455 [hotstuff info] 0.666443
2022-01-13 00:37:49.646464 [hotstuff info] 0.666445
2022-01-13 00:37:49.694263 [hotstuff info] 0.714237
2022-01-13 00:37:49.694288 [hotstuff info] 0.714257
2022-01-13 00:37:49.694297 [hotstuff info] 0.714259
2022-01-13 00:37:49.694303 [hotstuff info] 0.714260
2022-01-13 00:37:49.694312 [hotstuff info] 0.714261
2022-01-13 00:37:49.694318 [hotstuff info] 0.714262
2022-01-13 00:37:49.694326 [hotstuff info] 0.714264
2022-01-13 00:37:49.694332 [hotstuff info] 0.714263
2022-01-13 00:37:49.694339 [hotstuff info] 0.714262
2022-01-13 00:37:49.694345 [hotstuff info] 0.714263
2022-01-13 00:37:49.694355 [hotstuff info] 0.714266
2022-01-13 00:37:49.694760 [hotstuff info] 0.714665
2022-01-13 00:37:49.694784 [hotstuff info] 0.714682
2022-01-13 00:37:49.694798 [hotstuff info] 0.714690
2022-01-13 00:37:49.694811 [hotstuff info] 0.714696
2022-01-13 00:37:49.694822 [hotstuff info] 0.714702
2022-01-13 00:37:49.694836 [hotstuff info] 0.714710
2022-01-13 00:37:49.694847 [hotstuff info] 0.714715
2022-01-13 00:37:49.694858 [hotstuff info] 0.714721
2022-01-13 00:37:49.694868 [hotstuff info] 0.714724
2022-01-13 00:37:49.694879 [hotstuff info] 0.714729
2022-01-13 00:37:49.694890 [hotstuff info] 0.714733
2022-01-13 00:37:49.694901 [hotstuff info] 0.714738
2022-01-13 00:37:49.694912 [hotstuff info] 0.714743
2022-01-13 00:37:49.694922 [hotstuff info] 0.714746
2022-01-13 00:37:49.695215 [hotstuff info] 0.667308
2022-01-13 00:37:49.695320 [hotstuff info] 0.667241
2022-01-13 00:37:49.695342 [hotstuff info] 0.666795
2022-01-13 00:37:49.695357 [hotstuff info] 0.666802
2022-01-13 00:37:49.695365 [hotstuff info] 0.666803
2022-01-13 00:37:49.778899 [hotstuff info] 0.749037
2022-01-13 00:37:49.778933 [hotstuff info] 0.749061
2022-01-13 00:37:49.778943 [hotstuff info] 0.749061
2022-01-13 00:37:49.778953 [hotstuff info] 0.749061
2022-01-13 00:37:49.778963 [hotstuff info] 0.749065
2022-01-13 00:37:49.778971 [hotstuff info] 0.749065
2022-01-13 00:37:49.778982 [hotstuff info] 0.749067
2022-01-13 00:37:49.778991 [hotstuff info] 0.749070
2022-01-13 00:37:49.779001 [hotstuff info] 0.749072
2022-01-13 00:37:49.779012 [hotstuff info] 0.749075
2022-01-13 00:37:49.779022 [hotstuff info] 0.749079
2022-01-13 00:37:49.779032 [hotstuff info] 0.749082
2022-01-13 00:37:49.779268 [hotstuff info] 0.749312
2022-01-13 00:37:49.779286 [hotstuff info] 0.749324
2022-01-13 00:37:49.779295 [hotstuff info] 0.749327
2022-01-13 00:37:49.779305 [hotstuff info] 0.749329
2022-01-13 00:37:49.779315 [hotstuff info] 0.749089
2022-01-13 00:37:49.779324 [hotstuff info] 0.749091
2022-01-13 00:37:49.779334 [hotstuff info] 0.749093
2022-01-13 00:37:49.779344 [hotstuff info] 0.749097
2022-01-13 00:37:49.779355 [hotstuff info] 0.749100
2022-01-13 00:37:49.779365 [hotstuff info] 0.749103
2022-01-13 00:37:49.779377 [hotstuff info] 0.749107
2022-01-13 00:37:49.779386 [hotstuff info] 0.749111
2022-01-13 00:37:49.779398 [hotstuff info] 0.749114
2022-01-13 00:37:49.779408 [hotstuff info] 0.749117
2022-01-13 00:37:49.779419 [hotstuff info] 0.749121
2022-01-13 00:37:49.779430 [hotstuff info] 0.749126
2022-01-13 00:37:49.779441 [hotstuff info] 0.749130
2022-01-13 00:37:49.779452 [hotstuff info] 0.749134
2022-01-13 00:37:49.779463 [hotstuff info] 0.749137
2022-01-13 00:37:49.779474 [hotstuff info] 0.749142
2022-01-13 00:37:49.779486 [hotstuff info] 0.749147
2022-01-13 00:37:49.779497 [hotstuff info] 0.749150
2022-01-13 00:37:49.779508 [hotstuff info] 0.749154
2022-01-13 00:37:49.779520 [hotstuff info] 0.749160
2022-01-13 00:37:49.779531 [hotstuff info] 0.749162
2022-01-13 00:37:49.779540 [hotstuff info] 0.749165
2022-01-13 00:37:49.779553 [hotstuff info] 0.749171
2022-01-13 00:37:49.779563 [hotstuff info] 0.749174
2022-01-13 00:37:49.779575 [hotstuff info] 0.749178
2022-01-13 00:37:49.779586 [hotstuff info] 0.749183
2022-01-13 00:37:49.779598 [hotstuff info] 0.749188
2022-01-13 00:37:49.779608 [hotstuff info] 0.749193
2022-01-13 00:37:49.779620 [hotstuff info] 0.749196
2022-01-13 00:37:49.779631 [hotstuff info] 0.749201
2022-01-13 00:37:49.779641 [hotstuff info] 0.749205
2022-01-13 00:37:49.779651 [hotstuff info] 0.749208
2022-01-13 00:37:49.779661 [hotstuff info] 0.749212
2022-01-13 00:37:49.779670 [hotstuff info] 0.749215
2022-01-13 00:37:49.779681 [hotstuff info] 0.749218
2022-01-13 00:37:49.779691 [hotstuff info] 0.749222
2022-01-13 00:37:49.779702 [hotstuff info] 0.749227
2022-01-13 00:37:49.779712 [hotstuff info] 0.749230
2022-01-13 00:37:49.779723 [hotstuff info] 0.749233
2022-01-13 00:37:49.779732 [hotstuff info] 0.749236
2022-01-13 00:37:49.779743 [hotstuff info] 0.749240
2022-01-13 00:37:49.779753 [hotstuff info] 0.749245
2022-01-13 00:37:49.779765 [hotstuff info] 0.749249
2022-01-13 00:37:49.779775 [hotstuff info] 0.749252
2022-01-13 00:37:49.779785 [hotstuff info] 0.749256
2022-01-13 00:37:49.779796 [hotstuff info] 0.749261
2022-01-13 00:37:49.779807 [hotstuff info] 0.749266
2022-01-13 00:37:49.779846 [hotstuff info] 0.749298
2022-01-13 00:37:49.779870 [hotstuff info] 0.749316
2022-01-13 00:37:49.779880 [hotstuff info] 0.749319
2022-01-13 00:37:49.779890 [hotstuff info] 0.749322
2022-01-13 00:37:49.779901 [hotstuff info] 0.749327
2022-01-13 00:37:49.779912 [hotstuff info] 0.749331
2022-01-13 00:37:49.779920 [hotstuff info] 0.749334
2022-01-13 00:37:49.779931 [hotstuff info] 0.749337
2022-01-13 00:37:49.779941 [hotstuff info] 0.749341
2022-01-13 00:37:49.779951 [hotstuff info] 0.749345
2022-01-13 00:37:49.779959 [hotstuff info] 0.749348
2022-01-13 00:37:49.779969 [hotstuff info] 0.749352
2022-01-13 00:37:49.779979 [hotstuff info] 0.749355
2022-01-13 00:37:49.779990 [hotstuff info] 0.749361
2022-01-13 00:37:49.780000 [hotstuff info] 0.749351
2022-01-13 00:37:49.780012 [hotstuff info] 0.749357
2022-01-13 00:37:49.780021 [hotstuff info] 0.749360
2022-01-13 00:37:49.780033 [hotstuff info] 0.749366
2022-01-13 00:37:49.780054 [hotstuff info] 0.749381
2022-01-13 00:37:49.780065 [hotstuff info] 0.749386
2022-01-13 00:37:49.780074 [hotstuff info] 0.749389
2022-01-13 00:37:49.780084 [hotstuff info] 0.749393
2022-01-13 00:37:49.780094 [hotstuff info] 0.749395
2022-01-13 00:37:49.780104 [hotstuff info] 0.749399
2022-01-13 00:37:49.780114 [hotstuff info] 0.749403
2022-01-13 00:37:49.780124 [hotstuff info] 0.749407
2022-01-13 00:37:49.780135 [hotstuff info] 0.749412
2022-01-13 00:37:50.312488 [hotstuff info] 0.666950
2022-01-13 00:37:50.312531 [hotstuff info] 0.666981
2022-01-13 00:37:50.312546 [hotstuff info] 0.666985
2022-01-13 00:37:50.312700 [hotstuff info] 0.667060
2022-01-13 00:37:50.312725 [hotstuff info] 0.667073
2022-01-13 00:37:50.312734 [hotstuff info] 0.667074
2022-01-13 00:37:50.312746 [hotstuff info] 0.667073
2022-01-13 00:37:50.312757 [hotstuff info] 0.667075
2022-01-13 00:37:50.312769 [hotstuff info] 0.667075
2022-01-13 00:37:50.312779 [hotstuff info] 0.667075
2022-01-13 00:37:50.312792 [hotstuff info] 0.667077
