2022-01-13 00:37:47.571401 [net info] starting all threads...
2022-01-13 00:37:47.571521 [net warn] ignoring option name in conf file: block-size
2022-01-13 00:37:47.571530 [net warn] ignoring option name in conf file: nworker
2022-01-13 00:37:47.571534 [net warn] ignoring option name in conf file: repnworker
2022-01-13 00:37:47.571538 [net warn] ignoring option name in conf file: clinworker
2022-01-13 00:37:47.571542 [net warn] ignoring option name in conf file: repburst
2022-01-13 00:37:47.571546 [net warn] ignoring option name in conf file: cliburst
2022-01-13 00:37:47.571550 [net warn] ignoring option name in conf file: pace-maker
2022-01-13 00:37:47.571563 [net info] loaded configuration from hotstuff.conf
2022-01-13 00:37:47.571631 [hotstuff info] nfaulty = 3
2022-01-13 00:37:47.571869 [net info] created <Conn fd=11 addr=<NetAddr 18.188.17.142:20000> mode=active>
2022-01-13 00:37:47.572085 [net info] created <Conn fd=19 addr=<NetAddr 3.142.114.174:20000> mode=active>
2022-01-13 00:37:47.572105 [net info] connected to remote <Conn fd=11 addr=<NetAddr 18.188.17.142:20000> mode=active>
2022-01-13 00:37:47.572282 [net info] created <Conn fd=21 addr=<NetAddr 52.79.253.61:20000> mode=active>
2022-01-13 00:37:47.572473 [net info] created <Conn fd=23 addr=<NetAddr 3.36.103.56:20000> mode=active>
2022-01-13 00:37:47.572658 [net info] created <Conn fd=25 addr=<NetAddr 54.93.131.236:20000> mode=active>
2022-01-13 00:37:47.572671 [net info] connected to remote <Conn fd=19 addr=<NetAddr 3.142.114.174:20000> mode=active>
2022-01-13 00:37:47.572846 [net info] created <Conn fd=27 addr=<NetAddr 3.120.147.128:20000> mode=active>
2022-01-13 00:37:47.573029 [net info] created <Conn fd=29 addr=<NetAddr 54.215.140.88:20000> mode=active>
2022-01-13 00:37:47.573213 [net info] created <Conn fd=31 addr=<NetAddr 54.193.29.119:20000> mode=active>
2022-01-13 00:37:47.573404 [net info] created <Conn fd=33 addr=<NetAddr 3.112.224.96:20000> mode=active>
2022-01-13 00:37:47.573591 [net info] created <Conn fd=35 addr=<NetAddr 54.95.218.99:20000> mode=active>
2022-01-13 00:37:47.622716 [net info] connected to remote <Conn fd=29 addr=<NetAddr 54.215.140.88:20000> mode=active>
2022-01-13 00:37:47.623029 [net info] connected to remote <Conn fd=31 addr=<NetAddr 54.193.29.119:20000> mode=active>
2022-01-13 00:37:47.672435 [net info] connected to remote <Conn fd=25 addr=<NetAddr 54.93.131.236:20000> mode=active>
2022-01-13 00:37:47.672500 [net info] connected to remote <Conn fd=27 addr=<NetAddr 3.120.147.128:20000> mode=active>
2022-01-13 00:37:47.704880 [net info] connected to remote <Conn fd=35 addr=<NetAddr 54.95.218.99:20000> mode=active>
2022-01-13 00:37:47.705162 [net info] connected to remote <Conn fd=33 addr=<NetAddr 3.112.224.96:20000> mode=active>
2022-01-13 00:37:47.732240 [net info] connected to remote <Conn fd=21 addr=<NetAddr 52.79.253.61:20000> mode=active>
2022-01-13 00:37:47.732264 [net info] connected to remote <Conn fd=23 addr=<NetAddr 3.36.103.56:20000> mode=active>
2022-01-13 00:37:48.180087 [hotstuff info] 0.606453
2022-01-13 00:37:48.180124 [hotstuff info] 0.606480
2022-01-13 00:37:48.180137 [hotstuff info] 0.606483
2022-01-13 00:37:48.180146 [hotstuff info] 0.606484
2022-01-13 00:37:48.180155 [hotstuff info] 0.606483
2022-01-13 00:37:48.180167 [hotstuff info] 0.606487
2022-01-13 00:37:48.180176 [hotstuff info] 0.606486
2022-01-13 00:37:48.180184 [hotstuff info] 0.606485
2022-01-13 00:37:48.180411 [hotstuff info] 0.606702
2022-01-13 00:37:48.180428 [hotstuff info] 0.606711
2022-01-13 00:37:48.180435 [hotstuff info] 0.606709
2022-01-13 00:37:48.180443 [hotstuff info] 0.606705
2022-01-13 00:37:48.180450 [hotstuff info] 0.606703
2022-01-13 00:37:48.180456 [hotstuff info] 0.606700
2022-01-13 00:37:48.180463 [hotstuff info] 0.606699
2022-01-13 00:37:48.180470 [hotstuff info] 0.606697
2022-01-13 00:37:48.180477 [hotstuff info] 0.606695
2022-01-13 00:37:48.180485 [hotstuff info] 0.606691
2022-01-13 00:37:48.180492 [hotstuff info] 0.606690
2022-01-13 00:37:48.180499 [hotstuff info] 0.606687
2022-01-13 00:37:48.180506 [hotstuff info] 0.606685
2022-01-13 00:37:48.180513 [hotstuff info] 0.606685
2022-01-13 00:37:48.180521 [hotstuff info] 0.606684
2022-01-13 00:37:48.180528 [hotstuff info] 0.606682
2022-01-13 00:37:48.180536 [hotstuff info] 0.606680
2022-01-13 00:37:48.180545 [hotstuff info] 0.606678
2022-01-13 00:37:48.180553 [hotstuff info] 0.606677
2022-01-13 00:37:48.180562 [hotstuff info] 0.606677
2022-01-13 00:37:48.180568 [hotstuff info] 0.606674
2022-01-13 00:37:48.180576 [hotstuff info] 0.606674
2022-01-13 00:37:48.180583 [hotstuff info] 0.606672
2022-01-13 00:37:48.180592 [hotstuff info] 0.606672
2022-01-13 00:37:48.180601 [hotstuff info] 0.606670
2022-01-13 00:37:48.180629 [hotstuff info] 0.606690
2022-01-13 00:37:48.180635 [hotstuff info] 0.606687
2022-01-13 00:37:48.180641 [hotstuff info] 0.606684
2022-01-13 00:37:48.180648 [hotstuff info] 0.606681
2022-01-13 00:37:48.180654 [hotstuff info] 0.606679
2022-01-13 00:37:48.180661 [hotstuff info] 0.606675
2022-01-13 00:37:48.180667 [hotstuff info] 0.606672
2022-01-13 00:37:48.180674 [hotstuff info] 0.606670
2022-01-13 00:37:48.180683 [hotstuff info] 0.606670
2022-01-13 00:37:48.180690 [hotstuff info] 0.606668
2022-01-13 00:37:48.180696 [hotstuff info] 0.606665
2022-01-13 00:37:48.180705 [hotstuff info] 0.606665
2022-01-13 00:37:48.180712 [hotstuff info] 0.606660
2022-01-13 00:37:48.180721 [hotstuff info] 0.606661
2022-01-13 00:37:48.180728 [hotstuff info] 0.606658
2022-01-13 00:37:48.180735 [hotstuff info] 0.606657
2022-01-13 00:37:48.180742 [hotstuff info] 0.606656
2022-01-13 00:37:48.180749 [hotstuff info] 0.606653
2022-01-13 00:37:48.180755 [hotstuff info] 0.606650
2022-01-13 00:37:48.180761 [hotstuff info] 0.606645
2022-01-13 00:37:48.180767 [hotstuff info] 0.606642
2022-01-13 00:37:48.180773 [hotstuff info] 0.606639
2022-01-13 00:37:48.180779 [hotstuff info] 0.606637
2022-01-13 00:37:48.180786 [hotstuff info] 0.606634
2022-01-13 00:37:48.180792 [hotstuff info] 0.606631
2022-01-13 00:37:48.180799 [hotstuff info] 0.606631
2022-01-13 00:37:48.180805 [hotstuff info] 0.606625
2022-01-13 00:37:48.180811 [hotstuff info] 0.606623
2022-01-13 00:37:48.180817 [hotstuff info] 0.606619
2022-01-13 00:37:48.180824 [hotstuff info] 0.606617
2022-01-13 00:37:48.180830 [hotstuff info] 0.606615
2022-01-13 00:37:48.180837 [hotstuff info] 0.606612
2022-01-13 00:37:48.180846 [hotstuff info] 0.606613
2022-01-13 00:37:48.180853 [hotstuff info] 0.606609
2022-01-13 00:37:48.180860 [hotstuff info] 0.606607
2022-01-13 00:37:48.180867 [hotstuff info] 0.606605
2022-01-13 00:37:48.180872 [hotstuff info] 0.606602
2022-01-13 00:37:48.180878 [hotstuff info] 0.606598
2022-01-13 00:37:48.180884 [hotstuff info] 0.606595
2022-01-13 00:37:48.180889 [hotstuff info] 0.606592
2022-01-13 00:37:48.180896 [hotstuff info] 0.606588
2022-01-13 00:37:48.180902 [hotstuff info] 0.606585
2022-01-13 00:37:48.180909 [hotstuff info] 0.606583
2022-01-13 00:37:48.180915 [hotstuff info] 0.606580
2022-01-13 00:37:48.180920 [hotstuff info] 0.606577
2022-01-13 00:37:48.180928 [hotstuff info] 0.606576
2022-01-13 00:37:48.180935 [hotstuff info] 0.606571
2022-01-13 00:37:48.180945 [hotstuff info] 0.606571
2022-01-13 00:37:48.180952 [hotstuff info] 0.606569
2022-01-13 00:37:48.180960 [hotstuff info] 0.606568
2022-01-13 00:37:48.180965 [hotstuff info] 0.606566
2022-01-13 00:37:48.180972 [hotstuff info] 0.606563
2022-01-13 00:37:48.180988 [hotstuff info] 0.606568
2022-01-13 00:37:48.180994 [hotstuff info] 0.606566
2022-01-13 00:37:48.181000 [hotstuff info] 0.606563
2022-01-13 00:37:48.181007 [hotstuff info] 0.606562
2022-01-13 00:37:48.181016 [hotstuff info] 0.606561
2022-01-13 00:37:48.181023 [hotstuff info] 0.606559
2022-01-13 00:37:48.181030 [hotstuff info] 0.606557
2022-01-13 00:37:48.181038 [hotstuff info] 0.606555
2022-01-13 00:37:48.181045 [hotstuff info] 0.606553
2022-01-13 00:37:48.181052 [hotstuff info] 0.606551
2022-01-13 00:37:48.181058 [hotstuff info] 0.606549
2022-01-13 00:37:48.181065 [hotstuff info] 0.606546
2022-01-13 00:37:48.181071 [hotstuff info] 0.606543
2022-01-13 00:37:48.229056 [hotstuff info] 0.654518
2022-01-13 00:37:48.229079 [hotstuff info] 0.654533
2022-01-13 00:37:48.229087 [hotstuff info] 0.654531
2022-01-13 00:37:48.229093 [hotstuff info] 0.654528
2022-01-13 00:37:48.229100 [hotstuff info] 0.654527
2022-01-13 00:37:48.229107 [hotstuff info] 0.654524
2022-01-13 00:37:48.229114 [hotstuff info] 0.654522
2022-01-13 00:37:48.229120 [hotstuff info] 0.654519
2022-01-13 00:37:48.229128 [hotstuff info] 0.654518
2022-01-13 00:37:48.229134 [hotstuff info] 0.654513
2022-01-13 00:37:48.229142 [hotstuff info] 0.654513
2022-01-13 00:37:48.229148 [hotstuff info] 0.654510
2022-01-13 00:37:48.229397 [hotstuff info] 0.654751
2022-01-13 00:37:48.229415 [hotstuff info] 0.654759
2022-01-13 00:37:48.229425 [hotstuff info] 0.654761
2022-01-13 00:37:48.229432 [hotstuff info] 0.654759
2022-01-13 00:37:48.229440 [hotstuff info] 0.654755
2022-01-13 00:37:48.229449 [hotstuff info] 0.654755
2022-01-13 00:37:48.229456 [hotstuff info] 0.654754
2022-01-13 00:37:48.229743 [hotstuff info] 0.655032
2022-01-13 00:37:48.229762 [hotstuff info] 0.655041
2022-01-13 00:37:48.229770 [hotstuff info] 0.655040
2022-01-13 00:37:48.229779 [hotstuff info] 0.655040
2022-01-13 00:37:48.229786 [hotstuff info] 0.655038
2022-01-13 00:37:48.229793 [hotstuff info] 0.655035
2022-01-13 00:37:48.229800 [hotstuff info] 0.655033
2022-01-13 00:37:48.229858 [hotstuff info] 0.655081
2022-01-13 00:37:48.229867 [hotstuff info] 0.655081
2022-01-13 00:37:48.229875 [hotstuff info] 0.655080
2022-01-13 00:37:48.229882 [hotstuff info] 0.655078
2022-01-13 00:37:48.229888 [hotstuff info] 0.655075
2022-01-13 00:37:48.229909 [hotstuff info] 0.655086
2022-01-13 00:37:48.229914 [hotstuff info] 0.655083
2022-01-13 00:37:48.229920 [hotstuff info] 0.655079
2022-01-13 00:37:48.229925 [hotstuff info] 0.655076
2022-01-13 00:37:48.229934 [hotstuff info] 0.655076
2022-01-13 00:37:48.229940 [hotstuff info] 0.655073
2022-01-13 00:37:48.229947 [hotstuff info] 0.655069
2022-01-13 00:37:48.229954 [hotstuff info] 0.655068
2022-01-13 00:37:48.229961 [hotstuff info] 0.655066
2022-01-13 00:37:48.229968 [hotstuff info] 0.655063
2022-01-13 00:37:48.229975 [hotstuff info] 0.655061
2022-01-13 00:37:48.229982 [hotstuff info] 0.655059
2022-01-13 00:37:48.229989 [hotstuff info] 0.655059
2022-01-13 00:37:48.229996 [hotstuff info] 0.655052
2022-01-13 00:37:48.230003 [hotstuff info] 0.655050
2022-01-13 00:37:48.230010 [hotstuff info] 0.655048
2022-01-13 00:37:48.230017 [hotstuff info] 0.655045
2022-01-13 00:37:48.230024 [hotstuff info] 0.655043
2022-01-13 00:37:48.230030 [hotstuff info] 0.655041
2022-01-13 00:37:48.230037 [hotstuff info] 0.655039
2022-01-13 00:37:48.230043 [hotstuff info] 0.655035
2022-01-13 00:37:48.230051 [hotstuff info] 0.655033
2022-01-13 00:37:48.230057 [hotstuff info] 0.655030
2022-01-13 00:37:48.230064 [hotstuff info] 0.655029
2022-01-13 00:37:48.230071 [hotstuff info] 0.655027
2022-01-13 00:37:48.230078 [hotstuff info] 0.655025
2022-01-13 00:37:48.230084 [hotstuff info] 0.655022
2022-01-13 00:37:48.230090 [hotstuff info] 0.655017
2022-01-13 00:37:48.230095 [hotstuff info] 0.655014
2022-01-13 00:37:48.230102 [hotstuff info] 0.655011
2022-01-13 00:37:48.230109 [hotstuff info] 0.655010
2022-01-13 00:37:48.230116 [hotstuff info] 0.655008
2022-01-13 00:37:48.230122 [hotstuff info] 0.655006
2022-01-13 00:37:48.230129 [hotstuff info] 0.655004
2022-01-13 00:37:48.230136 [hotstuff info] 0.655001
2022-01-13 00:37:48.230143 [hotstuff info] 0.654997
2022-01-13 00:37:48.230150 [hotstuff info] 0.654996
2022-01-13 00:37:48.230157 [hotstuff info] 0.654993
2022-01-13 00:37:48.230163 [hotstuff info] 0.654987
2022-01-13 00:37:48.230170 [hotstuff info] 0.654984
2022-01-13 00:37:48.230176 [hotstuff info] 0.654982
2022-01-13 00:37:48.230182 [hotstuff info] 0.654979
2022-01-13 00:37:48.230189 [hotstuff info] 0.654976
2022-01-13 00:37:48.230195 [hotstuff info] 0.654973
2022-01-13 00:37:48.230201 [hotstuff info] 0.654972
2022-01-13 00:37:48.230209 [hotstuff info] 0.654970
2022-01-13 00:37:48.846012 [hotstuff info] 0.665889
2022-01-13 00:37:48.846048 [hotstuff info] 0.665913
2022-01-13 00:37:48.846058 [hotstuff info] 0.665913
2022-01-13 00:37:48.846066 [hotstuff info] 0.665912
2022-01-13 00:37:48.846073 [hotstuff info] 0.665907
2022-01-13 00:37:48.846080 [hotstuff info] 0.665906
2022-01-13 00:37:48.846086 [hotstuff info] 0.665904
2022-01-13 00:37:48.846095 [hotstuff info] 0.665902
2022-01-13 00:37:48.846101 [hotstuff info] 0.665674
2022-01-13 00:37:48.846109 [hotstuff info] 0.665674
2022-01-13 00:37:48.846115 [hotstuff info] 0.665673
2022-01-13 00:37:48.846123 [hotstuff info] 0.665674
2022-01-13 00:37:48.846128 [hotstuff info] 0.665673
2022-01-13 00:37:48.846137 [hotstuff info] 0.665674
2022-01-13 00:37:48.846144 [hotstuff info] 0.665674
2022-01-13 00:37:48.846151 [hotstuff info] 0.665674
2022-01-13 00:37:48.846158 [hotstuff info] 0.665674
2022-01-13 00:37:48.846166 [hotstuff info] 0.665674
2022-01-13 00:37:48.846172 [hotstuff info] 0.665675
2022-01-13 00:37:48.846180 [hotstuff info] 0.665676
2022-01-13 00:37:48.846187 [hotstuff info] 0.665674
2022-01-13 00:37:48.846194 [hotstuff info] 0.665673
2022-01-13 00:37:48.846201 [hotstuff info] 0.665674
2022-01-13 00:37:48.846209 [hotstuff info] 0.665674
2022-01-13 00:37:48.846215 [hotstuff info] 0.665672
2022-01-13 00:37:48.846223 [hotstuff info] 0.665672
2022-01-13 00:37:48.846230 [hotstuff info] 0.665669
2022-01-13 00:37:48.846238 [hotstuff info] 0.665671
2022-01-13 00:37:48.846244 [hotstuff info] 0.665669
2022-01-13 00:37:48.846550 [hotstuff info] 0.665967
2022-01-13 00:37:48.846567 [hotstuff info] 0.665977
2022-01-13 00:37:48.846575 [hotstuff info] 0.665975
2022-01-13 00:37:48.846599 [hotstuff info] 0.665970
2022-01-13 00:37:48.846609 [hotstuff info] 0.665974
2022-01-13 00:37:48.846615 [hotstuff info] 0.665975
2022-01-13 00:37:48.846623 [hotstuff info] 0.665977
2022-01-13 00:37:48.846630 [hotstuff info] 0.665977
2022-01-13 00:37:48.846637 [hotstuff info] 0.665977
2022-01-13 00:37:48.846645 [hotstuff info] 0.665978
2022-01-13 00:37:48.846652 [hotstuff info] 0.665978
2022-01-13 00:37:48.846659 [hotstuff info] 0.665978
2022-01-13 00:37:48.846667 [hotstuff info] 0.665978
2022-01-13 00:37:48.846674 [hotstuff info] 0.665979
2022-01-13 00:37:48.846681 [hotstuff info] 0.665978
2022-01-13 00:37:48.846688 [hotstuff info] 0.665978
2022-01-13 00:37:48.846695 [hotstuff info] 0.665975
2022-01-13 00:37:48.846702 [hotstuff info] 0.665975
2022-01-13 00:37:48.846709 [hotstuff info] 0.665975
2022-01-13 00:37:48.846716 [hotstuff info] 0.665975
2022-01-13 00:37:48.846723 [hotstuff info] 0.665976
2022-01-13 00:37:48.846729 [hotstuff info] 0.665976
2022-01-13 00:37:48.846737 [hotstuff info] 0.665977
2022-01-13 00:37:48.846746 [hotstuff info] 0.665980
2022-01-13 00:37:48.895173 [hotstuff info] 0.714401
2022-01-13 00:37:48.895196 [hotstuff info] 0.714417
2022-01-13 00:37:48.895204 [hotstuff info] 0.714419
2022-01-13 00:37:48.895210 [hotstuff info] 0.714419
2022-01-13 00:37:48.895217 [hotstuff info] 0.714418
2022-01-13 00:37:48.895224 [hotstuff info] 0.714420
2022-01-13 00:37:48.895232 [hotstuff info] 0.714421
2022-01-13 00:37:48.895242 [hotstuff info] 0.714427
2022-01-13 00:37:48.895254 [hotstuff info] 0.714431
2022-01-13 00:37:48.895265 [hotstuff info] 0.714435
2022-01-13 00:37:48.895277 [hotstuff info] 0.714441
2022-01-13 00:37:48.895370 [hotstuff info] 0.714524
2022-01-13 00:37:48.895384 [hotstuff info] 0.714531
2022-01-13 00:37:48.895392 [hotstuff info] 0.714533
2022-01-13 00:37:48.895404 [hotstuff info] 0.714538
2022-01-13 00:37:48.895415 [hotstuff info] 0.714544
2022-01-13 00:37:48.895426 [hotstuff info] 0.714549
2022-01-13 00:37:48.895436 [hotstuff info] 0.714553
2022-01-13 00:37:48.895444 [hotstuff info] 0.714555
2022-01-13 00:37:48.895452 [hotstuff info] 0.714557
2022-01-13 00:37:48.895462 [hotstuff info] 0.714561
2022-01-13 00:37:48.895472 [hotstuff info] 0.714565
2022-01-13 00:37:48.895484 [hotstuff info] 0.714570
2022-01-13 00:37:48.895494 [hotstuff info] 0.714574
2022-01-13 00:37:48.895505 [hotstuff info] 0.714577
2022-01-13 00:37:48.895515 [hotstuff info] 0.714581
2022-01-13 00:37:48.895526 [hotstuff info] 0.714583
2022-01-13 00:37:48.895836 [hotstuff info] 0.714885
2022-01-13 00:37:48.895871 [hotstuff info] 0.714912
2022-01-13 00:37:48.895906 [hotstuff info] 0.714941
2022-01-13 00:37:48.895919 [hotstuff info] 0.714947
2022-01-13 00:37:48.895931 [hotstuff info] 0.714953
2022-01-13 00:37:48.895942 [hotstuff info] 0.714949
2022-01-13 00:37:48.895956 [hotstuff info] 0.714957
2022-01-13 00:37:48.895967 [hotstuff info] 0.714962
2022-01-13 00:37:48.895978 [hotstuff info] 0.714963
2022-01-13 00:37:48.895990 [hotstuff info] 0.714968
2022-01-13 00:37:48.896001 [hotstuff info] 0.714973
2022-01-13 00:37:48.896013 [hotstuff info] 0.714976
2022-01-13 00:37:48.896024 [hotstuff info] 0.714980
2022-01-13 00:37:48.896034 [hotstuff info] 0.714984
2022-01-13 00:37:48.896046 [hotstuff info] 0.714988
2022-01-13 00:37:48.896059 [hotstuff info] 0.714995
2022-01-13 00:37:48.896070 [hotstuff info] 0.715000
2022-01-13 00:37:48.896082 [hotstuff info] 0.715005
2022-01-13 00:37:48.978951 [hotstuff info] 0.749873
2022-01-13 00:37:48.978982 [hotstuff info] 0.749896
2022-01-13 00:37:48.978990 [hotstuff info] 0.749899
2022-01-13 00:37:48.979181 [hotstuff info] 0.750081
2022-01-13 00:37:48.979198 [hotstuff info] 0.750092
2022-01-13 00:37:48.979205 [hotstuff info] 0.750093
2022-01-13 00:37:48.979211 [hotstuff info] 0.750092
2022-01-13 00:37:48.979217 [hotstuff info] 0.750091
2022-01-13 00:37:48.979224 [hotstuff info] 0.750091
2022-01-13 00:37:48.979230 [hotstuff info] 0.750090
2022-01-13 00:37:48.979237 [hotstuff info] 0.750090
2022-01-13 00:37:48.979245 [hotstuff info] 0.750091
2022-01-13 00:37:48.979251 [hotstuff info] 0.749837
2022-01-13 00:37:48.979257 [hotstuff info] 0.749833
2022-01-13 00:37:48.979265 [hotstuff info] 0.749833
2022-01-13 00:37:48.979272 [hotstuff info] 0.749832
2022-01-13 00:37:48.979278 [hotstuff info] 0.749830
2022-01-13 00:37:48.979286 [hotstuff info] 0.749830
2022-01-13 00:37:48.979292 [hotstuff info] 0.749829
2022-01-13 00:37:48.979299 [hotstuff info] 0.749539
2022-01-13 00:37:48.979306 [hotstuff info] 0.749537
2022-01-13 00:37:48.979313 [hotstuff info] 0.749536
2022-01-13 00:37:48.979319 [hotstuff info] 0.749534
2022-01-13 00:37:48.979326 [hotstuff info] 0.749534
2022-01-13 00:37:48.979332 [hotstuff info] 0.749534
2022-01-13 00:37:48.979340 [hotstuff info] 0.749534
2022-01-13 00:37:48.979346 [hotstuff info] 0.749480
2022-01-13 00:37:48.979354 [hotstuff info] 0.749480
2022-01-13 00:37:48.979360 [hotstuff info] 0.749480
2022-01-13 00:37:48.979367 [hotstuff info] 0.749480
2022-01-13 00:37:48.979377 [hotstuff info] 0.749469
2022-01-13 00:37:48.979384 [hotstuff info] 0.749470
2022-01-13 00:37:48.979391 [hotstuff info] 0.749472
2022-01-13 00:37:48.979399 [hotstuff info] 0.749474
2022-01-13 00:37:48.979406 [hotstuff info] 0.749473
2022-01-13 00:37:48.979416 [hotstuff info] 0.749476
2022-01-13 00:37:48.979422 [hotstuff info] 0.749477
2022-01-13 00:37:48.979431 [hotstuff info] 0.749477
2022-01-13 00:37:48.979437 [hotstuff info] 0.749476
2022-01-13 00:37:48.979444 [hotstuff info] 0.749477
2022-01-13 00:37:48.979450 [hotstuff info] 0.749475
2022-01-13 00:37:48.979457 [hotstuff info] 0.749476
2022-01-13 00:37:48.979463 [hotstuff info] 0.749475
2022-01-13 00:37:48.979470 [hotstuff info] 0.749475
2022-01-13 00:37:48.979476 [hotstuff info] 0.749474
2022-01-13 00:37:48.979483 [hotstuff info] 0.749473
2022-01-13 00:37:48.979491 [hotstuff info] 0.749475
2022-01-13 00:37:48.979498 [hotstuff info] 0.749476
2022-01-13 00:37:48.979504 [hotstuff info] 0.749476
2022-01-13 00:37:48.979514 [hotstuff info] 0.749478
2022-01-13 00:37:48.979521 [hotstuff info] 0.749478
2022-01-13 00:37:48.979528 [hotstuff info] 0.749478
2022-01-13 00:37:48.979534 [hotstuff info] 0.749477
2022-01-13 00:37:48.979541 [hotstuff info] 0.749477
2022-01-13 00:37:48.979547 [hotstuff info] 0.749477
2022-01-13 00:37:48.979553 [hotstuff info] 0.749477
2022-01-13 00:37:48.979560 [hotstuff info] 0.749477
2022-01-13 00:37:48.979566 [hotstuff info] 0.749478
2022-01-13 00:37:48.979573 [hotstuff info] 0.749478
2022-01-13 00:37:48.979579 [hotstuff info] 0.749479
2022-01-13 00:37:48.979586 [hotstuff info] 0.749478
2022-01-13 00:37:48.979593 [hotstuff info] 0.749479
2022-01-13 00:37:48.979599 [hotstuff info] 0.749477
2022-01-13 00:37:48.979605 [hotstuff info] 0.749477
2022-01-13 00:37:48.979612 [hotstuff info] 0.749477
2022-01-13 00:37:48.979618 [hotstuff info] 0.749477
2022-01-13 00:37:48.979625 [hotstuff info] 0.749475
2022-01-13 00:37:48.979634 [hotstuff info] 0.749479
2022-01-13 00:37:48.979640 [hotstuff info] 0.749477
2022-01-13 00:37:48.979646 [hotstuff info] 0.749478
2022-01-13 00:37:48.979652 [hotstuff info] 0.749477
2022-01-13 00:37:48.979659 [hotstuff info] 0.749477
2022-01-13 00:37:48.979668 [hotstuff info] 0.749480
2022-01-13 00:37:48.979681 [hotstuff info] 0.749486
2022-01-13 00:37:48.979688 [hotstuff info] 0.749487
2022-01-13 00:37:48.979694 [hotstuff info] 0.749487
2022-01-13 00:37:48.979701 [hotstuff info] 0.749486
2022-01-13 00:37:49.512464 [hotstuff info] 0.666417
2022-01-13 00:37:49.512499 [hotstuff info] 0.666443
2022-01-13 00:37:49.512508 [hotstuff info] 0.666444
2022-01-13 00:37:49.512648 [hotstuff info] 0.666575
2022-01-13 00:37:49.512666 [hotstuff info] 0.666586
2022-01-13 00:37:49.512673 [hotstuff info] 0.666587
2022-01-13 00:37:49.512680 [hotstuff info] 0.666586
2022-01-13 00:37:49.512686 [hotstuff info] 0.666587
2022-01-13 00:37:49.512694 [hotstuff info] 0.666586
2022-01-13 00:37:49.512703 [hotstuff info] 0.666589
2022-01-13 00:37:49.512713 [hotstuff info] 0.666591
2022-01-13 00:37:49.512721 [hotstuff info] 0.666593
2022-01-13 00:37:49.512730 [hotstuff info] 0.666594
2022-01-13 00:37:49.512738 [hotstuff info] 0.666595
2022-01-13 00:37:49.512745 [hotstuff info] 0.666595
2022-01-13 00:37:49.512751 [hotstuff info] 0.666595
2022-01-13 00:37:49.512759 [hotstuff info] 0.666594
2022-01-13 00:37:49.512767 [hotstuff info] 0.666596
2022-01-13 00:37:49.512773 [hotstuff info] 0.666593
2022-01-13 00:37:49.512780 [hotstuff info] 0.666593
2022-01-13 00:37:49.512787 [hotstuff info] 0.666595
2022-01-13 00:37:49.512794 [hotstuff info] 0.666594
2022-01-13 00:37:49.512802 [hotstuff info] 0.666594
2022-01-13 00:37:49.512808 [hotstuff info] 0.666594
2022-01-13 00:37:49.512815 [hotstuff info] 0.666592
2022-01-13 00:37:49.512822 [hotstuff info] 0.666594
2022-01-13 00:37:49.512829 [hotstuff info] 0.666593
2022-01-13 00:37:49.512835 [hotstuff info] 0.666592
2022-01-13 00:37:49.512842 [hotstuff info] 0.666592
2022-01-13 00:37:49.512849 [hotstuff info] 0.666283
2022-01-13 00:37:49.512856 [hotstuff info] 0.666282
2022-01-13 00:37:49.512863 [hotstuff info] 0.666282
2022-01-13 00:37:49.512870 [hotstuff info] 0.666262
2022-01-13 00:37:49.512876 [hotstuff info] 0.666261
2022-01-13 00:37:49.512883 [hotstuff info] 0.666261
2022-01-13 00:37:49.512891 [hotstuff info] 0.666261
2022-01-13 00:37:49.512901 [hotstuff info] 0.666265
2022-01-13 00:37:49.512908 [hotstuff info] 0.666264
2022-01-13 00:37:49.512916 [hotstuff info] 0.666266
2022-01-13 00:37:49.512922 [hotstuff info] 0.666265
2022-01-13 00:37:49.512930 [hotstuff info] 0.666264
2022-01-13 00:37:49.512939 [hotstuff info] 0.666266
2022-01-13 00:37:49.512946 [hotstuff info] 0.666265
2022-01-13 00:37:49.512952 [hotstuff info] 0.666265
2022-01-13 00:37:49.512960 [hotstuff info] 0.666266
2022-01-13 00:37:49.513390 [hotstuff info] 0.666689
2022-01-13 00:37:49.513412 [hotstuff info] 0.666703
2022-01-13 00:37:49.513423 [hotstuff info] 0.666708
2022-01-13 00:37:49.513434 [hotstuff info] 0.666711
2022-01-13 00:37:49.513445 [hotstuff info] 0.666716
2022-01-13 00:37:49.513454 [hotstuff info] 0.666718
2022-01-13 00:37:49.513465 [hotstuff info] 0.666720
2022-01-13 00:37:49.513477 [hotstuff info] 0.666725
2022-01-13 00:37:49.513489 [hotstuff info] 0.618294
2022-01-13 00:37:49.513504 [hotstuff info] 0.618302
2022-01-13 00:37:49.513515 [hotstuff info] 0.618305
2022-01-13 00:37:49.513527 [hotstuff info] 0.618312
2022-01-13 00:37:49.562088 [hotstuff info] 0.666864
2022-01-13 00:37:49.562118 [hotstuff info] 0.666887
2022-01-13 00:37:49.562130 [hotstuff info] 0.666889
2022-01-13 00:37:49.562142 [hotstuff info] 0.666889
2022-01-13 00:37:49.562153 [hotstuff info] 0.666890
2022-01-13 00:37:49.562165 [hotstuff info] 0.666889
2022-01-13 00:37:49.562177 [hotstuff info] 0.666892
2022-01-13 00:37:49.562188 [hotstuff info] 0.666806
2022-01-13 00:37:49.562200 [hotstuff info] 0.666809
2022-01-13 00:37:49.562212 [hotstuff info] 0.666809
2022-01-13 00:37:49.562224 [hotstuff info] 0.666810
2022-01-13 00:37:49.562496 [hotstuff info] 0.667071
2022-01-13 00:37:49.562517 [hotstuff info] 0.667082
2022-01-13 00:37:49.562528 [hotstuff info] 0.667086
2022-01-13 00:37:49.562536 [hotstuff info] 0.667086
2022-01-13 00:37:49.562544 [hotstuff info] 0.667083
2022-01-13 00:37:49.562550 [hotstuff info] 0.667079
2022-01-13 00:37:49.562557 [hotstuff info] 0.667074
2022-01-13 00:37:49.562564 [hotstuff info] 0.667071
2022-01-13 00:37:49.562572 [hotstuff info] 0.667069
2022-01-13 00:37:49.562579 [hotstuff info] 0.667066
2022-01-13 00:37:49.562588 [hotstuff info] 0.667063
2022-01-13 00:37:49.562594 [hotstuff info] 0.667058
2022-01-13 00:37:49.645267 [hotstuff info] 0.749397
2022-01-13 00:37:49.645298 [hotstuff info] 0.749394
2022-01-13 00:37:49.645307 [hotstuff info] 0.749389
2022-01-13 00:37:49.645432 [hotstuff info] 0.749504
2022-01-13 00:37:49.645449 [hotstuff info] 0.749509
2022-01-13 00:37:49.645456 [hotstuff info] 0.749501
2022-01-13 00:37:49.645463 [hotstuff info] 0.749497
2022-01-13 00:37:49.645470 [hotstuff info] 0.749493
2022-01-13 00:37:49.645478 [hotstuff info] 0.749489
2022-01-13 00:37:49.645484 [hotstuff info] 0.749484
2022-01-13 00:37:49.645492 [hotstuff info] 0.749480
2022-01-13 00:37:49.645705 [hotstuff info] 0.749682
2022-01-13 00:37:49.645725 [hotstuff info] 0.749692
2022-01-13 00:37:49.645731 [hotstuff info] 0.749686
2022-01-13 00:37:49.645740 [hotstuff info] 0.749683
2022-01-13 00:37:49.645749 [hotstuff info] 0.749681
2022-01-13 00:37:49.645758 [hotstuff info] 0.749678
2022-01-13 00:37:49.645765 [hotstuff info] 0.749674
2022-01-13 00:37:49.645842 [hotstuff info] 0.666862
2022-01-13 00:37:49.645850 [hotstuff info] 0.666860
2022-01-13 00:37:49.645857 [hotstuff info] 0.666860
2022-01-13 00:37:49.645863 [hotstuff info] 0.666667
2022-01-13 00:37:49.645870 [hotstuff info] 0.666666
2022-01-13 00:37:49.645877 [hotstuff info] 0.666667
2022-01-13 00:37:49.645884 [hotstuff info] 0.666667
2022-01-13 00:37:49.645891 [hotstuff info] 0.666667
2022-01-13 00:37:49.645897 [hotstuff info] 0.666668
2022-01-13 00:37:49.645904 [hotstuff info] 0.666668
2022-01-13 00:37:49.645911 [hotstuff info] 0.666667
2022-01-13 00:37:49.645918 [hotstuff info] 0.666668
2022-01-13 00:37:49.645925 [hotstuff info] 0.666668
2022-01-13 00:37:49.645931 [hotstuff info] 0.666667
2022-01-13 00:37:49.645939 [hotstuff info] 0.666668
2022-01-13 00:37:49.645946 [hotstuff info] 0.666670
2022-01-13 00:37:49.645953 [hotstuff info] 0.666668
2022-01-13 00:37:49.645959 [hotstuff info] 0.666668
2022-01-13 00:37:49.645967 [hotstuff info] 0.666668
2022-01-13 00:37:49.645972 [hotstuff info] 0.666668
2022-01-13 00:37:49.645979 [hotstuff info] 0.666668
2022-01-13 00:37:49.645985 [hotstuff info] 0.666668
2022-01-13 00:37:49.645992 [hotstuff info] 0.666667
2022-01-13 00:37:49.645999 [hotstuff info] 0.666667
2022-01-13 00:37:49.646008 [hotstuff info] 0.666670
2022-01-13 00:37:49.646015 [hotstuff info] 0.666670
2022-01-13 00:37:49.646023 [hotstuff info] 0.666670
2022-01-13 00:37:49.646030 [hotstuff info] 0.666670
2022-01-13 00:37:49.646038 [hotstuff info] 0.666672
2022-01-13 00:37:49.646048 [hotstuff info] 0.666672
2022-01-13 00:37:49.646057 [hotstuff info] 0.666675
2022-01-13 00:37:49.646065 [hotstuff info] 0.666676
2022-01-13 00:37:49.646073 [hotstuff info] 0.666676
2022-01-13 00:37:49.646082 [hotstuff info] 0.666676
2022-01-13 00:37:49.646091 [hotstuff info] 0.666676
2022-01-13 00:37:49.646099 [hotstuff info] 0.666677
2022-01-13 00:37:49.646107 [hotstuff info] 0.666677
2022-01-13 00:37:49.646114 [hotstuff info] 0.666678
2022-01-13 00:37:49.646122 [hotstuff info] 0.666679
2022-01-13 00:37:49.646129 [hotstuff info] 0.666680
2022-01-13 00:37:49.646137 [hotstuff info] 0.666682
2022-01-13 00:37:49.646145 [hotstuff info] 0.666682
2022-01-13 00:37:49.646153 [hotstuff info] 0.666683
2022-01-13 00:37:49.646160 [hotstuff info] 0.666684
2022-01-13 00:37:49.646166 [hotstuff info] 0.666685
2022-01-13 00:37:49.646173 [hotstuff info] 0.666683
2022-01-13 00:37:49.646180 [hotstuff info] 0.666682
2022-01-13 00:37:49.646187 [hotstuff info] 0.666683
2022-01-13 00:37:49.646194 [hotstuff info] 0.666682
2022-01-13 00:37:49.646200 [hotstuff info] 0.666680
2022-01-13 00:37:49.646207 [hotstuff info] 0.666681
2022-01-13 00:37:49.646214 [hotstuff info] 0.666681
2022-01-13 00:37:49.646220 [hotstuff info] 0.666681
2022-01-13 00:37:49.646227 [hotstuff info] 0.666681
2022-01-13 00:37:49.646234 [hotstuff info] 0.666681
2022-01-13 00:37:49.646239 [hotstuff info] 0.666680
2022-01-13 00:37:49.646245 [hotstuff info] 0.666680
2022-01-13 00:37:49.646251 [hotstuff info] 0.666679
2022-01-13 00:37:49.646258 [hotstuff info] 0.666679
2022-01-13 00:37:49.646264 [hotstuff info] 0.666679
2022-01-13 00:37:49.646270 [hotstuff info] 0.666677
2022-01-13 00:37:49.646276 [hotstuff info] 0.666677
2022-01-13 00:37:49.646282 [hotstuff info] 0.666677
2022-01-13 00:37:49.646289 [hotstuff info] 0.666678
2022-01-13 00:37:49.646294 [hotstuff info] 0.666677
2022-01-13 00:37:49.646314 [hotstuff info] 0.666690
2022-01-13 00:37:49.646320 [hotstuff info] 0.666686
2022-01-13 00:37:49.646326 [hotstuff info] 0.666687
2022-01-13 00:37:49.646331 [hotstuff info] 0.666686
2022-01-13 00:37:49.646341 [hotstuff info] 0.666689
2022-01-13 00:37:49.646350 [hotstuff info] 0.666692
2022-01-13 00:37:49.646358 [hotstuff info] 0.666692
2022-01-13 00:37:49.646368 [hotstuff info] 0.666692
2022-01-13 00:37:49.646381 [hotstuff info] 0.666694
2022-01-13 00:37:49.646389 [hotstuff info] 0.666696
2022-01-13 00:37:49.646396 [hotstuff info] 0.666696
2022-01-13 00:37:49.646406 [hotstuff info] 0.666698
2022-01-13 00:37:50.179255 [hotstuff info] 0.666757
2022-01-13 00:37:50.179291 [hotstuff info] 0.666784
2022-01-13 00:37:50.179299 [hotstuff info] 0.666785
2022-01-13 00:37:50.179475 [hotstuff info] 0.666810
2022-01-13 00:37:50.179493 [hotstuff info] 0.666821
2022-01-13 00:37:50.179500 [hotstuff info] 0.666822
2022-01-13 00:37:50.179507 [hotstuff info] 0.666821
2022-01-13 00:37:50.179514 [hotstuff info] 0.666822
2022-01-13 00:37:50.179522 [hotstuff info] 0.666821
2022-01-13 00:37:50.179530 [hotstuff info] 0.666818
2022-01-13 00:37:50.179539 [hotstuff info] 0.666819
2022-01-13 00:37:50.179549 [hotstuff info] 0.666821
2022-01-13 00:37:50.179556 [hotstuff info] 0.666819
2022-01-13 00:37:50.179563 [hotstuff info] 0.666819
2022-01-13 00:37:50.179570 [hotstuff info] 0.666819
2022-01-13 00:37:50.179577 [hotstuff info] 0.666819
2022-01-13 00:37:50.179583 [hotstuff info] 0.666817
2022-01-13 00:37:50.179591 [hotstuff info] 0.666819
2022-01-13 00:37:50.179597 [hotstuff info] 0.666819
2022-01-13 00:37:50.179605 [hotstuff info] 0.666818
2022-01-13 00:37:50.179611 [hotstuff info] 0.666817
2022-01-13 00:37:50.179619 [hotstuff info] 0.666818
2022-01-13 00:37:50.179625 [hotstuff info] 0.666819
2022-01-13 00:37:50.179633 [hotstuff info] 0.666819
2022-01-13 00:37:50.179639 [hotstuff info] 0.666817
2022-01-13 00:37:50.179647 [hotstuff info] 0.666818
2022-01-13 00:37:50.179653 [hotstuff info] 0.666819
2022-01-13 00:37:50.179660 [hotstuff info] 0.666818
2022-01-13 00:37:50.179668 [hotstuff info] 0.666819
2022-01-13 00:37:50.179676 [hotstuff info] 0.666822
2022-01-13 00:37:50.179683 [hotstuff info] 0.666821
2022-01-13 00:37:50.179691 [hotstuff info] 0.666821
2022-01-13 00:37:50.179697 [hotstuff info] 0.666822
2022-01-13 00:37:50.179704 [hotstuff info] 0.666822
2022-01-13 00:37:50.179711 [hotstuff info] 0.666821
2022-01-13 00:37:50.179718 [hotstuff info] 0.666817
2022-01-13 00:37:50.179724 [hotstuff info] 0.666818
2022-01-13 00:37:50.179732 [hotstuff info] 0.666816
2022-01-13 00:37:50.179738 [hotstuff info] 0.666816
2022-01-13 00:37:50.179745 [hotstuff info] 0.666816
2022-01-13 00:37:50.179751 [hotstuff info] 0.666813
2022-01-13 00:37:50.179758 [hotstuff info] 0.666813
2022-01-13 00:37:50.179764 [hotstuff info] 0.666813
2022-01-13 00:37:50.179771 [hotstuff info] 0.666812
2022-01-13 00:37:50.179777 [hotstuff info] 0.666812
2022-01-13 00:37:50.179790 [hotstuff info] 0.666379
2022-01-13 00:37:50.179797 [hotstuff info] 0.666375
2022-01-13 00:37:50.179805 [hotstuff info] 0.666372
2022-01-13 00:37:50.179810 [hotstuff info] 0.666368
2022-01-13 00:37:50.179818 [hotstuff info] 0.666365
2022-01-13 00:37:50.179824 [hotstuff info] 0.666361
2022-01-13 00:37:50.179831 [hotstuff info] 0.666356
2022-01-13 00:37:50.179837 [hotstuff info] 0.666350
2022-01-13 00:37:50.180330 [hotstuff info] 0.666830
2022-01-13 00:37:50.228240 [hotstuff info] 0.714726
2022-01-13 00:37:50.228275 [hotstuff info] 0.714749
2022-01-13 00:37:50.228288 [hotstuff info] 0.714752
2022-01-13 00:37:50.312325 [hotstuff info] 0.750209
2022-01-13 00:37:50.312356 [hotstuff info] 0.750228
2022-01-13 00:37:50.312370 [hotstuff info] 0.750229
2022-01-13 00:37:50.312533 [hotstuff info] 0.750381
2022-01-13 00:37:50.312552 [hotstuff info] 0.750388
2022-01-13 00:37:50.312559 [hotstuff info] 0.750383
2022-01-13 00:37:50.312566 [hotstuff info] 0.750380
2022-01-13 00:37:50.312573 [hotstuff info] 0.750376
2022-01-13 00:37:50.312581 [hotstuff info] 0.750372
2022-01-13 00:37:50.312590 [hotstuff info] 0.750369
2022-01-13 00:37:50.312599 [hotstuff info] 0.750365
2022-01-13 00:37:50.312607 [hotstuff info] 0.750093
2022-01-13 00:37:50.312614 [hotstuff info] 0.750086
2022-01-13 00:37:50.312621 [hotstuff info] 0.750085
2022-01-13 00:37:50.312629 [hotstuff info] 0.750087
2022-01-13 00:37:50.312637 [hotstuff info] 0.750088
2022-01-13 00:37:50.312646 [hotstuff info] 0.750090
2022-01-13 00:37:50.312653 [hotstuff info] 0.750090
2022-01-13 00:37:50.312661 [hotstuff info] 0.750090
2022-01-13 00:37:50.312671 [hotstuff info] 0.750092
2022-01-13 00:37:50.312678 [hotstuff info] 0.750092
2022-01-13 00:37:50.312686 [hotstuff info] 0.750093
2022-01-13 00:37:50.312694 [hotstuff info] 0.750092
2022-01-13 00:37:50.312701 [hotstuff info] 0.667405
2022-01-13 00:37:50.312708 [hotstuff info] 0.667402
2022-01-13 00:37:50.312715 [hotstuff info] 0.667402
2022-01-13 00:37:50.312729 [hotstuff info] 0.667281
2022-01-13 00:37:50.312735 [hotstuff info] 0.667281
2022-01-13 00:37:50.312743 [hotstuff info] 0.667282
2022-01-13 00:37:50.312749 [hotstuff info] 0.667280
2022-01-13 00:37:50.312756 [hotstuff info] 0.667279
2022-01-13 00:37:50.312765 [hotstuff info] 0.667281
2022-01-13 00:37:50.312772 [hotstuff info] 0.667281
2022-01-13 00:37:50.312778 [hotstuff info] 0.667280
2022-01-13 00:37:50.313184 [hotstuff info] 0.667461
2022-01-13 00:37:50.313202 [hotstuff info] 0.667472
2022-01-13 00:37:50.313212 [hotstuff info] 0.667473
2022-01-13 00:37:50.313222 [hotstuff info] 0.667474
2022-01-13 00:37:50.313232 [hotstuff info] 0.667475
2022-01-13 00:37:50.313242 [hotstuff info] 0.667477
2022-01-13 00:37:50.313253 [hotstuff info] 0.667481
2022-01-13 00:37:50.313262 [hotstuff info] 0.667413
2022-01-13 00:37:50.313272 [hotstuff info] 0.667415
2022-01-13 00:37:50.313282 [hotstuff info] 0.667419
2022-01-13 00:37:50.313293 [hotstuff info] 0.667423
2022-01-13 00:37:50.313303 [hotstuff info] 0.667428
2022-01-13 00:37:50.313314 [hotstuff info] 0.667431
2022-01-13 00:37:50.313323 [hotstuff info] 0.667433
2022-01-13 00:37:50.313335 [hotstuff info] 0.667439
2022-01-13 00:37:50.313346 [hotstuff info] 0.667442
2022-01-13 00:37:50.313358 [hotstuff info] 0.667448
2022-01-13 00:37:50.313368 [hotstuff info] 0.667452
2022-01-13 00:37:50.313379 [hotstuff info] 0.667455
2022-01-13 00:37:50.313391 [hotstuff info] 0.667460
2022-01-13 00:37:50.313470 [hotstuff info] 0.667531
2022-01-13 00:37:50.313484 [hotstuff info] 0.667538
2022-01-13 00:37:50.313496 [hotstuff info] 0.667543
2022-01-13 00:37:50.313505 [hotstuff info] 0.667547
2022-01-13 00:37:50.313517 [hotstuff info] 0.667551
2022-01-13 00:37:50.313528 [hotstuff info] 0.667556
2022-01-13 00:37:50.313538 [hotstuff info] 0.667559
2022-01-13 00:37:50.313549 [hotstuff info] 0.667564
2022-01-13 00:37:50.313560 [hotstuff info] 0.667570
2022-01-13 00:37:50.313571 [hotstuff info] 0.667574
2022-01-13 00:37:50.313582 [hotstuff info] 0.667574
2022-01-13 00:37:50.313593 [hotstuff info] 0.667579
2022-01-13 00:37:50.313603 [hotstuff info] 0.667581
2022-01-13 00:37:50.313614 [hotstuff info] 0.667586
2022-01-13 00:37:50.313627 [hotstuff info] 0.667590
2022-01-13 00:37:50.313638 [hotstuff info] 0.667591
2022-01-13 00:37:50.313650 [hotstuff info] 0.667594
2022-01-13 00:37:50.313661 [hotstuff info] 0.667596
2022-01-13 00:37:50.313672 [hotstuff info] 0.667599
2022-01-13 00:37:50.313684 [hotstuff info] 0.667603
2022-01-13 00:37:50.313695 [hotstuff info] 0.667605
2022-01-13 00:37:50.313705 [hotstuff info] 0.667607
2022-01-13 00:37:50.313715 [hotstuff info] 0.667609
2022-01-13 00:37:50.313728 [hotstuff info] 0.667615
2022-01-13 00:37:50.313737 [hotstuff info] 0.667617
2022-01-13 00:37:50.313749 [hotstuff info] 0.667621
2022-01-13 00:37:50.313760 [hotstuff info] 0.667623
2022-01-13 00:37:50.313770 [hotstuff info] 0.667627
2022-01-13 00:37:50.313782 [hotstuff info] 0.667631
2022-01-13 00:37:50.313793 [hotstuff info] 0.667635
2022-01-13 00:37:50.313804 [hotstuff info] 0.667639
2022-01-13 00:37:50.313815 [hotstuff info] 0.667642
2022-01-13 00:37:50.313826 [hotstuff info] 0.667646
2022-01-13 00:37:50.313835 [hotstuff info] 0.667650
2022-01-13 00:37:50.313846 [hotstuff info] 0.667652
2022-01-13 00:37:50.313857 [hotstuff info] 0.667658
2022-01-13 00:37:50.313869 [hotstuff info] 0.667662
2022-01-13 00:37:50.313881 [hotstuff info] 0.667668
2022-01-13 00:37:50.313894 [hotstuff info] 0.667674
2022-01-13 00:37:50.313904 [hotstuff info] 0.667678
2022-01-13 00:37:50.313917 [hotstuff info] 0.667685
2022-01-13 00:37:50.313929 [hotstuff info] 0.667690
2022-01-13 00:37:50.313940 [hotstuff info] 0.667695
2022-01-13 00:37:50.313950 [hotstuff info] 0.667700
2022-01-13 00:37:50.313961 [hotstuff info] 0.667704
2022-01-13 00:37:50.313973 [hotstuff info] 0.667710
2022-01-13 00:37:50.313986 [hotstuff info] 0.667716
2022-01-13 00:37:50.313997 [hotstuff info] 0.667721
2022-01-13 00:37:50.314007 [hotstuff info] 0.667725
2022-01-13 00:37:50.314020 [hotstuff info] 0.667732
2022-01-13 00:37:50.314031 [hotstuff info] 0.667737
2022-01-13 00:37:50.314041 [hotstuff info] 0.667729
2022-01-13 00:37:50.314053 [hotstuff info] 0.667733
2022-01-13 00:37:50.314065 [hotstuff info] 0.667740
2022-01-13 00:37:50.314076 [hotstuff info] 0.667745
2022-01-13 00:37:50.314096 [hotstuff info] 0.667756
2022-01-13 00:37:50.314107 [hotstuff info] 0.667759
2022-01-13 00:37:50.314117 [hotstuff info] 0.667760
2022-01-13 00:37:50.314128 [hotstuff info] 0.667763
2022-01-13 00:37:50.314139 [hotstuff info] 0.667759
2022-01-13 00:37:50.314152 [hotstuff info] 0.667763
2022-01-13 00:37:50.314163 [hotstuff info] 0.667768
2022-01-13 00:37:50.314173 [hotstuff info] 0.667768
2022-01-13 00:37:50.314183 [hotstuff info] 0.667768
2022-01-13 00:37:50.846175 [hotstuff info] 0.666886
2022-01-13 00:37:50.846212 [hotstuff info] 0.666914
2022-01-13 00:37:50.846221 [hotstuff info] 0.666916
2022-01-13 00:37:50.846436 [hotstuff info] 0.666945
2022-01-13 00:37:50.846454 [hotstuff info] 0.666954
2022-01-13 00:37:50.846462 [hotstuff info] 0.666956
2022-01-13 00:37:50.846470 [hotstuff info] 0.666956
2022-01-13 00:37:50.846477 [hotstuff info] 0.666955
2022-01-13 00:37:50.846484 [hotstuff info] 0.666956
2022-01-13 00:37:50.846491 [hotstuff info] 0.666953
2022-01-13 00:37:50.846499 [hotstuff info] 0.666951
