2022-01-13 00:37:46.941183 [net info] starting all threads...
2022-01-13 00:37:46.941300 [net warn] ignoring option name in conf file: block-size
2022-01-13 00:37:46.941309 [net warn] ignoring option name in conf file: nworker
2022-01-13 00:37:46.941313 [net warn] ignoring option name in conf file: repnworker
2022-01-13 00:37:46.941317 [net warn] ignoring option name in conf file: clinworker
2022-01-13 00:37:46.941321 [net warn] ignoring option name in conf file: repburst
2022-01-13 00:37:46.941325 [net warn] ignoring option name in conf file: cliburst
2022-01-13 00:37:46.941329 [net warn] ignoring option name in conf file: pace-maker
2022-01-13 00:37:46.941342 [net info] loaded configuration from hotstuff.conf
2022-01-13 00:37:46.941408 [hotstuff info] nfaulty = 3
2022-01-13 00:37:46.941645 [net info] created <Conn fd=11 addr=<NetAddr 18.188.17.142:20000> mode=active>
2022-01-13 00:37:46.941873 [net info] created <Conn fd=19 addr=<NetAddr 3.142.114.174:20000> mode=active>
2022-01-13 00:37:46.941900 [net info] connected to remote <Conn fd=11 addr=<NetAddr 18.188.17.142:20000> mode=active>
2022-01-13 00:37:46.942092 [net info] created <Conn fd=21 addr=<NetAddr 52.79.253.61:20000> mode=active>
2022-01-13 00:37:46.942302 [net info] created <Conn fd=23 addr=<NetAddr 3.36.103.56:20000> mode=active>
2022-01-13 00:37:46.942506 [net info] created <Conn fd=25 addr=<NetAddr 54.93.131.236:20000> mode=active>
2022-01-13 00:37:46.942521 [net info] connected to remote <Conn fd=19 addr=<NetAddr 3.142.114.174:20000> mode=active>
2022-01-13 00:37:46.942700 [net info] created <Conn fd=27 addr=<NetAddr 3.120.147.128:20000> mode=active>
2022-01-13 00:37:46.942881 [net info] created <Conn fd=29 addr=<NetAddr 54.215.140.88:20000> mode=active>
2022-01-13 00:37:46.943068 [net info] created <Conn fd=31 addr=<NetAddr 54.193.29.119:20000> mode=active>
2022-01-13 00:37:46.943262 [net info] created <Conn fd=33 addr=<NetAddr 3.112.224.96:20000> mode=active>
2022-01-13 00:37:46.943457 [net info] created <Conn fd=35 addr=<NetAddr 54.95.218.99:20000> mode=active>
2022-01-13 00:37:46.993748 [net info] connected to remote <Conn fd=31 addr=<NetAddr 54.193.29.119:20000> mode=active>
2022-01-13 00:37:46.994760 [net info] connected to remote <Conn fd=29 addr=<NetAddr 54.215.140.88:20000> mode=active>
2022-01-13 00:37:47.042232 [net info] connected to remote <Conn fd=25 addr=<NetAddr 54.93.131.236:20000> mode=active>
2022-01-13 00:37:47.042463 [net info] connected to remote <Conn fd=27 addr=<NetAddr 3.120.147.128:20000> mode=active>
2022-01-13 00:37:47.073899 [net info] connected to remote <Conn fd=35 addr=<NetAddr 54.95.218.99:20000> mode=active>
2022-01-13 00:37:47.076011 [net info] connected to remote <Conn fd=33 addr=<NetAddr 3.112.224.96:20000> mode=active>
2022-01-13 00:37:47.102214 [net info] connected to remote <Conn fd=23 addr=<NetAddr 3.36.103.56:20000> mode=active>
2022-01-13 00:37:47.102509 [net info] connected to remote <Conn fd=21 addr=<NetAddr 52.79.253.61:20000> mode=active>
2022-01-13 00:37:47.781846 [hotstuff info] 0.838347
2022-01-13 00:37:47.781886 [hotstuff info] 0.838375
2022-01-13 00:37:47.781900 [hotstuff info] 0.838380
2022-01-13 00:37:47.781913 [hotstuff info] 0.838384
2022-01-13 00:37:47.781925 [hotstuff info] 0.838386
2022-01-13 00:37:47.781942 [hotstuff info] 0.838394
2022-01-13 00:37:47.781954 [hotstuff info] 0.838397
2022-01-13 00:37:47.781964 [hotstuff info] 0.838398
2022-01-13 00:37:47.781977 [hotstuff info] 0.838402
2022-01-13 00:37:47.781989 [hotstuff info] 0.838405
2022-01-13 00:37:47.782000 [hotstuff info] 0.838407
2022-01-13 00:37:47.782012 [hotstuff info] 0.838408
2022-01-13 00:37:47.782024 [hotstuff info] 0.838411
2022-01-13 00:37:47.782035 [hotstuff info] 0.838413
2022-01-13 00:37:47.782047 [hotstuff info] 0.838415
2022-01-13 00:37:47.782059 [hotstuff info] 0.838419
2022-01-13 00:37:47.782071 [hotstuff info] 0.838422
2022-01-13 00:37:47.782083 [hotstuff info] 0.838423
2022-01-13 00:37:47.782095 [hotstuff info] 0.838425
2022-01-13 00:37:47.782105 [hotstuff info] 0.838426
2022-01-13 00:37:47.782118 [hotstuff info] 0.838430
2022-01-13 00:37:47.782129 [hotstuff info] 0.838434
2022-01-13 00:37:47.782141 [hotstuff info] 0.838436
2022-01-13 00:37:47.782153 [hotstuff info] 0.838439
2022-01-13 00:37:47.782166 [hotstuff info] 0.838443
2022-01-13 00:37:47.782198 [hotstuff info] 0.838465
2022-01-13 00:37:47.782212 [hotstuff info] 0.838469
2022-01-13 00:37:47.782224 [hotstuff info] 0.838473
2022-01-13 00:37:47.782236 [hotstuff info] 0.838476
2022-01-13 00:37:47.782246 [hotstuff info] 0.838478
2022-01-13 00:37:47.782259 [hotstuff info] 0.838481
2022-01-13 00:37:47.782270 [hotstuff info] 0.838483
2022-01-13 00:37:47.782281 [hotstuff info] 0.838484
2022-01-13 00:37:47.782331 [hotstuff info] 0.838525
2022-01-13 00:37:47.782342 [hotstuff info] 0.838528
2022-01-13 00:37:47.782356 [hotstuff info] 0.838532
2022-01-13 00:37:47.782367 [hotstuff info] 0.838535
2022-01-13 00:37:47.782377 [hotstuff info] 0.838534
2022-01-13 00:37:47.782390 [hotstuff info] 0.838537
2022-01-13 00:37:47.782400 [hotstuff info] 0.838539
2022-01-13 00:37:47.782412 [hotstuff info] 0.838541
2022-01-13 00:37:47.782423 [hotstuff info] 0.838543
2022-01-13 00:37:47.782436 [hotstuff info] 0.838547
2022-01-13 00:37:47.782446 [hotstuff info] 0.838548
2022-01-13 00:37:47.782458 [hotstuff info] 0.838551
2022-01-13 00:37:47.782469 [hotstuff info] 0.838550
2022-01-13 00:37:47.782480 [hotstuff info] 0.838552
2022-01-13 00:37:47.782490 [hotstuff info] 0.838553
2022-01-13 00:37:47.782503 [hotstuff info] 0.838557
2022-01-13 00:37:47.782514 [hotstuff info] 0.838559
2022-01-13 00:37:47.914096 [hotstuff info] 0.970132
2022-01-13 00:37:47.914123 [hotstuff info] 0.970151
2022-01-13 00:37:47.914134 [hotstuff info] 0.970150
2022-01-13 00:37:47.914143 [hotstuff info] 0.970151
2022-01-13 00:37:47.914154 [hotstuff info] 0.970152
2022-01-13 00:37:47.914163 [hotstuff info] 0.970152
2022-01-13 00:37:47.914192 [hotstuff info] 0.970172
2022-01-13 00:37:47.914201 [hotstuff info] 0.970172
2022-01-13 00:37:47.914211 [hotstuff info] 0.970173
2022-01-13 00:37:47.914221 [hotstuff info] 0.970173
2022-01-13 00:37:47.914232 [hotstuff info] 0.970175
2022-01-13 00:37:47.914241 [hotstuff info] 0.970176
2022-01-13 00:37:47.914252 [hotstuff info] 0.970178
2022-01-13 00:37:47.914262 [hotstuff info] 0.970179
2022-01-13 00:37:47.914273 [hotstuff info] 0.970180
2022-01-13 00:37:47.914299 [hotstuff info] 0.970197
2022-01-13 00:37:47.914311 [hotstuff info] 0.970199
2022-01-13 00:37:47.914322 [hotstuff info] 0.970201
2022-01-13 00:37:47.914333 [hotstuff info] 0.970202
2022-01-13 00:37:47.914344 [hotstuff info] 0.970204
2022-01-13 00:37:47.914356 [hotstuff info] 0.970207
2022-01-13 00:37:47.914366 [hotstuff info] 0.970209
2022-01-13 00:37:47.914377 [hotstuff info] 0.970210
2022-01-13 00:37:47.914387 [hotstuff info] 0.970210
2022-01-13 00:37:47.914399 [hotstuff info] 0.970213
2022-01-13 00:37:47.914410 [hotstuff info] 0.970215
2022-01-13 00:37:47.914422 [hotstuff info] 0.970219
2022-01-13 00:37:47.914432 [hotstuff info] 0.970220
2022-01-13 00:37:47.914444 [hotstuff info] 0.970223
2022-01-13 00:37:47.914456 [hotstuff info] 0.970222
2022-01-13 00:37:47.914468 [hotstuff info] 0.970225
2022-01-13 00:37:47.914479 [hotstuff info] 0.970227
2022-01-13 00:37:47.914491 [hotstuff info] 0.970230
2022-01-13 00:37:47.914501 [hotstuff info] 0.970232
2022-01-13 00:37:47.914513 [hotstuff info] 0.970234
2022-01-13 00:37:47.914524 [hotstuff info] 0.970234
2022-01-13 00:37:47.914536 [hotstuff info] 0.970237
2022-01-13 00:37:47.914547 [hotstuff info] 0.970241
2022-01-13 00:37:47.914560 [hotstuff info] 0.970244
2022-01-13 00:37:47.914570 [hotstuff info] 0.970245
2022-01-13 00:37:47.914584 [hotstuff info] 0.970250
2022-01-13 00:37:47.914593 [hotstuff info] 0.970250
2022-01-13 00:37:47.914604 [hotstuff info] 0.970250
2022-01-13 00:37:47.914614 [hotstuff info] 0.970251
2022-01-13 00:37:47.914672 [hotstuff info] 0.970300
2022-01-13 00:37:47.914684 [hotstuff info] 0.970303
2022-01-13 00:37:47.914695 [hotstuff info] 0.970307
2022-01-13 00:37:47.914706 [hotstuff info] 0.970308
2022-01-13 00:37:47.914718 [hotstuff info] 0.970311
2022-01-13 00:37:47.914728 [hotstuff info] 0.970312
2022-01-13 00:37:47.914738 [hotstuff info] 0.970311
2022-01-13 00:37:47.914748 [hotstuff info] 0.970313
2022-01-13 00:37:47.914759 [hotstuff info] 0.970314
2022-01-13 00:37:47.914769 [hotstuff info] 0.970315
2022-01-13 00:37:47.914780 [hotstuff info] 0.970317
2022-01-13 00:37:47.914790 [hotstuff info] 0.970318
2022-01-13 00:37:47.914801 [hotstuff info] 0.970320
2022-01-13 00:37:47.914811 [hotstuff info] 0.970320
2022-01-13 00:37:47.914823 [hotstuff info] 0.970322
2022-01-13 00:37:47.914834 [hotstuff info] 0.970325
2022-01-13 00:37:47.914845 [hotstuff info] 0.970327
2022-01-13 00:37:47.914856 [hotstuff info] 0.970329
2022-01-13 00:37:47.914868 [hotstuff info] 0.970332
2022-01-13 00:37:47.914879 [hotstuff info] 0.970334
2022-01-13 00:37:47.914891 [hotstuff info] 0.970335
2022-01-13 00:37:47.914902 [hotstuff info] 0.970338
2022-01-13 00:37:47.914913 [hotstuff info] 0.970340
2022-01-13 00:37:47.914924 [hotstuff info] 0.970341
2022-01-13 00:37:47.914935 [hotstuff info] 0.970343
2022-01-13 00:37:47.914945 [hotstuff info] 0.970344
2022-01-13 00:37:47.914956 [hotstuff info] 0.970347
2022-01-13 00:37:47.914966 [hotstuff info] 0.970346
2022-01-13 00:37:47.914977 [hotstuff info] 0.970348
2022-01-13 00:37:47.914988 [hotstuff info] 0.970350
2022-01-13 00:37:47.914999 [hotstuff info] 0.970351
2022-01-13 00:37:47.915009 [hotstuff info] 0.970353
2022-01-13 00:37:47.915020 [hotstuff info] 0.970355
2022-01-13 00:37:47.915032 [hotstuff info] 0.970357
2022-01-13 00:37:47.915043 [hotstuff info] 0.970357
2022-01-13 00:37:47.915057 [hotstuff info] 0.970362
2022-01-13 00:37:47.915069 [hotstuff info] 0.970365
2022-01-13 00:37:47.915079 [hotstuff info] 0.970366
2022-01-13 00:37:47.915092 [hotstuff info] 0.970370
2022-01-13 00:37:47.915102 [hotstuff info] 0.970371
2022-01-13 00:37:47.915114 [hotstuff info] 0.970374
2022-01-13 00:37:47.915125 [hotstuff info] 0.970374
2022-01-13 00:37:47.915136 [hotstuff info] 0.970377
2022-01-13 00:37:47.915146 [hotstuff info] 0.970378
2022-01-13 00:37:47.915158 [hotstuff info] 0.970380
2022-01-13 00:37:47.915169 [hotstuff info] 0.970382
2022-01-13 00:37:47.915181 [hotstuff info] 0.970385
2022-01-13 00:37:47.915191 [hotstuff info] 0.970386
2022-01-13 00:37:47.915203 [hotstuff info] 0.970383
2022-01-13 00:37:47.915213 [hotstuff info] 0.970384
2022-01-13 00:37:47.915224 [hotstuff info] 0.970387
2022-01-13 00:37:47.915235 [hotstuff info] 0.970388
2022-01-13 00:37:47.915246 [hotstuff info] 0.970391
2022-01-13 00:37:47.915258 [hotstuff info] 0.970394
2022-01-13 00:37:47.915270 [hotstuff info] 0.970397
2022-01-13 00:37:47.915281 [hotstuff info] 0.970397
2022-01-13 00:37:47.915293 [hotstuff info] 0.970400
2022-01-13 00:37:47.915305 [hotstuff info] 0.970403
2022-01-13 00:37:47.915317 [hotstuff info] 0.970406
2022-01-13 00:37:47.915328 [hotstuff info] 0.970408
2022-01-13 00:37:47.915340 [hotstuff info] 0.970411
2022-01-13 00:37:47.915352 [hotstuff info] 0.970414
2022-01-13 00:37:47.915364 [hotstuff info] 0.970415
2022-01-13 00:37:47.915376 [hotstuff info] 0.970418
2022-01-13 00:37:47.915388 [hotstuff info] 0.970421
2022-01-13 00:37:47.915399 [hotstuff info] 0.970423
2022-01-13 00:37:47.915411 [hotstuff info] 0.970426
2022-01-13 00:37:47.915422 [hotstuff info] 0.970428
2022-01-13 00:37:47.915434 [hotstuff info] 0.970431
2022-01-13 00:37:47.915446 [hotstuff info] 0.970434
2022-01-13 00:37:47.915457 [hotstuff info] 0.970434
2022-01-13 00:37:47.915467 [hotstuff info] 0.970435
2022-01-13 00:37:47.915478 [hotstuff info] 0.970437
2022-01-13 00:37:47.915489 [hotstuff info] 0.970434
2022-01-13 00:37:47.915501 [hotstuff info] 0.970437
2022-01-13 00:37:47.915511 [hotstuff info] 0.970438
2022-01-13 00:37:47.915522 [hotstuff info] 0.970440
2022-01-13 00:37:47.915533 [hotstuff info] 0.970443
2022-01-13 00:37:47.915543 [hotstuff info] 0.970444
2022-01-13 00:37:47.915553 [hotstuff info] 0.970445
2022-01-13 00:37:47.915563 [hotstuff info] 0.970447
2022-01-13 00:37:48.447907 [hotstuff info] 0.666023
2022-01-13 00:37:48.447942 [hotstuff info] 0.666044
2022-01-13 00:37:48.447986 [hotstuff info] 0.666074
2022-01-13 00:37:48.448001 [hotstuff info] 0.666077
2022-01-13 00:37:48.448044 [hotstuff info] 0.666104
2022-01-13 00:37:48.448056 [hotstuff info] 0.666104
2022-01-13 00:37:48.448067 [hotstuff info] 0.666104
2022-01-13 00:37:48.448079 [hotstuff info] 0.666103
2022-01-13 00:37:48.448092 [hotstuff info] 0.666103
2022-01-13 00:37:48.448103 [hotstuff info] 0.666104
2022-01-13 00:37:48.448113 [hotstuff info] 0.666102
2022-01-13 00:37:48.448124 [hotstuff info] 0.666102
2022-01-13 00:37:48.448135 [hotstuff info] 0.666100
2022-01-13 00:37:48.448148 [hotstuff info] 0.666103
2022-01-13 00:37:48.448159 [hotstuff info] 0.666101
2022-01-13 00:37:48.448170 [hotstuff info] 0.666100
2022-01-13 00:37:48.448183 [hotstuff info] 0.666101
2022-01-13 00:37:48.448196 [hotstuff info] 0.666102
2022-01-13 00:37:48.448206 [hotstuff info] 0.666102
2022-01-13 00:37:48.448219 [hotstuff info] 0.666104
2022-01-13 00:37:48.448669 [hotstuff info] 0.666541
2022-01-13 00:37:48.448695 [hotstuff info] 0.666556
2022-01-13 00:37:48.448708 [hotstuff info] 0.666557
2022-01-13 00:37:48.448747 [hotstuff info] 0.666583
2022-01-13 00:37:48.448762 [hotstuff info] 0.666565
2022-01-13 00:37:48.448773 [hotstuff info] 0.666563
2022-01-13 00:37:48.448787 [hotstuff info] 0.666564
2022-01-13 00:37:48.448800 [hotstuff info] 0.666565
2022-01-13 00:37:48.448811 [hotstuff info] 0.666566
2022-01-13 00:37:48.448823 [hotstuff info] 0.666565
2022-01-13 00:37:48.448834 [hotstuff info] 0.666565
2022-01-13 00:37:48.448848 [hotstuff info] 0.666567
2022-01-13 00:37:48.448859 [hotstuff info] 0.666530
2022-01-13 00:37:48.448872 [hotstuff info] 0.666531
2022-01-13 00:37:48.448884 [hotstuff info] 0.666529
2022-01-13 00:37:48.448896 [hotstuff info] 0.666530
2022-01-13 00:37:48.448908 [hotstuff info] 0.666532
2022-01-13 00:37:48.448919 [hotstuff info] 0.666531
2022-01-13 00:37:48.448932 [hotstuff info] 0.666533
2022-01-13 00:37:48.448945 [hotstuff info] 0.666534
2022-01-13 00:37:48.448957 [hotstuff info] 0.666535
2022-01-13 00:37:48.448969 [hotstuff info] 0.666535
2022-01-13 00:37:48.448980 [hotstuff info] 0.666536
2022-01-13 00:37:48.448993 [hotstuff info] 0.666536
2022-01-13 00:37:48.449004 [hotstuff info] 0.666536
2022-01-13 00:37:48.449015 [hotstuff info] 0.666536
2022-01-13 00:37:48.449025 [hotstuff info] 0.666536
2022-01-13 00:37:48.449038 [hotstuff info] 0.666536
2022-01-13 00:37:48.449051 [hotstuff info] 0.666538
2022-01-13 00:37:48.449063 [hotstuff info] 0.666538
2022-01-13 00:37:48.581331 [hotstuff info] 0.667209
2022-01-13 00:37:48.581363 [hotstuff info] 0.667230
2022-01-13 00:37:48.581374 [hotstuff info] 0.667231
2022-01-13 00:37:48.581397 [hotstuff info] 0.667245
2022-01-13 00:37:48.581409 [hotstuff info] 0.667247
2022-01-13 00:37:48.581423 [hotstuff info] 0.667232
2022-01-13 00:37:48.581432 [hotstuff info] 0.667233
2022-01-13 00:37:48.581445 [hotstuff info] 0.667235
2022-01-13 00:37:48.581456 [hotstuff info] 0.667236
2022-01-13 00:37:48.581468 [hotstuff info] 0.667237
2022-01-13 00:37:48.581478 [hotstuff info] 0.667237
2022-01-13 00:37:48.581491 [hotstuff info] 0.667239
2022-01-13 00:37:48.581502 [hotstuff info] 0.667240
2022-01-13 00:37:48.581513 [hotstuff info] 0.667241
2022-01-13 00:37:48.581524 [hotstuff info] 0.667226
2022-01-13 00:37:48.581535 [hotstuff info] 0.667224
2022-01-13 00:37:48.581547 [hotstuff info] 0.667225
2022-01-13 00:37:48.581558 [hotstuff info] 0.667226
2022-01-13 00:37:48.581569 [hotstuff info] 0.667226
2022-01-13 00:37:48.581581 [hotstuff info] 0.667226
2022-01-13 00:37:48.581591 [hotstuff info] 0.667227
2022-01-13 00:37:48.581604 [hotstuff info] 0.667228
2022-01-13 00:37:48.581615 [hotstuff info] 0.667229
2022-01-13 00:37:48.581627 [hotstuff info] 0.667229
2022-01-13 00:37:48.581639 [hotstuff info] 0.667230
2022-01-13 00:37:48.582390 [hotstuff info] 0.667969
2022-01-13 00:37:48.582418 [hotstuff info] 0.667986
2022-01-13 00:37:48.582430 [hotstuff info] 0.667987
2022-01-13 00:37:48.582442 [hotstuff info] 0.667987
2022-01-13 00:37:48.582456 [hotstuff info] 0.667989
2022-01-13 00:37:48.582470 [hotstuff info] 0.667992
2022-01-13 00:37:48.582484 [hotstuff info] 0.667995
2022-01-13 00:37:48.582519 [hotstuff info] 0.668019
2022-01-13 00:37:48.582525 [hotstuff info] 0.668014
2022-01-13 00:37:48.582532 [hotstuff info] 0.668009
2022-01-13 00:37:48.582539 [hotstuff info] 0.668005
2022-01-13 00:37:48.582546 [hotstuff info] 0.667999
2022-01-13 00:37:48.582553 [hotstuff info] 0.667994
2022-01-13 00:37:48.582559 [hotstuff info] 0.667991
2022-01-13 00:37:48.582568 [hotstuff info] 0.667986
2022-01-13 00:37:48.582575 [hotstuff info] 0.667983
2022-01-13 00:37:48.582582 [hotstuff info] 0.667980
2022-01-13 00:37:48.582590 [hotstuff info] 0.667977
2022-01-13 00:37:48.582597 [hotstuff info] 0.667972
2022-01-13 00:37:48.582604 [hotstuff info] 0.667921
2022-01-13 00:37:48.582612 [hotstuff info] 0.667918
2022-01-13 00:37:48.582618 [hotstuff info] 0.667914
2022-01-13 00:37:48.582624 [hotstuff info] 0.667909
2022-01-13 00:37:48.582631 [hotstuff info] 0.667905
2022-01-13 00:37:48.582637 [hotstuff info] 0.667901
2022-01-13 00:37:48.582644 [hotstuff info] 0.667898
2022-01-13 00:37:48.582656 [hotstuff info] 0.667898
2022-01-13 00:37:48.582663 [hotstuff info] 0.667895
2022-01-13 00:37:48.582670 [hotstuff info] 0.667891
2022-01-13 00:37:48.582680 [hotstuff info] 0.667891
2022-01-13 00:37:48.582686 [hotstuff info] 0.667887
2022-01-13 00:37:48.582693 [hotstuff info] 0.667882
2022-01-13 00:37:48.582700 [hotstuff info] 0.667878
2022-01-13 00:37:48.582705 [hotstuff info] 0.667874
2022-01-13 00:37:48.582713 [hotstuff info] 0.667869
2022-01-13 00:37:48.582719 [hotstuff info] 0.667865
2022-01-13 00:37:48.582727 [hotstuff info] 0.667860
2022-01-13 00:37:48.582733 [hotstuff info] 0.667856
2022-01-13 00:37:48.582740 [hotstuff info] 0.667850
2022-01-13 00:37:48.582747 [hotstuff info] 0.667846
2022-01-13 00:37:48.582754 [hotstuff info] 0.667842
2022-01-13 00:37:48.582761 [hotstuff info] 0.667839
2022-01-13 00:37:48.582769 [hotstuff info] 0.667836
2022-01-13 00:37:48.582775 [hotstuff info] 0.667832
2022-01-13 00:37:48.582782 [hotstuff info] 0.667827
2022-01-13 00:37:48.582789 [hotstuff info] 0.667824
2022-01-13 00:37:48.582795 [hotstuff info] 0.667819
2022-01-13 00:37:48.582802 [hotstuff info] 0.667816
2022-01-13 00:37:48.582809 [hotstuff info] 0.667811
2022-01-13 00:37:48.582816 [hotstuff info] 0.667808
2022-01-13 00:37:48.582822 [hotstuff info] 0.667803
2022-01-13 00:37:48.582829 [hotstuff info] 0.667798
2022-01-13 00:37:48.582835 [hotstuff info] 0.667794
2022-01-13 00:37:48.582842 [hotstuff info] 0.667786
2022-01-13 00:37:48.582848 [hotstuff info] 0.667781
2022-01-13 00:37:48.582855 [hotstuff info] 0.667777
2022-01-13 00:37:48.582862 [hotstuff info] 0.667772
2022-01-13 00:37:48.582869 [hotstuff info] 0.667769
2022-01-13 00:37:48.582876 [hotstuff info] 0.667763
2022-01-13 00:37:48.582882 [hotstuff info] 0.667758
2022-01-13 00:37:48.582889 [hotstuff info] 0.667753
2022-01-13 00:37:48.582895 [hotstuff info] 0.667750
2022-01-13 00:37:48.582902 [hotstuff info] 0.667745
2022-01-13 00:37:48.582908 [hotstuff info] 0.667740
2022-01-13 00:37:48.582914 [hotstuff info] 0.667735
2022-01-13 00:37:48.582921 [hotstuff info] 0.667731
2022-01-13 00:37:48.582927 [hotstuff info] 0.667726
2022-01-13 00:37:48.582933 [hotstuff info] 0.667721
2022-01-13 00:37:48.582939 [hotstuff info] 0.667717
2022-01-13 00:37:48.582946 [hotstuff info] 0.667712
2022-01-13 00:37:48.582952 [hotstuff info] 0.667708
2022-01-13 00:37:48.582959 [hotstuff info] 0.667702
2022-01-13 00:37:48.582965 [hotstuff info] 0.667696
2022-01-13 00:37:48.582972 [hotstuff info] 0.667692
2022-01-13 00:37:48.582979 [hotstuff info] 0.667687
2022-01-13 00:37:48.582985 [hotstuff info] 0.667682
2022-01-13 00:37:48.582991 [hotstuff info] 0.667675
2022-01-13 00:37:48.582997 [hotstuff info] 0.667671
2022-01-13 00:37:48.583003 [hotstuff info] 0.667665
2022-01-13 00:37:48.583010 [hotstuff info] 0.667660
2022-01-13 00:37:48.583016 [hotstuff info] 0.667653
2022-01-13 00:37:48.583022 [hotstuff info] 0.667647
2022-01-13 00:37:48.583028 [hotstuff info] 0.667641
2022-01-13 00:37:48.583034 [hotstuff info] 0.667636
2022-01-13 00:37:48.583042 [hotstuff info] 0.667632
2022-01-13 00:37:48.583048 [hotstuff info] 0.667627
2022-01-13 00:37:48.583054 [hotstuff info] 0.667621
2022-01-13 00:37:48.583060 [hotstuff info] 0.667616
2022-01-13 00:37:48.583067 [hotstuff info] 0.667611
2022-01-13 00:37:48.583073 [hotstuff info] 0.667607
2022-01-13 00:37:48.583079 [hotstuff info] 0.667603
2022-01-13 00:37:48.633199 [hotstuff info] 0.717710
2022-01-13 00:37:48.633229 [hotstuff info] 0.717729
2022-01-13 00:37:48.633241 [hotstuff info] 0.717732
2022-01-13 00:37:48.633253 [hotstuff info] 0.717733
2022-01-13 00:37:48.633265 [hotstuff info] 0.717733
2022-01-13 00:37:48.633279 [hotstuff info] 0.717737
2022-01-13 00:37:48.633291 [hotstuff info] 0.717739
2022-01-13 00:37:48.633303 [hotstuff info] 0.717741
2022-01-13 00:37:48.633315 [hotstuff info] 0.717742
2022-01-13 00:37:49.114496 [hotstuff info] 0.666556
2022-01-13 00:37:49.114536 [hotstuff info] 0.666586
2022-01-13 00:37:49.114550 [hotstuff info] 0.666551
2022-01-13 00:37:49.114562 [hotstuff info] 0.666550
2022-01-13 00:37:49.114575 [hotstuff info] 0.666519
2022-01-13 00:37:49.114588 [hotstuff info] 0.666523
2022-01-13 00:37:49.114600 [hotstuff info] 0.666522
2022-01-13 00:37:49.114613 [hotstuff info] 0.666523
2022-01-13 00:37:49.114626 [hotstuff info] 0.666524
2022-01-13 00:37:49.114637 [hotstuff info] 0.666526
2022-01-13 00:37:49.114648 [hotstuff info] 0.666525
2022-01-13 00:37:49.114661 [hotstuff info] 0.666527
2022-01-13 00:37:49.114672 [hotstuff info] 0.666525
2022-01-13 00:37:49.114684 [hotstuff info] 0.666526
2022-01-13 00:37:49.114696 [hotstuff info] 0.666528
2022-01-13 00:37:49.114706 [hotstuff info] 0.666524
2022-01-13 00:37:49.114720 [hotstuff info] 0.666525
2022-01-13 00:37:49.115118 [hotstuff info] 0.666913
2022-01-13 00:37:49.115144 [hotstuff info] 0.666926
2022-01-13 00:37:49.115156 [hotstuff info] 0.666927
2022-01-13 00:37:49.115180 [hotstuff info] 0.666486
2022-01-13 00:37:49.115192 [hotstuff info] 0.666486
2022-01-13 00:37:49.115205 [hotstuff info] 0.666487
2022-01-13 00:37:49.115217 [hotstuff info] 0.666456
2022-01-13 00:37:49.115229 [hotstuff info] 0.666457
2022-01-13 00:37:49.115241 [hotstuff info] 0.666456
2022-01-13 00:37:49.115253 [hotstuff info] 0.666454
2022-01-13 00:37:49.115262 [hotstuff info] 0.666452
2022-01-13 00:37:49.115274 [hotstuff info] 0.666452
2022-01-13 00:37:49.115286 [hotstuff info] 0.666454
2022-01-13 00:37:49.162420 [hotstuff info] 0.713572
2022-01-13 00:37:49.162459 [hotstuff info] 0.713600
2022-01-13 00:37:49.162473 [hotstuff info] 0.713602
2022-01-13 00:37:49.162484 [hotstuff info] 0.713601
2022-01-13 00:37:49.162500 [hotstuff info] 0.713605
2022-01-13 00:37:49.162513 [hotstuff info] 0.713606
2022-01-13 00:37:49.162525 [hotstuff info] 0.713607
2022-01-13 00:37:49.162537 [hotstuff info] 0.713606
2022-01-13 00:37:49.162550 [hotstuff info] 0.713606
2022-01-13 00:37:49.162560 [hotstuff info] 0.713605
2022-01-13 00:37:49.162574 [hotstuff info] 0.713606
2022-01-13 00:37:49.162588 [hotstuff info] 0.713609
2022-01-13 00:37:49.162599 [hotstuff info] 0.713607
2022-01-13 00:37:49.162611 [hotstuff info] 0.713608
2022-01-13 00:37:49.162622 [hotstuff info] 0.713608
2022-01-13 00:37:49.162769 [hotstuff info] 0.713745
2022-01-13 00:37:49.162786 [hotstuff info] 0.713750
2022-01-13 00:37:49.162797 [hotstuff info] 0.713748
2022-01-13 00:37:49.162809 [hotstuff info] 0.713748
2022-01-13 00:37:49.162822 [hotstuff info] 0.713748
2022-01-13 00:37:49.247853 [hotstuff info] 0.666492
2022-01-13 00:37:49.247890 [hotstuff info] 0.666518
2022-01-13 00:37:49.247905 [hotstuff info] 0.666521
2022-01-13 00:37:49.247919 [hotstuff info] 0.666511
2022-01-13 00:37:49.248184 [hotstuff info] 0.666762
2022-01-13 00:37:49.248210 [hotstuff info] 0.666778
2022-01-13 00:37:49.248223 [hotstuff info] 0.666779
2022-01-13 00:37:49.248235 [hotstuff info] 0.666780
2022-01-13 00:37:49.248247 [hotstuff info] 0.666780
2022-01-13 00:37:49.248258 [hotstuff info] 0.666781
2022-01-13 00:37:49.248271 [hotstuff info] 0.666782
2022-01-13 00:37:49.248283 [hotstuff info] 0.666782
2022-01-13 00:37:49.248297 [hotstuff info] 0.666785
2022-01-13 00:37:49.248308 [hotstuff info] 0.666785
2022-01-13 00:37:49.248320 [hotstuff info] 0.666786
2022-01-13 00:37:49.248330 [hotstuff info] 0.666786
2022-01-13 00:37:49.248341 [hotstuff info] 0.666784
2022-01-13 00:37:49.248353 [hotstuff info] 0.666787
2022-01-13 00:37:49.248366 [hotstuff info] 0.666786
2022-01-13 00:37:49.248378 [hotstuff info] 0.666787
2022-01-13 00:37:49.248390 [hotstuff info] 0.666788
2022-01-13 00:37:49.248401 [hotstuff info] 0.666789
2022-01-13 00:37:49.248414 [hotstuff info] 0.666788
2022-01-13 00:37:49.248889 [hotstuff info] 0.667251
2022-01-13 00:37:49.248915 [hotstuff info] 0.667266
2022-01-13 00:37:49.249047 [hotstuff info] 0.666632
2022-01-13 00:37:49.249059 [hotstuff info] 0.666630
2022-01-13 00:37:49.249072 [hotstuff info] 0.666631
2022-01-13 00:37:49.249083 [hotstuff info] 0.666628
2022-01-13 00:37:49.249094 [hotstuff info] 0.666627
2022-01-13 00:37:49.249109 [hotstuff info] 0.666626
2022-01-13 00:37:49.249120 [hotstuff info] 0.666602
2022-01-13 00:37:49.249133 [hotstuff info] 0.666608
2022-01-13 00:37:49.249146 [hotstuff info] 0.666615
2022-01-13 00:37:49.249157 [hotstuff info] 0.666618
2022-01-13 00:37:49.249168 [hotstuff info] 0.666624
2022-01-13 00:37:49.249181 [hotstuff info] 0.666629
2022-01-13 00:37:49.249193 [hotstuff info] 0.666635
2022-01-13 00:37:49.249205 [hotstuff info] 0.666638
2022-01-13 00:37:49.249215 [hotstuff info] 0.666641
2022-01-13 00:37:49.249224 [hotstuff info] 0.666643
2022-01-13 00:37:49.249235 [hotstuff info] 0.666646
2022-01-13 00:37:49.249247 [hotstuff info] 0.666650
2022-01-13 00:37:49.249258 [hotstuff info] 0.666654
2022-01-13 00:37:49.249270 [hotstuff info] 0.666659
2022-01-13 00:37:49.249281 [hotstuff info] 0.666665
2022-01-13 00:37:49.249293 [hotstuff info] 0.666669
2022-01-13 00:37:49.249304 [hotstuff info] 0.666674
2022-01-13 00:37:49.249317 [hotstuff info] 0.666680
2022-01-13 00:37:49.249327 [hotstuff info] 0.666683
2022-01-13 00:37:49.249337 [hotstuff info] 0.666683
2022-01-13 00:37:49.249348 [hotstuff info] 0.666686
2022-01-13 00:37:49.249360 [hotstuff info] 0.666692
2022-01-13 00:37:49.249373 [hotstuff info] 0.666694
2022-01-13 00:37:49.249387 [hotstuff info] 0.666701
2022-01-13 00:37:49.249397 [hotstuff info] 0.666704
2022-01-13 00:37:49.249409 [hotstuff info] 0.666710
2022-01-13 00:37:49.249422 [hotstuff info] 0.666717
2022-01-13 00:37:49.249434 [hotstuff info] 0.666722
2022-01-13 00:37:49.249446 [hotstuff info] 0.666727
2022-01-13 00:37:49.249453 [hotstuff info] 0.666727
2022-01-13 00:37:49.249462 [hotstuff info] 0.666730
2022-01-13 00:37:49.249472 [hotstuff info] 0.666732
2022-01-13 00:37:49.249480 [hotstuff info] 0.666735
2022-01-13 00:37:49.249487 [hotstuff info] 0.666733
2022-01-13 00:37:49.249493 [hotstuff info] 0.666733
2022-01-13 00:37:49.249501 [hotstuff info] 0.666733
2022-01-13 00:37:49.249506 [hotstuff info] 0.666732
2022-01-13 00:37:49.249514 [hotstuff info] 0.666733
2022-01-13 00:37:49.249521 [hotstuff info] 0.666733
2022-01-13 00:37:49.249528 [hotstuff info] 0.666734
2022-01-13 00:37:49.249535 [hotstuff info] 0.666734
2022-01-13 00:37:49.249542 [hotstuff info] 0.666735
2022-01-13 00:37:49.249548 [hotstuff info] 0.666734
2022-01-13 00:37:49.249556 [hotstuff info] 0.666735
2022-01-13 00:37:49.249563 [hotstuff info] 0.666735
2022-01-13 00:37:49.249570 [hotstuff info] 0.666736
2022-01-13 00:37:49.249577 [hotstuff info] 0.666736
2022-01-13 00:37:49.249584 [hotstuff info] 0.666736
2022-01-13 00:37:49.249590 [hotstuff info] 0.666736
2022-01-13 00:37:49.249598 [hotstuff info] 0.666737
2022-01-13 00:37:49.249604 [hotstuff info] 0.666735
2022-01-13 00:37:49.249611 [hotstuff info] 0.666736
2022-01-13 00:37:49.249618 [hotstuff info] 0.666736
2022-01-13 00:37:49.249625 [hotstuff info] 0.666737
2022-01-13 00:37:49.249631 [hotstuff info] 0.666736
2022-01-13 00:37:49.249638 [hotstuff info] 0.666737
2022-01-13 00:37:49.249643 [hotstuff info] 0.666737
2022-01-13 00:37:49.249649 [hotstuff info] 0.666735
2022-01-13 00:37:49.249655 [hotstuff info] 0.666735
2022-01-13 00:37:49.249661 [hotstuff info] 0.666736
2022-01-13 00:37:49.249667 [hotstuff info] 0.666736
2022-01-13 00:37:49.249674 [hotstuff info] 0.666735
2022-01-13 00:37:49.249680 [hotstuff info] 0.666736
2022-01-13 00:37:49.249686 [hotstuff info] 0.666735
2022-01-13 00:37:49.249694 [hotstuff info] 0.666736
2022-01-13 00:37:49.249702 [hotstuff info] 0.666737
2022-01-13 00:37:49.249707 [hotstuff info] 0.666736
2022-01-13 00:37:49.249714 [hotstuff info] 0.666736
2022-01-13 00:37:49.249723 [hotstuff info] 0.666740
2022-01-13 00:37:49.249729 [hotstuff info] 0.666739
2022-01-13 00:37:49.249739 [hotstuff info] 0.666741
2022-01-13 00:37:49.249748 [hotstuff info] 0.666745
2022-01-13 00:37:49.249754 [hotstuff info] 0.666745
2022-01-13 00:37:49.249763 [hotstuff info] 0.666748
2022-01-13 00:37:49.249770 [hotstuff info] 0.666750
2022-01-13 00:37:49.249781 [hotstuff info] 0.666753
2022-01-13 00:37:49.249790 [hotstuff info] 0.666758
2022-01-13 00:37:49.249797 [hotstuff info] 0.666757
2022-01-13 00:37:49.249807 [hotstuff info] 0.666761
2022-01-13 00:37:49.249813 [hotstuff info] 0.666761
2022-01-13 00:37:49.249820 [hotstuff info] 0.666761
2022-01-13 00:37:49.249829 [hotstuff info] 0.666763
2022-01-13 00:37:49.249852 [hotstuff info] 0.666781
2022-01-13 00:37:49.249860 [hotstuff info] 0.666782
2022-01-13 00:37:49.249870 [hotstuff info] 0.666785
2022-01-13 00:37:49.380918 [hotstuff info] 0.747690
2022-01-13 00:37:49.380942 [hotstuff info] 0.747702
2022-01-13 00:37:49.380951 [hotstuff info] 0.747699
2022-01-13 00:37:49.380958 [hotstuff info] 0.747694
2022-01-13 00:37:49.380965 [hotstuff info] 0.747687
2022-01-13 00:37:49.380975 [hotstuff info] 0.747686
2022-01-13 00:37:49.380982 [hotstuff info] 0.747681
2022-01-13 00:37:49.380989 [hotstuff info] 0.747675
2022-01-13 00:37:49.381277 [hotstuff info] 0.747951
2022-01-13 00:37:49.781108 [hotstuff info] 0.666577
2022-01-13 00:37:49.781202 [hotstuff info] 0.666653
2022-01-13 00:37:49.781217 [hotstuff info] 0.666657
2022-01-13 00:37:49.781231 [hotstuff info] 0.666658
2022-01-13 00:37:49.781242 [hotstuff info] 0.666656
2022-01-13 00:37:49.781255 [hotstuff info] 0.666657
2022-01-13 00:37:49.781268 [hotstuff info] 0.666657
2022-01-13 00:37:49.781281 [hotstuff info] 0.666657
2022-01-13 00:37:49.781292 [hotstuff info] 0.666656
2022-01-13 00:37:49.781305 [hotstuff info] 0.666658
2022-01-13 00:37:49.781317 [hotstuff info] 0.666658
2022-01-13 00:37:49.781329 [hotstuff info] 0.666660
2022-01-13 00:37:49.781339 [hotstuff info] 0.666657
2022-01-13 00:37:49.781740 [hotstuff info] 0.667045
2022-01-13 00:37:49.781765 [hotstuff info] 0.667062
2022-01-13 00:37:49.781777 [hotstuff info] 0.667060
2022-01-13 00:37:49.781790 [hotstuff info] 0.667061
2022-01-13 00:37:49.781816 [hotstuff info] 0.666675
2022-01-13 00:37:49.781828 [hotstuff info] 0.666674
2022-01-13 00:37:49.781842 [hotstuff info] 0.666675
2022-01-13 00:37:49.781852 [hotstuff info] 0.666662
2022-01-13 00:37:49.781864 [hotstuff info] 0.666661
2022-01-13 00:37:49.781878 [hotstuff info] 0.666662
2022-01-13 00:37:49.781890 [hotstuff info] 0.666663
2022-01-13 00:37:49.781903 [hotstuff info] 0.666663
2022-01-13 00:37:49.781915 [hotstuff info] 0.666663
2022-01-13 00:37:49.781925 [hotstuff info] 0.666664
2022-01-13 00:37:49.781938 [hotstuff info] 0.666665
2022-01-13 00:37:49.781950 [hotstuff info] 0.666665
2022-01-13 00:37:49.781964 [hotstuff info] 0.666668
2022-01-13 00:37:49.782469 [hotstuff info] 0.620012
2022-01-13 00:37:49.782492 [hotstuff info] 0.620021
2022-01-13 00:37:49.782500 [hotstuff info] 0.620019
2022-01-13 00:37:49.782512 [hotstuff info] 0.620013
2022-01-13 00:37:49.782522 [hotstuff info] 0.620011
2022-01-13 00:37:49.782531 [hotstuff info] 0.620008
2022-01-13 00:37:49.782541 [hotstuff info] 0.620007
2022-01-13 00:37:49.782552 [hotstuff info] 0.620003
2022-01-13 00:37:49.782558 [hotstuff info] 0.620000
2022-01-13 00:37:49.782567 [hotstuff info] 0.619994
2022-01-13 00:37:49.782574 [hotstuff info] 0.619988
2022-01-13 00:37:49.782581 [hotstuff info] 0.619984
2022-01-13 00:37:49.782588 [hotstuff info] 0.619980
2022-01-13 00:37:49.829216 [hotstuff info] 0.666595
2022-01-13 00:37:49.829243 [hotstuff info] 0.666610
2022-01-13 00:37:49.829257 [hotstuff info] 0.666472
2022-01-13 00:37:49.829269 [hotstuff info] 0.666473
2022-01-13 00:37:49.829283 [hotstuff info] 0.666475
2022-01-13 00:37:49.829294 [hotstuff info] 0.666473
2022-01-13 00:37:49.829307 [hotstuff info] 0.666476
2022-01-13 00:37:49.914402 [hotstuff info] 0.666513
2022-01-13 00:37:49.914427 [hotstuff info] 0.666524
2022-01-13 00:37:49.914435 [hotstuff info] 0.666519
2022-01-13 00:37:49.914443 [hotstuff info] 0.666514
2022-01-13 00:37:49.914742 [hotstuff info] 0.666534
2022-01-13 00:37:49.914773 [hotstuff info] 0.666551
2022-01-13 00:37:49.914788 [hotstuff info] 0.666554
2022-01-13 00:37:49.914799 [hotstuff info] 0.666553
2022-01-13 00:37:49.914812 [hotstuff info] 0.666555
2022-01-13 00:37:49.914824 [hotstuff info] 0.666554
2022-01-13 00:37:49.914836 [hotstuff info] 0.666556
2022-01-13 00:37:49.914848 [hotstuff info] 0.666552
2022-01-13 00:37:49.914860 [hotstuff info] 0.666553
2022-01-13 00:37:49.914885 [hotstuff info] 0.666566
2022-01-13 00:37:49.914897 [hotstuff info] 0.666567
2022-01-13 00:37:49.914909 [hotstuff info] 0.666569
2022-01-13 00:37:49.914920 [hotstuff info] 0.666568
2022-01-13 00:37:49.914933 [hotstuff info] 0.666568
2022-01-13 00:37:49.914944 [hotstuff info] 0.666568
2022-01-13 00:37:49.914955 [hotstuff info] 0.666567
2022-01-13 00:37:49.914968 [hotstuff info] 0.666568
2022-01-13 00:37:49.914983 [hotstuff info] 0.666570
2022-01-13 00:37:49.914993 [hotstuff info] 0.666569
2022-01-13 00:37:49.915485 [hotstuff info] 0.666572
2022-01-13 00:37:49.915504 [hotstuff info] 0.666579
2022-01-13 00:37:49.915511 [hotstuff info] 0.666454
2022-01-13 00:37:49.915522 [hotstuff info] 0.666452
2022-01-13 00:37:49.915530 [hotstuff info] 0.666448
2022-01-13 00:37:49.915539 [hotstuff info] 0.666447
2022-01-13 00:37:49.915547 [hotstuff info] 0.666439
2022-01-13 00:37:49.915557 [hotstuff info] 0.666439
2022-01-13 00:37:49.915564 [hotstuff info] 0.666432
2022-01-13 00:37:49.915573 [hotstuff info] 0.666428
2022-01-13 00:37:49.915582 [hotstuff info] 0.666426
2022-01-13 00:37:49.915588 [hotstuff info] 0.666421
2022-01-13 00:37:49.915597 [hotstuff info] 0.666416
2022-01-13 00:37:49.915606 [hotstuff info] 0.666414
2022-01-13 00:37:49.915613 [hotstuff info] 0.666410
2022-01-13 00:37:49.915620 [hotstuff info] 0.666406
2022-01-13 00:37:49.915628 [hotstuff info] 0.666406
2022-01-13 00:37:50.047431 [hotstuff info] 0.798199
2022-01-13 00:37:50.047472 [hotstuff info] 0.798227
2022-01-13 00:37:50.047485 [hotstuff info] 0.798229
2022-01-13 00:37:50.047493 [hotstuff info] 0.798224
2022-01-13 00:37:50.047501 [hotstuff info] 0.798221
2022-01-13 00:37:50.047508 [hotstuff info] 0.798217
2022-01-13 00:37:50.047514 [hotstuff info] 0.798212
2022-01-13 00:37:50.047522 [hotstuff info] 0.798208
2022-01-13 00:37:50.047536 [hotstuff info] 0.798211
2022-01-13 00:37:50.047552 [hotstuff info] 0.798215
2022-01-13 00:37:50.047559 [hotstuff info] 0.798213
2022-01-13 00:37:50.047567 [hotstuff info] 0.798207
2022-01-13 00:37:50.047574 [hotstuff info] 0.798204
2022-01-13 00:37:50.047608 [hotstuff info] 0.798223
2022-01-13 00:37:50.047618 [hotstuff info] 0.798223
2022-01-13 00:37:50.047625 [hotstuff info] 0.798218
2022-01-13 00:37:50.047632 [hotstuff info] 0.798212
2022-01-13 00:37:50.047640 [hotstuff info] 0.798208
2022-01-13 00:37:50.047657 [hotstuff info] 0.798212
2022-01-13 00:37:50.047665 [hotstuff info] 0.798212
2022-01-13 00:37:50.047671 [hotstuff info] 0.798210
2022-01-13 00:37:50.047683 [hotstuff info] 0.798212
2022-01-13 00:37:50.047969 [hotstuff info] 0.798489
2022-01-13 00:37:50.047992 [hotstuff info] 0.798506
2022-01-13 00:37:50.048006 [hotstuff info] 0.798514
2022-01-13 00:37:50.048014 [hotstuff info] 0.798515
2022-01-13 00:37:50.048029 [hotstuff info] 0.798523
2022-01-13 00:37:50.048041 [hotstuff info] 0.798529
2022-01-13 00:37:50.048053 [hotstuff info] 0.798534
2022-01-13 00:37:50.048061 [hotstuff info] 0.798533
2022-01-13 00:37:50.048075 [hotstuff info] 0.798541
2022-01-13 00:37:50.048094 [hotstuff info] 0.798552
2022-01-13 00:37:50.048109 [hotstuff info] 0.798561
2022-01-13 00:37:50.048117 [hotstuff info] 0.798561
2022-01-13 00:37:50.048124 [hotstuff info] 0.798562
2022-01-13 00:37:50.048131 [hotstuff info] 0.798562
2022-01-13 00:37:50.048138 [hotstuff info] 0.798562
2022-01-13 00:37:50.048146 [hotstuff info] 0.798562
2022-01-13 00:37:50.048153 [hotstuff info] 0.798563
2022-01-13 00:37:50.048160 [hotstuff info] 0.798563
2022-01-13 00:37:50.048167 [hotstuff info] 0.798564
2022-01-13 00:37:50.048174 [hotstuff info] 0.798565
2022-01-13 00:37:50.048181 [hotstuff info] 0.798564
2022-01-13 00:37:50.048188 [hotstuff info] 0.798565
2022-01-13 00:37:50.048195 [hotstuff info] 0.798565
2022-01-13 00:37:50.048202 [hotstuff info] 0.798565
2022-01-13 00:37:50.048209 [hotstuff info] 0.798566
2022-01-13 00:37:50.048216 [hotstuff info] 0.798569
2022-01-13 00:37:50.048222 [hotstuff info] 0.798569
2022-01-13 00:37:50.048230 [hotstuff info] 0.798569
2022-01-13 00:37:50.048237 [hotstuff info] 0.798570
2022-01-13 00:37:50.048244 [hotstuff info] 0.798571
2022-01-13 00:37:50.048250 [hotstuff info] 0.798571
2022-01-13 00:37:50.048258 [hotstuff info] 0.798573
2022-01-13 00:37:50.048265 [hotstuff info] 0.798573
2022-01-13 00:37:50.048272 [hotstuff info] 0.798572
2022-01-13 00:37:50.048279 [hotstuff info] 0.798573
2022-01-13 00:37:50.048286 [hotstuff info] 0.798573
2022-01-13 00:37:50.048293 [hotstuff info] 0.798570
2022-01-13 00:37:50.048300 [hotstuff info] 0.798572
2022-01-13 00:37:50.048306 [hotstuff info] 0.798569
2022-01-13 00:37:50.048313 [hotstuff info] 0.798567
2022-01-13 00:37:50.048320 [hotstuff info] 0.798567
2022-01-13 00:37:50.048327 [hotstuff info] 0.798565
2022-01-13 00:37:50.048333 [hotstuff info] 0.798564
2022-01-13 00:37:50.048347 [hotstuff info] 0.798568
2022-01-13 00:37:50.048353 [hotstuff info] 0.798564
2022-01-13 00:37:50.048361 [hotstuff info] 0.798565
2022-01-13 00:37:50.048368 [hotstuff info] 0.798561
2022-01-13 00:37:50.048375 [hotstuff info] 0.798562
2022-01-13 00:37:50.048381 [hotstuff info] 0.798562
2022-01-13 00:37:50.048395 [hotstuff info] 0.798567
2022-01-13 00:37:50.048406 [hotstuff info] 0.798556
2022-01-13 00:37:50.048414 [hotstuff info] 0.798556
2022-01-13 00:37:50.048421 [hotstuff info] 0.798553
2022-01-13 00:37:50.048428 [hotstuff info] 0.798550
2022-01-13 00:37:50.048446 [hotstuff info] 0.667505
2022-01-13 00:37:50.048454 [hotstuff info] 0.667504
2022-01-13 00:37:50.048460 [hotstuff info] 0.667503
2022-01-13 00:37:50.048467 [hotstuff info] 0.667504
2022-01-13 00:37:50.048474 [hotstuff info] 0.667500
2022-01-13 00:37:50.048481 [hotstuff info] 0.667499
2022-01-13 00:37:50.048487 [hotstuff info] 0.667498
2022-01-13 00:37:50.048494 [hotstuff info] 0.667497
2022-01-13 00:37:50.048500 [hotstuff info] 0.667198
2022-01-13 00:37:50.447991 [hotstuff info] 0.666841
2022-01-13 00:37:50.448024 [hotstuff info] 0.666809
2022-01-13 00:37:50.448032 [hotstuff info] 0.666804
2022-01-13 00:37:50.448258 [hotstuff info] 0.667018
2022-01-13 00:37:50.448282 [hotstuff info] 0.667029
2022-01-13 00:37:50.448290 [hotstuff info] 0.667023
2022-01-13 00:37:50.448298 [hotstuff info] 0.667019
2022-01-13 00:37:50.448306 [hotstuff info] 0.667015
2022-01-13 00:37:50.448322 [hotstuff info] 0.667019
2022-01-13 00:37:50.448331 [hotstuff info] 0.667016
2022-01-13 00:37:50.448341 [hotstuff info] 0.667013
