2022-01-13 00:37:46.881940 [net info] starting all threads...
2022-01-13 00:37:46.882075 [net warn] ignoring option name in conf file: block-size
2022-01-13 00:37:46.882087 [net warn] ignoring option name in conf file: nworker
2022-01-13 00:37:46.882091 [net warn] ignoring option name in conf file: repnworker
2022-01-13 00:37:46.882095 [net warn] ignoring option name in conf file: clinworker
2022-01-13 00:37:46.882099 [net warn] ignoring option name in conf file: repburst
2022-01-13 00:37:46.882103 [net warn] ignoring option name in conf file: cliburst
2022-01-13 00:37:46.882107 [net warn] ignoring option name in conf file: pace-maker
2022-01-13 00:37:46.882121 [net info] loaded configuration from hotstuff.conf
2022-01-13 00:37:46.882212 [hotstuff info] nfaulty = 3
2022-01-13 00:37:46.882444 [net info] created <Conn fd=11 addr=<NetAddr 18.188.17.142:20000> mode=active>
2022-01-13 00:37:46.882661 [net info] created <Conn fd=19 addr=<NetAddr 3.142.114.174:20000> mode=active>
2022-01-13 00:37:46.882685 [net info] connected to remote <Conn fd=11 addr=<NetAddr 18.188.17.142:20000> mode=active>
2022-01-13 00:37:46.882871 [net info] created <Conn fd=21 addr=<NetAddr 52.79.253.61:20000> mode=active>
2022-01-13 00:37:46.883067 [net info] created <Conn fd=23 addr=<NetAddr 3.36.103.56:20000> mode=active>
2022-01-13 00:37:46.883260 [net info] created <Conn fd=25 addr=<NetAddr 54.93.131.236:20000> mode=active>
2022-01-13 00:37:46.883276 [net info] connected to remote <Conn fd=19 addr=<NetAddr 3.142.114.174:20000> mode=active>
2022-01-13 00:37:46.883463 [net info] created <Conn fd=27 addr=<NetAddr 3.120.147.128:20000> mode=active>
2022-01-13 00:37:46.883656 [net info] created <Conn fd=29 addr=<NetAddr 54.215.140.88:20000> mode=active>
2022-01-13 00:37:46.883849 [net info] created <Conn fd=31 addr=<NetAddr 54.193.29.119:20000> mode=active>
2022-01-13 00:37:46.884063 [net info] created <Conn fd=33 addr=<NetAddr 3.112.224.96:20000> mode=active>
2022-01-13 00:37:46.884258 [net info] created <Conn fd=35 addr=<NetAddr 54.95.218.99:20000> mode=active>
2022-01-13 00:37:46.934393 [net info] connected to remote <Conn fd=29 addr=<NetAddr 54.215.140.88:20000> mode=active>
2022-01-13 00:37:46.935661 [net info] connected to remote <Conn fd=31 addr=<NetAddr 54.193.29.119:20000> mode=active>
2022-01-13 00:37:46.983120 [net info] connected to remote <Conn fd=27 addr=<NetAddr 3.120.147.128:20000> mode=active>
2022-01-13 00:37:46.983363 [net info] connected to remote <Conn fd=25 addr=<NetAddr 54.93.131.236:20000> mode=active>
2022-01-13 00:37:47.015212 [net info] connected to remote <Conn fd=33 addr=<NetAddr 3.112.224.96:20000> mode=active>
2022-01-13 00:37:47.015584 [net info] connected to remote <Conn fd=35 addr=<NetAddr 54.95.218.99:20000> mode=active>
2022-01-13 00:37:47.042637 [net info] connected to remote <Conn fd=21 addr=<NetAddr 52.79.253.61:20000> mode=active>
2022-01-13 00:37:47.043813 [net info] connected to remote <Conn fd=23 addr=<NetAddr 3.36.103.56:20000> mode=active>
2022-01-13 00:37:47.781419 [hotstuff info] 0.897115
2022-01-13 00:37:47.781462 [hotstuff info] 0.897143
2022-01-13 00:37:47.781474 [hotstuff info] 0.897144
2022-01-13 00:37:47.781483 [hotstuff info] 0.897140
2022-01-13 00:37:47.781494 [hotstuff info] 0.897138
2022-01-13 00:37:47.781670 [hotstuff info] 0.897301
2022-01-13 00:37:47.781713 [hotstuff info] 0.897333
2022-01-13 00:37:47.781725 [hotstuff info] 0.897334
2022-01-13 00:37:47.781738 [hotstuff info] 0.897334
2022-01-13 00:37:47.781747 [hotstuff info] 0.897332
2022-01-13 00:37:47.781756 [hotstuff info] 0.897328
2022-01-13 00:37:47.781779 [hotstuff info] 0.897337
2022-01-13 00:37:47.781789 [hotstuff info] 0.897334
2022-01-13 00:37:47.781807 [hotstuff info] 0.897340
2022-01-13 00:37:47.781822 [hotstuff info] 0.897345
2022-01-13 00:37:47.781830 [hotstuff info] 0.897340
2022-01-13 00:37:47.781838 [hotstuff info] 0.897336
2022-01-13 00:37:47.781856 [hotstuff info] 0.897335
2022-01-13 00:37:47.781869 [hotstuff info] 0.897337
2022-01-13 00:37:47.781883 [hotstuff info] 0.897340
2022-01-13 00:37:47.781895 [hotstuff info] 0.897340
2022-01-13 00:37:47.781903 [hotstuff info] 0.897335
2022-01-13 00:37:47.781910 [hotstuff info] 0.897332
2022-01-13 00:37:47.781918 [hotstuff info] 0.897327
2022-01-13 00:37:47.781926 [hotstuff info] 0.897324
2022-01-13 00:37:47.781935 [hotstuff info] 0.897319
2022-01-13 00:37:47.781944 [hotstuff info] 0.897316
2022-01-13 00:37:47.781958 [hotstuff info] 0.897319
2022-01-13 00:37:47.781966 [hotstuff info] 0.897314
2022-01-13 00:37:47.781974 [hotstuff info] 0.897310
2022-01-13 00:37:47.781982 [hotstuff info] 0.897307
2022-01-13 00:37:47.781995 [hotstuff info] 0.897308
2022-01-13 00:37:47.782003 [hotstuff info] 0.897302
2022-01-13 00:37:47.782034 [hotstuff info] 0.897321
2022-01-13 00:37:47.782041 [hotstuff info] 0.897316
2022-01-13 00:37:47.782048 [hotstuff info] 0.897311
2022-01-13 00:37:47.782054 [hotstuff info] 0.897307
2022-01-13 00:37:47.782068 [hotstuff info] 0.897307
2022-01-13 00:37:47.782075 [hotstuff info] 0.897300
2022-01-13 00:37:47.782081 [hotstuff info] 0.897295
2022-01-13 00:37:47.782104 [hotstuff info] 0.897306
2022-01-13 00:37:47.782110 [hotstuff info] 0.897301
2022-01-13 00:37:47.782123 [hotstuff info] 0.897302
2022-01-13 00:37:47.782141 [hotstuff info] 0.897309
2022-01-13 00:37:47.782149 [hotstuff info] 0.897304
2022-01-13 00:37:47.782156 [hotstuff info] 0.897298
2022-01-13 00:37:47.782187 [hotstuff info] 0.897299
2022-01-13 00:37:47.782197 [hotstuff info] 0.897315
2022-01-13 00:37:47.782205 [hotstuff info] 0.897311
2022-01-13 00:37:47.782217 [hotstuff info] 0.897311
2022-01-13 00:37:47.782223 [hotstuff info] 0.897305
2022-01-13 00:37:47.782229 [hotstuff info] 0.897300
2022-01-13 00:37:47.782237 [hotstuff info] 0.897292
2022-01-13 00:37:47.782243 [hotstuff info] 0.897287
2022-01-13 00:37:47.782251 [hotstuff info] 0.897282
2022-01-13 00:37:47.782258 [hotstuff info] 0.897278
2022-01-13 00:37:47.782265 [hotstuff info] 0.897273
2022-01-13 00:37:47.782271 [hotstuff info] 0.897268
2022-01-13 00:37:47.782279 [hotstuff info] 0.897263
2022-01-13 00:37:47.782285 [hotstuff info] 0.897256
2022-01-13 00:37:47.782293 [hotstuff info] 0.897252
2022-01-13 00:37:47.782299 [hotstuff info] 0.897247
2022-01-13 00:37:47.782307 [hotstuff info] 0.897242
2022-01-13 00:37:47.782313 [hotstuff info] 0.897237
2022-01-13 00:37:47.782319 [hotstuff info] 0.897231
2022-01-13 00:37:47.782330 [hotstuff info] 0.897229
2022-01-13 00:37:47.782337 [hotstuff info] 0.897224
2022-01-13 00:37:47.782344 [hotstuff info] 0.897218
2022-01-13 00:37:47.782351 [hotstuff info] 0.897214
2022-01-13 00:37:47.782358 [hotstuff info] 0.897208
2022-01-13 00:37:47.782365 [hotstuff info] 0.897203
2022-01-13 00:37:47.782376 [hotstuff info] 0.897204
2022-01-13 00:37:47.782384 [hotstuff info] 0.897199
2022-01-13 00:37:47.782401 [hotstuff info] 0.897202
2022-01-13 00:37:47.782412 [hotstuff info] 0.897202
2022-01-13 00:37:47.782430 [hotstuff info] 0.897207
2022-01-13 00:37:47.782436 [hotstuff info] 0.897202
2022-01-13 00:37:47.782453 [hotstuff info] 0.897207
2022-01-13 00:37:47.782460 [hotstuff info] 0.897203
2022-01-13 00:37:47.782472 [hotstuff info] 0.897199
2022-01-13 00:37:47.782480 [hotstuff info] 0.897196
2022-01-13 00:37:47.782487 [hotstuff info] 0.897191
2022-01-13 00:37:47.782495 [hotstuff info] 0.897187
2022-01-13 00:37:47.782509 [hotstuff info] 0.897189
2022-01-13 00:37:47.782518 [hotstuff info] 0.897186
2022-01-13 00:37:47.829255 [hotstuff info] 0.943908
2022-01-13 00:37:47.829273 [hotstuff info] 0.943915
2022-01-13 00:37:47.829280 [hotstuff info] 0.943911
2022-01-13 00:37:47.829288 [hotstuff info] 0.943907
2022-01-13 00:37:47.829296 [hotstuff info] 0.943904
2022-01-13 00:37:47.829305 [hotstuff info] 0.943900
2022-01-13 00:37:47.829311 [hotstuff info] 0.943894
2022-01-13 00:37:47.829319 [hotstuff info] 0.943888
2022-01-13 00:37:47.829326 [hotstuff info] 0.943885
2022-01-13 00:37:47.829333 [hotstuff info] 0.943879
2022-01-13 00:37:47.829339 [hotstuff info] 0.943875
2022-01-13 00:37:47.829346 [hotstuff info] 0.943869
2022-01-13 00:37:47.829353 [hotstuff info] 0.943864
2022-01-13 00:37:47.829361 [hotstuff info] 0.943860
2022-01-13 00:37:47.829368 [hotstuff info] 0.943855
2022-01-13 00:37:47.829376 [hotstuff info] 0.943849
2022-01-13 00:37:47.829382 [hotstuff info] 0.943845
2022-01-13 00:37:47.829390 [hotstuff info] 0.943840
2022-01-13 00:37:47.829397 [hotstuff info] 0.943835
2022-01-13 00:37:47.829404 [hotstuff info] 0.943831
2022-01-13 00:37:47.829411 [hotstuff info] 0.943826
2022-01-13 00:37:47.829762 [hotstuff info] 0.944166
2022-01-13 00:37:47.829788 [hotstuff info] 0.944178
2022-01-13 00:37:47.831951 [hotstuff info] 0.946328
2022-01-13 00:37:47.831973 [hotstuff info] 0.946339
2022-01-13 00:37:47.833304 [hotstuff info] 0.947658
2022-01-13 00:37:47.833325 [hotstuff info] 0.947667
2022-01-13 00:37:47.833332 [hotstuff info] 0.947662
2022-01-13 00:37:47.833339 [hotstuff info] 0.947657
2022-01-13 00:37:47.833346 [hotstuff info] 0.947640
2022-01-13 00:37:47.833352 [hotstuff info] 0.947635
2022-01-13 00:37:47.833360 [hotstuff info] 0.947631
2022-01-13 00:37:47.833366 [hotstuff info] 0.947625
2022-01-13 00:37:47.833373 [hotstuff info] 0.947620
2022-01-13 00:37:47.833384 [hotstuff info] 0.947620
2022-01-13 00:37:47.833397 [hotstuff info] 0.947621
2022-01-13 00:37:47.833415 [hotstuff info] 0.947625
2022-01-13 00:37:47.833431 [hotstuff info] 0.947628
2022-01-13 00:37:47.833442 [hotstuff info] 0.947627
2022-01-13 00:37:47.833448 [hotstuff info] 0.947621
2022-01-13 00:37:47.833454 [hotstuff info] 0.947615
2022-01-13 00:37:47.833461 [hotstuff info] 0.947610
2022-01-13 00:37:47.833467 [hotstuff info] 0.947604
2022-01-13 00:37:47.833483 [hotstuff info] 0.947606
2022-01-13 00:37:47.833508 [hotstuff info] 0.947618
2022-01-13 00:37:47.833521 [hotstuff info] 0.947619
2022-01-13 00:37:47.833536 [hotstuff info] 0.947623
2022-01-13 00:37:47.833544 [hotstuff info] 0.947619
2022-01-13 00:37:47.833550 [hotstuff info] 0.947614
2022-01-13 00:37:47.833570 [hotstuff info] 0.947621
2022-01-13 00:37:47.833578 [hotstuff info] 0.947616
2022-01-13 00:37:47.833585 [hotstuff info] 0.947611
2022-01-13 00:37:47.833592 [hotstuff info] 0.947606
2022-01-13 00:37:47.833599 [hotstuff info] 0.947601
2022-01-13 00:37:47.833605 [hotstuff info] 0.947596
2022-01-13 00:37:47.833612 [hotstuff info] 0.947591
2022-01-13 00:37:47.833618 [hotstuff info] 0.947585
2022-01-13 00:37:47.833625 [hotstuff info] 0.947577
2022-01-13 00:37:47.833632 [hotstuff info] 0.947571
2022-01-13 00:37:47.833639 [hotstuff info] 0.947567
2022-01-13 00:37:47.833654 [hotstuff info] 0.947569
2022-01-13 00:37:47.833671 [hotstuff info] 0.947575
2022-01-13 00:37:47.833678 [hotstuff info] 0.947571
2022-01-13 00:37:47.833685 [hotstuff info] 0.947565
2022-01-13 00:37:47.833692 [hotstuff info] 0.947558
2022-01-13 00:37:47.833700 [hotstuff info] 0.947553
2022-01-13 00:37:47.833707 [hotstuff info] 0.947549
2022-01-13 00:37:47.833714 [hotstuff info] 0.947545
2022-01-13 00:37:47.833721 [hotstuff info] 0.947520
2022-01-13 00:37:47.833729 [hotstuff info] 0.947516
2022-01-13 00:37:47.833735 [hotstuff info] 0.947511
2022-01-13 00:37:47.833743 [hotstuff info] 0.947504
2022-01-13 00:37:47.833750 [hotstuff info] 0.947499
2022-01-13 00:37:47.833761 [hotstuff info] 0.947495
2022-01-13 00:37:47.833768 [hotstuff info] 0.947495
2022-01-13 00:37:47.833776 [hotstuff info] 0.947491
2022-01-13 00:37:47.833793 [hotstuff info] 0.947496
2022-01-13 00:37:47.833804 [hotstuff info] 0.947495
2022-01-13 00:37:47.833810 [hotstuff info] 0.947490
2022-01-13 00:37:47.833822 [hotstuff info] 0.947489
2022-01-13 00:37:47.833830 [hotstuff info] 0.947484
2022-01-13 00:37:47.833842 [hotstuff info] 0.947484
2022-01-13 00:37:47.833853 [hotstuff info] 0.947479
2022-01-13 00:37:47.833866 [hotstuff info] 0.947481
2022-01-13 00:37:47.833885 [hotstuff info] 0.947487
2022-01-13 00:37:47.833892 [hotstuff info] 0.947482
2022-01-13 00:37:47.833903 [hotstuff info] 0.947481
2022-01-13 00:37:47.833910 [hotstuff info] 0.947477
2022-01-13 00:37:47.833917 [hotstuff info] 0.947472
2022-01-13 00:37:47.833925 [hotstuff info] 0.947467
2022-01-13 00:37:48.447794 [hotstuff info] 0.666335
2022-01-13 00:37:48.447845 [hotstuff info] 0.666372
2022-01-13 00:37:48.447860 [hotstuff info] 0.666378
2022-01-13 00:37:48.447875 [hotstuff info] 0.666383
2022-01-13 00:37:48.447896 [hotstuff info] 0.666392
2022-01-13 00:37:48.448086 [hotstuff info] 0.666380
2022-01-13 00:37:48.448119 [hotstuff info] 0.666395
2022-01-13 00:37:48.448173 [hotstuff info] 0.666436
2022-01-13 00:37:48.448184 [hotstuff info] 0.666438
2022-01-13 00:37:48.448196 [hotstuff info] 0.666441
2022-01-13 00:37:48.448204 [hotstuff info] 0.666432
2022-01-13 00:37:48.448213 [hotstuff info] 0.666425
2022-01-13 00:37:48.448219 [hotstuff info] 0.666413
2022-01-13 00:37:48.448227 [hotstuff info] 0.666406
2022-01-13 00:37:48.448235 [hotstuff info] 0.666406
2022-01-13 00:37:48.448242 [hotstuff info] 0.666405
2022-01-13 00:37:48.448249 [hotstuff info] 0.666394
2022-01-13 00:37:48.448261 [hotstuff info] 0.666394
2022-01-13 00:37:48.448272 [hotstuff info] 0.666397
2022-01-13 00:37:48.448288 [hotstuff info] 0.666397
2022-01-13 00:37:48.448295 [hotstuff info] 0.666393
2022-01-13 00:37:48.448302 [hotstuff info] 0.666394
2022-01-13 00:37:48.448309 [hotstuff info] 0.666393
2022-01-13 00:37:48.448316 [hotstuff info] 0.666391
2022-01-13 00:37:48.448322 [hotstuff info] 0.666389
2022-01-13 00:37:48.448337 [hotstuff info] 0.666394
2022-01-13 00:37:48.448343 [hotstuff info] 0.666386
2022-01-13 00:37:48.448351 [hotstuff info] 0.666386
2022-01-13 00:37:48.448359 [hotstuff info] 0.666386
2022-01-13 00:37:48.448372 [hotstuff info] 0.666391
2022-01-13 00:37:48.448379 [hotstuff info] 0.666385
2022-01-13 00:37:48.448387 [hotstuff info] 0.666386
2022-01-13 00:37:48.448403 [hotstuff info] 0.666370
2022-01-13 00:37:48.448410 [hotstuff info] 0.666371
2022-01-13 00:37:48.448418 [hotstuff info] 0.666371
2022-01-13 00:37:48.448426 [hotstuff info] 0.666373
2022-01-13 00:37:48.448433 [hotstuff info] 0.666366
2022-01-13 00:37:48.448451 [hotstuff info] 0.666378
2022-01-13 00:37:48.448458 [hotstuff info] 0.666377
2022-01-13 00:37:48.448468 [hotstuff info] 0.666365
2022-01-13 00:37:48.448483 [hotstuff info] 0.666373
2022-01-13 00:37:48.448491 [hotstuff info] 0.666368
2022-01-13 00:37:48.495768 [hotstuff info] 0.713638
2022-01-13 00:37:48.495792 [hotstuff info] 0.713643
2022-01-13 00:37:48.495799 [hotstuff info] 0.713643
2022-01-13 00:37:48.495806 [hotstuff info] 0.713637
2022-01-13 00:37:48.495813 [hotstuff info] 0.713616
2022-01-13 00:37:48.495820 [hotstuff info] 0.713617
2022-01-13 00:37:48.495827 [hotstuff info] 0.713611
2022-01-13 00:37:48.495834 [hotstuff info] 0.713613
2022-01-13 00:37:48.495842 [hotstuff info] 0.713613
2022-01-13 00:37:48.495849 [hotstuff info] 0.713613
2022-01-13 00:37:48.495855 [hotstuff info] 0.713613
2022-01-13 00:37:48.495863 [hotstuff info] 0.713614
2022-01-13 00:37:48.495869 [hotstuff info] 0.713613
2022-01-13 00:37:48.495877 [hotstuff info] 0.713613
2022-01-13 00:37:48.495883 [hotstuff info] 0.713613
2022-01-13 00:37:48.495898 [hotstuff info] 0.713621
2022-01-13 00:37:48.496056 [hotstuff info] 0.713772
2022-01-13 00:37:48.496069 [hotstuff info] 0.713777
2022-01-13 00:37:48.499147 [hotstuff info] 0.716848
2022-01-13 00:37:48.499166 [hotstuff info] 0.716860
2022-01-13 00:37:48.499174 [hotstuff info] 0.716862
2022-01-13 00:37:48.499181 [hotstuff info] 0.716862
2022-01-13 00:37:48.499188 [hotstuff info] 0.716859
2022-01-13 00:37:48.499195 [hotstuff info] 0.716859
2022-01-13 00:37:48.499201 [hotstuff info] 0.716859
2022-01-13 00:37:48.499208 [hotstuff info] 0.716858
2022-01-13 00:37:48.499215 [hotstuff info] 0.716857
2022-01-13 00:37:48.499222 [hotstuff info] 0.716858
2022-01-13 00:37:48.499229 [hotstuff info] 0.716853
2022-01-13 00:37:48.499236 [hotstuff info] 0.716853
2022-01-13 00:37:48.499242 [hotstuff info] 0.716842
2022-01-13 00:37:48.499249 [hotstuff info] 0.716837
2022-01-13 00:37:48.499261 [hotstuff info] 0.716832
2022-01-13 00:37:48.499275 [hotstuff info] 0.716840
2022-01-13 00:37:48.499623 [hotstuff info] 0.717175
2022-01-13 00:37:48.499640 [hotstuff info] 0.717181
2022-01-13 00:37:48.499647 [hotstuff info] 0.717176
2022-01-13 00:37:48.499654 [hotstuff info] 0.717174
2022-01-13 00:37:48.499661 [hotstuff info] 0.717175
2022-01-13 00:37:48.499669 [hotstuff info] 0.717174
2022-01-13 00:37:48.499693 [hotstuff info] 0.717185
2022-01-13 00:37:48.499701 [hotstuff info] 0.717184
2022-01-13 00:37:48.499707 [hotstuff info] 0.717183
2022-01-13 00:37:48.499713 [hotstuff info] 0.670442
2022-01-13 00:37:48.499720 [hotstuff info] 0.670440
2022-01-13 00:37:48.499733 [hotstuff info] 0.670446
2022-01-13 00:37:48.499748 [hotstuff info] 0.670452
2022-01-13 00:37:48.499760 [hotstuff info] 0.670456
2022-01-13 00:37:48.499767 [hotstuff info] 0.670457
2022-01-13 00:37:48.499775 [hotstuff info] 0.670458
2022-01-13 00:37:48.499782 [hotstuff info] 0.670457
2022-01-13 00:37:48.499789 [hotstuff info] 0.670458
2022-01-13 00:37:48.499796 [hotstuff info] 0.670457
2022-01-13 00:37:48.499802 [hotstuff info] 0.670458
2022-01-13 00:37:48.499809 [hotstuff info] 0.670458
2022-01-13 00:37:48.499816 [hotstuff info] 0.670457
2022-01-13 00:37:48.499823 [hotstuff info] 0.670456
2022-01-13 00:37:48.499830 [hotstuff info] 0.670455
2022-01-13 00:37:48.499836 [hotstuff info] 0.670454
2022-01-13 00:37:48.499843 [hotstuff info] 0.670455
2022-01-13 00:37:48.499851 [hotstuff info] 0.670455
2022-01-13 00:37:48.499858 [hotstuff info] 0.670455
2022-01-13 00:37:48.499869 [hotstuff info] 0.670460
2022-01-13 00:37:48.499876 [hotstuff info] 0.670453
2022-01-13 00:37:48.499886 [hotstuff info] 0.670098
2022-01-13 00:37:48.499892 [hotstuff info] 0.670090
2022-01-13 00:37:48.499899 [hotstuff info] 0.667928
2022-01-13 00:37:48.499907 [hotstuff info] 0.667927
2022-01-13 00:37:48.581089 [hotstuff info] 0.747766
2022-01-13 00:37:48.581119 [hotstuff info] 0.747788
2022-01-13 00:37:48.581130 [hotstuff info] 0.747793
2022-01-13 00:37:48.581138 [hotstuff info] 0.747793
2022-01-13 00:37:48.581145 [hotstuff info] 0.747794
2022-01-13 00:37:48.581155 [hotstuff info] 0.747796
2022-01-13 00:37:48.581164 [hotstuff info] 0.747798
2022-01-13 00:37:48.581172 [hotstuff info] 0.747799
2022-01-13 00:37:48.581178 [hotstuff info] 0.747795
2022-01-13 00:37:48.581189 [hotstuff info] 0.747792
2022-01-13 00:37:48.581376 [hotstuff info] 0.747961
2022-01-13 00:37:48.581400 [hotstuff info] 0.747970
2022-01-13 00:37:48.581406 [hotstuff info] 0.747966
2022-01-13 00:37:48.581418 [hotstuff info] 0.747970
2022-01-13 00:37:48.581425 [hotstuff info] 0.747971
2022-01-13 00:37:48.581435 [hotstuff info] 0.747975
2022-01-13 00:37:48.581447 [hotstuff info] 0.747980
2022-01-13 00:37:48.581455 [hotstuff info] 0.747981
2022-01-13 00:37:48.581463 [hotstuff info] 0.747956
2022-01-13 00:37:48.581475 [hotstuff info] 0.747955
2022-01-13 00:37:48.581484 [hotstuff info] 0.747950
2022-01-13 00:37:48.581533 [hotstuff info] 0.747990
2022-01-13 00:37:48.581544 [hotstuff info] 0.747995
2022-01-13 00:37:48.581554 [hotstuff info] 0.747985
2022-01-13 00:37:48.581563 [hotstuff info] 0.747987
2022-01-13 00:37:48.581575 [hotstuff info] 0.747991
2022-01-13 00:37:48.581582 [hotstuff info] 0.747992
2022-01-13 00:37:48.581590 [hotstuff info] 0.747992
2022-01-13 00:37:48.581597 [hotstuff info] 0.747992
2022-01-13 00:37:48.581607 [hotstuff info] 0.747996
2022-01-13 00:37:48.581617 [hotstuff info] 0.748000
2022-01-13 00:37:48.581626 [hotstuff info] 0.748001
2022-01-13 00:37:48.581633 [hotstuff info] 0.748001
2022-01-13 00:37:48.581640 [hotstuff info] 0.748001
2022-01-13 00:37:48.581646 [hotstuff info] 0.747994
2022-01-13 00:37:48.581656 [hotstuff info] 0.747991
2022-01-13 00:37:48.581663 [hotstuff info] 0.747985
2022-01-13 00:37:48.581673 [hotstuff info] 0.747988
2022-01-13 00:37:48.581679 [hotstuff info] 0.747988
2022-01-13 00:37:48.581686 [hotstuff info] 0.747988
2022-01-13 00:37:48.581698 [hotstuff info] 0.747992
2022-01-13 00:37:48.581705 [hotstuff info] 0.747992
2022-01-13 00:37:48.581715 [hotstuff info] 0.747995
2022-01-13 00:37:48.581724 [hotstuff info] 0.747997
2022-01-13 00:37:48.581733 [hotstuff info] 0.747998
2022-01-13 00:37:48.581739 [hotstuff info] 0.747998
2022-01-13 00:37:48.581746 [hotstuff info] 0.747998
2022-01-13 00:37:48.581760 [hotstuff info] 0.748003
2022-01-13 00:37:48.581766 [hotstuff info] 0.747999
2022-01-13 00:37:48.581777 [hotstuff info] 0.748001
2022-01-13 00:37:48.581786 [hotstuff info] 0.747994
2022-01-13 00:37:48.581795 [hotstuff info] 0.747992
2022-01-13 00:37:48.581803 [hotstuff info] 0.747993
2022-01-13 00:37:48.581812 [hotstuff info] 0.747991
2022-01-13 00:37:48.581819 [hotstuff info] 0.747990
2022-01-13 00:37:48.581827 [hotstuff info] 0.747986
2022-01-13 00:37:48.581833 [hotstuff info] 0.747982
2022-01-13 00:37:48.581845 [hotstuff info] 0.747980
2022-01-13 00:37:48.581856 [hotstuff info] 0.747972
2022-01-13 00:37:48.581865 [hotstuff info] 0.747974
2022-01-13 00:37:48.581876 [hotstuff info] 0.747978
2022-01-13 00:37:48.581886 [hotstuff info] 0.747976
2022-01-13 00:37:48.581894 [hotstuff info] 0.747979
2022-01-13 00:37:48.581905 [hotstuff info] 0.747980
2022-01-13 00:37:48.581913 [hotstuff info] 0.747982
2022-01-13 00:37:49.114460 [hotstuff info] 0.666616
2022-01-13 00:37:49.114501 [hotstuff info] 0.666642
2022-01-13 00:37:49.114515 [hotstuff info] 0.666640
2022-01-13 00:37:49.114525 [hotstuff info] 0.666642
2022-01-13 00:37:49.114538 [hotstuff info] 0.666633
2022-01-13 00:37:49.114808 [hotstuff info] 0.666690
2022-01-13 00:37:49.114825 [hotstuff info] 0.666700
2022-01-13 00:37:49.114835 [hotstuff info] 0.666653
2022-01-13 00:37:49.114843 [hotstuff info] 0.666648
2022-01-13 00:37:49.114849 [hotstuff info] 0.666646
2022-01-13 00:37:49.114857 [hotstuff info] 0.666645
2022-01-13 00:37:49.114863 [hotstuff info] 0.666645
2022-01-13 00:37:49.114870 [hotstuff info] 0.666645
2022-01-13 00:37:49.114878 [hotstuff info] 0.666644
2022-01-13 00:37:49.114886 [hotstuff info] 0.666646
2022-01-13 00:37:49.114892 [hotstuff info] 0.666645
2022-01-13 00:37:49.114900 [hotstuff info] 0.666639
2022-01-13 00:37:49.114906 [hotstuff info] 0.666639
2022-01-13 00:37:49.114913 [hotstuff info] 0.666627
2022-01-13 00:37:49.114920 [hotstuff info] 0.666626
2022-01-13 00:37:49.114927 [hotstuff info] 0.666626
2022-01-13 00:37:49.114935 [hotstuff info] 0.666626
2022-01-13 00:37:49.114942 [hotstuff info] 0.666626
2022-01-13 00:37:49.114950 [hotstuff info] 0.666629
2022-01-13 00:37:49.114962 [hotstuff info] 0.666626
2022-01-13 00:37:49.114972 [hotstuff info] 0.666630
2022-01-13 00:37:49.114984 [hotstuff info] 0.666634
2022-01-13 00:37:49.114994 [hotstuff info] 0.666636
2022-01-13 00:37:49.115006 [hotstuff info] 0.666636
2022-01-13 00:37:49.162334 [hotstuff info] 0.713956
2022-01-13 00:37:49.162361 [hotstuff info] 0.713974
2022-01-13 00:37:49.162602 [hotstuff info] 0.714200
2022-01-13 00:37:49.162619 [hotstuff info] 0.714210
2022-01-13 00:37:49.162625 [hotstuff info] 0.714209
2022-01-13 00:37:49.162633 [hotstuff info] 0.714207
2022-01-13 00:37:49.162643 [hotstuff info] 0.714212
2022-01-13 00:37:49.162653 [hotstuff info] 0.714202
2022-01-13 00:37:49.162664 [hotstuff info] 0.714207
2022-01-13 00:37:49.162675 [hotstuff info] 0.714212
2022-01-13 00:37:49.162686 [hotstuff info] 0.714204
2022-01-13 00:37:49.162699 [hotstuff info] 0.714209
2022-01-13 00:37:49.162711 [hotstuff info] 0.714214
2022-01-13 00:37:49.162933 [hotstuff info] 0.667142
2022-01-13 00:37:49.162950 [hotstuff info] 0.667152
2022-01-13 00:37:49.162957 [hotstuff info] 0.667153
2022-01-13 00:37:49.162964 [hotstuff info] 0.667153
2022-01-13 00:37:49.162974 [hotstuff info] 0.667155
2022-01-13 00:37:49.162982 [hotstuff info] 0.667157
2022-01-13 00:37:49.162990 [hotstuff info] 0.667156
2022-01-13 00:37:49.164949 [hotstuff info] 0.669108
2022-01-13 00:37:49.164970 [hotstuff info] 0.669123
2022-01-13 00:37:49.164982 [hotstuff info] 0.669127
2022-01-13 00:37:49.164990 [hotstuff info] 0.669127
2022-01-13 00:37:49.164998 [hotstuff info] 0.669130
2022-01-13 00:37:49.165006 [hotstuff info] 0.669130
2022-01-13 00:37:49.165014 [hotstuff info] 0.669132
2022-01-13 00:37:49.165022 [hotstuff info] 0.669124
2022-01-13 00:37:49.165029 [hotstuff info] 0.669121
2022-01-13 00:37:49.166322 [hotstuff info] 0.670254
2022-01-13 00:37:49.166345 [hotstuff info] 0.670271
2022-01-13 00:37:49.166353 [hotstuff info] 0.667189
2022-01-13 00:37:49.166361 [hotstuff info] 0.667188
2022-01-13 00:37:49.166368 [hotstuff info] 0.667189
2022-01-13 00:37:49.166376 [hotstuff info] 0.667189
2022-01-13 00:37:49.166383 [hotstuff info] 0.667189
2022-01-13 00:37:49.166391 [hotstuff info] 0.667190
2022-01-13 00:37:49.166399 [hotstuff info] 0.667191
2022-01-13 00:37:49.166407 [hotstuff info] 0.667193
2022-01-13 00:37:49.166415 [hotstuff info] 0.667194
2022-01-13 00:37:49.166421 [hotstuff info] 0.667194
2022-01-13 00:37:49.166429 [hotstuff info] 0.667195
2022-01-13 00:37:49.166437 [hotstuff info] 0.667196
2022-01-13 00:37:49.166444 [hotstuff info] 0.667196
2022-01-13 00:37:49.166451 [hotstuff info] 0.667191
2022-01-13 00:37:49.166458 [hotstuff info] 0.667183
2022-01-13 00:37:49.166464 [hotstuff info] 0.667178
2022-01-13 00:37:49.247537 [hotstuff info] 0.747899
2022-01-13 00:37:49.247568 [hotstuff info] 0.747922
2022-01-13 00:37:49.247577 [hotstuff info] 0.747924
2022-01-13 00:37:49.247583 [hotstuff info] 0.747923
2022-01-13 00:37:49.247592 [hotstuff info] 0.747924
2022-01-13 00:37:49.247600 [hotstuff info] 0.747907
2022-01-13 00:37:49.247608 [hotstuff info] 0.747909
2022-01-13 00:37:49.247883 [hotstuff info] 0.748178
2022-01-13 00:37:49.247903 [hotstuff info] 0.748190
2022-01-13 00:37:49.247909 [hotstuff info] 0.748191
2022-01-13 00:37:49.247918 [hotstuff info] 0.748186
2022-01-13 00:37:49.247925 [hotstuff info] 0.748178
2022-01-13 00:37:49.247933 [hotstuff info] 0.748175
2022-01-13 00:37:49.247941 [hotstuff info] 0.748176
2022-01-13 00:37:49.247949 [hotstuff info] 0.748174
2022-01-13 00:37:49.247956 [hotstuff info] 0.748174
2022-01-13 00:37:49.247964 [hotstuff info] 0.748175
2022-01-13 00:37:49.247970 [hotstuff info] 0.748174
2022-01-13 00:37:49.247977 [hotstuff info] 0.748175
2022-01-13 00:37:49.247984 [hotstuff info] 0.748175
2022-01-13 00:37:49.247991 [hotstuff info] 0.748175
2022-01-13 00:37:49.247997 [hotstuff info] 0.748176
2022-01-13 00:37:49.248004 [hotstuff info] 0.748176
2022-01-13 00:37:49.248011 [hotstuff info] 0.748176
2022-01-13 00:37:49.248018 [hotstuff info] 0.748175
2022-01-13 00:37:49.248024 [hotstuff info] 0.748174
2022-01-13 00:37:49.248031 [hotstuff info] 0.748174
2022-01-13 00:37:49.248038 [hotstuff info] 0.748169
2022-01-13 00:37:49.248045 [hotstuff info] 0.748170
2022-01-13 00:37:49.248052 [hotstuff info] 0.748167
2022-01-13 00:37:49.248059 [hotstuff info] 0.748167
2022-01-13 00:37:49.248065 [hotstuff info] 0.748167
2022-01-13 00:37:49.248072 [hotstuff info] 0.748166
2022-01-13 00:37:49.248078 [hotstuff info] 0.748165
2022-01-13 00:37:49.248084 [hotstuff info] 0.666968
2022-01-13 00:37:49.248091 [hotstuff info] 0.666963
2022-01-13 00:37:49.248098 [hotstuff info] 0.666962
2022-01-13 00:37:49.248105 [hotstuff info] 0.666961
2022-01-13 00:37:49.248112 [hotstuff info] 0.666958
2022-01-13 00:37:49.248118 [hotstuff info] 0.666955
2022-01-13 00:37:49.248124 [hotstuff info] 0.666953
2022-01-13 00:37:49.248130 [hotstuff info] 0.666952
2022-01-13 00:37:49.248136 [hotstuff info] 0.666949
2022-01-13 00:37:49.248143 [hotstuff info] 0.666946
2022-01-13 00:37:49.248149 [hotstuff info] 0.666750
2022-01-13 00:37:49.248155 [hotstuff info] 0.666750
2022-01-13 00:37:49.248162 [hotstuff info] 0.666746
2022-01-13 00:37:49.248168 [hotstuff info] 0.666745
2022-01-13 00:37:49.248176 [hotstuff info] 0.666741
2022-01-13 00:37:49.248182 [hotstuff info] 0.666737
2022-01-13 00:37:49.248858 [hotstuff info] 0.667404
2022-01-13 00:37:49.248877 [hotstuff info] 0.667416
2022-01-13 00:37:49.248889 [hotstuff info] 0.667416
2022-01-13 00:37:49.248897 [hotstuff info] 0.667414
2022-01-13 00:37:49.248906 [hotstuff info] 0.667412
2022-01-13 00:37:49.248946 [hotstuff info] 0.667403
2022-01-13 00:37:49.248953 [hotstuff info] 0.667401
2022-01-13 00:37:49.248961 [hotstuff info] 0.667398
2022-01-13 00:37:49.248967 [hotstuff info] 0.667394
2022-01-13 00:37:49.248973 [hotstuff info] 0.667391
2022-01-13 00:37:49.248979 [hotstuff info] 0.667389
2022-01-13 00:37:49.248985 [hotstuff info] 0.667390
2022-01-13 00:37:49.248992 [hotstuff info] 0.667386
2022-01-13 00:37:49.248997 [hotstuff info] 0.667382
2022-01-13 00:37:49.249004 [hotstuff info] 0.667379
2022-01-13 00:37:49.249010 [hotstuff info] 0.667377
2022-01-13 00:37:49.249016 [hotstuff info] 0.667376
2022-01-13 00:37:49.249022 [hotstuff info] 0.667376
2022-01-13 00:37:49.249028 [hotstuff info] 0.667373
2022-01-13 00:37:49.249034 [hotstuff info] 0.667372
2022-01-13 00:37:49.249040 [hotstuff info] 0.667368
2022-01-13 00:37:49.249046 [hotstuff info] 0.667368
2022-01-13 00:37:49.249052 [hotstuff info] 0.667367
2022-01-13 00:37:49.249058 [hotstuff info] 0.667362
2022-01-13 00:37:49.249064 [hotstuff info] 0.667359
2022-01-13 00:37:49.249070 [hotstuff info] 0.667356
2022-01-13 00:37:49.249076 [hotstuff info] 0.667353
2022-01-13 00:37:49.249082 [hotstuff info] 0.667350
2022-01-13 00:37:49.249087 [hotstuff info] 0.667349
2022-01-13 00:37:49.249094 [hotstuff info] 0.667348
2022-01-13 00:37:49.249100 [hotstuff info] 0.667342
2022-01-13 00:37:49.249106 [hotstuff info] 0.667341
2022-01-13 00:37:49.249112 [hotstuff info] 0.667336
2022-01-13 00:37:49.249117 [hotstuff info] 0.667334
2022-01-13 00:37:49.249124 [hotstuff info] 0.667329
2022-01-13 00:37:49.249130 [hotstuff info] 0.667329
2022-01-13 00:37:49.249136 [hotstuff info] 0.667325
2022-01-13 00:37:49.249155 [hotstuff info] 0.667337
2022-01-13 00:37:49.249161 [hotstuff info] 0.667336
2022-01-13 00:37:49.249167 [hotstuff info] 0.667334
2022-01-13 00:37:49.249173 [hotstuff info] 0.667329
2022-01-13 00:37:49.249179 [hotstuff info] 0.667324
2022-01-13 00:37:49.249186 [hotstuff info] 0.667322
2022-01-13 00:37:49.295994 [hotstuff info] 0.714118
2022-01-13 00:37:49.296022 [hotstuff info] 0.714138
2022-01-13 00:37:49.296040 [hotstuff info] 0.714147
2022-01-13 00:37:49.296049 [hotstuff info] 0.714145
2022-01-13 00:37:49.296056 [hotstuff info] 0.714144
2022-01-13 00:37:49.296064 [hotstuff info] 0.714142
2022-01-13 00:37:49.781154 [hotstuff info] 0.666655
2022-01-13 00:37:49.781250 [hotstuff info] 0.666737
2022-01-13 00:37:49.781262 [hotstuff info] 0.666739
2022-01-13 00:37:49.781283 [hotstuff info] 0.666746
2022-01-13 00:37:49.781479 [hotstuff info] 0.666932
2022-01-13 00:37:49.781514 [hotstuff info] 0.666689
2022-01-13 00:37:49.781523 [hotstuff info] 0.666688
2022-01-13 00:37:49.781538 [hotstuff info] 0.666697
2022-01-13 00:37:49.781545 [hotstuff info] 0.666698
2022-01-13 00:37:49.781552 [hotstuff info] 0.666697
2022-01-13 00:37:49.781568 [hotstuff info] 0.666706
2022-01-13 00:37:49.781581 [hotstuff info] 0.666711
2022-01-13 00:37:49.781605 [hotstuff info] 0.666729
2022-01-13 00:37:49.781630 [hotstuff info] 0.666744
2022-01-13 00:37:49.781642 [hotstuff info] 0.666751
2022-01-13 00:37:49.781664 [hotstuff info] 0.666765
2022-01-13 00:37:49.781701 [hotstuff info] 0.666795
2022-01-13 00:37:49.781709 [hotstuff info] 0.666797
2022-01-13 00:37:49.781716 [hotstuff info] 0.666797
2022-01-13 00:37:49.781724 [hotstuff info] 0.666797
2022-01-13 00:37:49.781731 [hotstuff info] 0.666798
2022-01-13 00:37:49.781747 [hotstuff info] 0.666806
2022-01-13 00:37:49.781760 [hotstuff info] 0.666811
2022-01-13 00:37:49.781775 [hotstuff info] 0.666816
2022-01-13 00:37:49.781786 [hotstuff info] 0.666815
2022-01-13 00:37:49.781794 [hotstuff info] 0.666810
2022-01-13 00:37:49.781808 [hotstuff info] 0.666815
2022-01-13 00:37:49.782152 [hotstuff info] 0.667146
2022-01-13 00:37:49.782218 [hotstuff info] 0.667203
2022-01-13 00:37:49.782231 [hotstuff info] 0.619871
2022-01-13 00:37:49.782238 [hotstuff info] 0.619866
2022-01-13 00:37:49.829225 [hotstuff info] 0.666606
2022-01-13 00:37:49.829260 [hotstuff info] 0.666636
2022-01-13 00:37:49.829271 [hotstuff info] 0.666639
2022-01-13 00:37:49.829278 [hotstuff info] 0.666636
2022-01-13 00:37:49.829287 [hotstuff info] 0.666635
2022-01-13 00:37:49.829293 [hotstuff info] 0.666631
2022-01-13 00:37:49.829308 [hotstuff info] 0.666634
2022-01-13 00:37:49.829315 [hotstuff info] 0.666630
2022-01-13 00:37:49.829328 [hotstuff info] 0.666630
2022-01-13 00:37:49.829335 [hotstuff info] 0.666625
2022-01-13 00:37:49.829568 [hotstuff info] 0.666846
2022-01-13 00:37:49.829592 [hotstuff info] 0.666644
2022-01-13 00:37:49.829607 [hotstuff info] 0.666650
2022-01-13 00:37:49.829622 [hotstuff info] 0.666659
2022-01-13 00:37:49.829635 [hotstuff info] 0.666658
2022-01-13 00:37:49.829643 [hotstuff info] 0.666662
2022-01-13 00:37:49.829651 [hotstuff info] 0.666661
2022-01-13 00:37:49.829658 [hotstuff info] 0.666662
2022-01-13 00:37:49.913933 [hotstuff info] 0.748965
2022-01-13 00:37:49.913960 [hotstuff info] 0.748979
2022-01-13 00:37:49.913968 [hotstuff info] 0.748979
2022-01-13 00:37:49.914010 [hotstuff info] 0.749013
2022-01-13 00:37:49.914021 [hotstuff info] 0.749016
2022-01-13 00:37:49.914027 [hotstuff info] 0.749015
2022-01-13 00:37:49.914377 [hotstuff info] 0.749356
2022-01-13 00:37:49.914403 [hotstuff info] 0.749375
2022-01-13 00:37:49.914411 [hotstuff info] 0.749374
2022-01-13 00:37:49.914425 [hotstuff info] 0.748082
2022-01-13 00:37:49.914439 [hotstuff info] 0.748086
2022-01-13 00:37:49.914451 [hotstuff info] 0.748091
2022-01-13 00:37:49.914462 [hotstuff info] 0.748094
2022-01-13 00:37:49.914473 [hotstuff info] 0.748099
2022-01-13 00:37:49.914487 [hotstuff info] 0.748103
2022-01-13 00:37:49.914496 [hotstuff info] 0.748106
2022-01-13 00:37:49.914508 [hotstuff info] 0.748111
2022-01-13 00:37:49.914520 [hotstuff info] 0.748114
2022-01-13 00:37:49.914534 [hotstuff info] 0.748120
2022-01-13 00:37:49.914544 [hotstuff info] 0.748124
2022-01-13 00:37:49.914557 [hotstuff info] 0.748129
2022-01-13 00:37:49.914568 [hotstuff info] 0.748133
2022-01-13 00:37:49.914581 [hotstuff info] 0.748137
2022-01-13 00:37:49.914592 [hotstuff info] 0.748142
2022-01-13 00:37:49.914604 [hotstuff info] 0.748146
2022-01-13 00:37:49.914616 [hotstuff info] 0.748153
2022-01-13 00:37:49.914626 [hotstuff info] 0.748156
2022-01-13 00:37:49.914637 [hotstuff info] 0.667071
2022-01-13 00:37:49.914651 [hotstuff info] 0.667075
2022-01-13 00:37:49.914660 [hotstuff info] 0.667078
2022-01-13 00:37:49.914673 [hotstuff info] 0.667082
2022-01-13 00:37:49.914683 [hotstuff info] 0.667084
2022-01-13 00:37:49.914694 [hotstuff info] 0.667086
2022-01-13 00:37:49.914705 [hotstuff info] 0.667091
2022-01-13 00:37:49.914720 [hotstuff info] 0.666819
2022-01-13 00:37:49.915151 [hotstuff info] 0.667242
2022-01-13 00:37:49.915175 [hotstuff info] 0.667257
2022-01-13 00:37:49.915240 [hotstuff info] 0.667316
2022-01-13 00:37:49.915250 [hotstuff info] 0.667318
2022-01-13 00:37:49.915262 [hotstuff info] 0.667321
2022-01-13 00:37:49.915273 [hotstuff info] 0.667324
2022-01-13 00:37:49.915284 [hotstuff info] 0.667329
2022-01-13 00:37:49.915294 [hotstuff info] 0.667331
2022-01-13 00:37:49.915304 [hotstuff info] 0.667335
2022-01-13 00:37:49.915316 [hotstuff info] 0.667339
2022-01-13 00:37:49.915326 [hotstuff info] 0.667344
2022-01-13 00:37:49.915338 [hotstuff info] 0.667348
2022-01-13 00:37:49.915349 [hotstuff info] 0.667352
2022-01-13 00:37:49.915360 [hotstuff info] 0.667357
2022-01-13 00:37:49.915372 [hotstuff info] 0.667362
2022-01-13 00:37:49.915384 [hotstuff info] 0.667367
2022-01-13 00:37:49.915396 [hotstuff info] 0.667373
2022-01-13 00:37:49.915407 [hotstuff info] 0.667377
2022-01-13 00:37:49.915419 [hotstuff info] 0.667382
2022-01-13 00:37:49.915430 [hotstuff info] 0.667386
2022-01-13 00:37:49.915441 [hotstuff info] 0.667391
2022-01-13 00:37:49.915452 [hotstuff info] 0.667394
2022-01-13 00:37:49.915464 [hotstuff info] 0.667400
2022-01-13 00:37:49.915475 [hotstuff info] 0.667404
2022-01-13 00:37:49.915486 [hotstuff info] 0.667409
2022-01-13 00:37:49.915497 [hotstuff info] 0.667413
2022-01-13 00:37:49.915508 [hotstuff info] 0.667418
2022-01-13 00:37:49.915520 [hotstuff info] 0.667422
2022-01-13 00:37:49.915531 [hotstuff info] 0.667428
2022-01-13 00:37:49.915543 [hotstuff info] 0.667432
2022-01-13 00:37:49.915553 [hotstuff info] 0.667435
2022-01-13 00:37:49.915565 [hotstuff info] 0.667442
2022-01-13 00:37:49.915576 [hotstuff info] 0.667447
2022-01-13 00:37:49.915587 [hotstuff info] 0.667452
2022-01-13 00:37:49.915599 [hotstuff info] 0.667458
2022-01-13 00:37:49.915610 [hotstuff info] 0.667461
2022-01-13 00:37:49.915621 [hotstuff info] 0.667467
2022-01-13 00:37:49.915633 [hotstuff info] 0.667472
2022-01-13 00:37:49.915644 [hotstuff info] 0.667476
2022-01-13 00:37:49.915655 [hotstuff info] 0.667481
2022-01-13 00:37:49.915667 [hotstuff info] 0.667485
2022-01-13 00:37:49.915679 [hotstuff info] 0.667490
2022-01-13 00:37:49.915698 [hotstuff info] 0.666821
2022-01-13 00:37:49.962970 [hotstuff info] 0.714081
2022-01-13 00:37:49.963002 [hotstuff info] 0.714105
2022-01-13 00:37:49.963016 [hotstuff info] 0.714111
2022-01-13 00:37:49.963031 [hotstuff info] 0.714119
2022-01-13 00:37:49.963042 [hotstuff info] 0.714089
2022-01-13 00:37:49.963053 [hotstuff info] 0.714094
2022-01-13 00:37:49.963067 [hotstuff info] 0.714100
2022-01-13 00:37:49.963276 [hotstuff info] 0.714304
2022-01-13 00:37:49.963302 [hotstuff info] 0.714325
2022-01-13 00:37:49.963313 [hotstuff info] 0.714329
2022-01-13 00:37:49.963326 [hotstuff info] 0.714335
2022-01-13 00:37:49.963339 [hotstuff info] 0.714342
2022-01-13 00:37:49.963351 [hotstuff info] 0.714347
2022-01-13 00:37:49.963365 [hotstuff info] 0.714357
2022-01-13 00:37:49.963379 [hotstuff info] 0.714364
2022-01-13 00:37:49.963392 [hotstuff info] 0.714371
2022-01-13 00:37:49.963404 [hotstuff info] 0.714377
2022-01-13 00:37:49.963414 [hotstuff info] 0.714381
2022-01-13 00:37:49.963428 [hotstuff info] 0.714389
2022-01-13 00:37:49.963440 [hotstuff info] 0.714394
2022-01-13 00:37:49.963451 [hotstuff info] 0.714399
2022-01-13 00:37:49.963464 [hotstuff info] 0.714406
2022-01-13 00:37:50.047340 [hotstuff info] 0.798278
2022-01-13 00:37:50.047361 [hotstuff info] 0.798292
2022-01-13 00:37:50.047373 [hotstuff info] 0.798298
2022-01-13 00:37:50.047383 [hotstuff info] 0.798303
2022-01-13 00:37:50.047390 [hotstuff info] 0.798304
2022-01-13 00:37:50.047397 [hotstuff info] 0.798304
2022-01-13 00:37:50.047405 [hotstuff info] 0.798307
2022-01-13 00:37:50.047411 [hotstuff info] 0.798307
2022-01-13 00:37:50.047420 [hotstuff info] 0.798310
2022-01-13 00:37:50.047648 [hotstuff info] 0.798532
2022-01-13 00:37:50.047666 [hotstuff info] 0.798543
2022-01-13 00:37:50.047674 [hotstuff info] 0.798544
2022-01-13 00:37:50.047682 [hotstuff info] 0.798546
2022-01-13 00:37:50.047688 [hotstuff info] 0.798534
2022-01-13 00:37:50.047696 [hotstuff info] 0.798535
2022-01-13 00:37:50.047704 [hotstuff info] 0.798538
2022-01-13 00:37:50.047711 [hotstuff info] 0.798539
2022-01-13 00:37:50.047722 [hotstuff info] 0.798545
2022-01-13 00:37:50.047730 [hotstuff info] 0.798545
2022-01-13 00:37:50.047736 [hotstuff info] 0.798544
2022-01-13 00:37:50.047743 [hotstuff info] 0.751722
2022-01-13 00:37:50.047749 [hotstuff info] 0.751710
2022-01-13 00:37:50.047757 [hotstuff info] 0.751709
2022-01-13 00:37:50.047763 [hotstuff info] 0.751708
2022-01-13 00:37:50.047771 [hotstuff info] 0.751709
2022-01-13 00:37:50.047779 [hotstuff info] 0.751709
2022-01-13 00:37:50.448019 [hotstuff info] 0.666806
2022-01-13 00:37:50.448168 [hotstuff info] 0.666907
2022-01-13 00:37:50.448193 [hotstuff info] 0.666924
2022-01-13 00:37:50.448202 [hotstuff info] 0.666909
2022-01-13 00:37:50.448406 [hotstuff info] 0.666893
2022-01-13 00:37:50.448430 [hotstuff info] 0.666909
2022-01-13 00:37:50.448443 [hotstuff info] 0.666906
2022-01-13 00:37:50.448454 [hotstuff info] 0.666910
2022-01-13 00:37:50.448468 [hotstuff info] 0.666916
2022-01-13 00:37:50.448479 [hotstuff info] 0.666919
2022-01-13 00:37:50.448492 [hotstuff info] 0.666912
