2022-01-13 00:37:46.863826 [net info] starting all threads...
2022-01-13 00:37:46.863949 [net warn] ignoring option name in conf file: block-size
2022-01-13 00:37:46.863958 [net warn] ignoring option name in conf file: nworker
2022-01-13 00:37:46.863962 [net warn] ignoring option name in conf file: repnworker
2022-01-13 00:37:46.863966 [net warn] ignoring option name in conf file: clinworker
2022-01-13 00:37:46.863970 [net warn] ignoring option name in conf file: repburst
2022-01-13 00:37:46.863974 [net warn] ignoring option name in conf file: cliburst
2022-01-13 00:37:46.863978 [net warn] ignoring option name in conf file: pace-maker
2022-01-13 00:37:46.863991 [net info] loaded configuration from hotstuff.conf
2022-01-13 00:37:46.864068 [hotstuff info] nfaulty = 3
2022-01-13 00:37:46.864309 [net info] created <Conn fd=11 addr=<NetAddr 18.188.17.142:20000> mode=active>
2022-01-13 00:37:46.864540 [net info] created <Conn fd=19 addr=<NetAddr 3.142.114.174:20000> mode=active>
2022-01-13 00:37:46.864564 [net info] connected to remote <Conn fd=11 addr=<NetAddr 18.188.17.142:20000> mode=active>
2022-01-13 00:37:46.864749 [net info] created <Conn fd=21 addr=<NetAddr 52.79.253.61:20000> mode=active>
2022-01-13 00:37:46.864940 [net info] created <Conn fd=23 addr=<NetAddr 3.36.103.56:20000> mode=active>
2022-01-13 00:37:46.865130 [net info] created <Conn fd=25 addr=<NetAddr 54.93.131.236:20000> mode=active>
2022-01-13 00:37:46.865144 [net info] connected to remote <Conn fd=19 addr=<NetAddr 3.142.114.174:20000> mode=active>
2022-01-13 00:37:46.865328 [net info] created <Conn fd=27 addr=<NetAddr 3.120.147.128:20000> mode=active>
2022-01-13 00:37:46.865517 [net info] created <Conn fd=29 addr=<NetAddr 54.215.140.88:20000> mode=active>
2022-01-13 00:37:46.865720 [net info] created <Conn fd=31 addr=<NetAddr 54.193.29.119:20000> mode=active>
2022-01-13 00:37:46.865924 [net info] created <Conn fd=33 addr=<NetAddr 3.112.224.96:20000> mode=active>
2022-01-13 00:37:46.866122 [net info] created <Conn fd=35 addr=<NetAddr 54.95.218.99:20000> mode=active>
2022-01-13 00:37:46.916564 [net info] connected to remote <Conn fd=29 addr=<NetAddr 54.215.140.88:20000> mode=active>
2022-01-13 00:37:46.917387 [net info] connected to remote <Conn fd=31 addr=<NetAddr 54.193.29.119:20000> mode=active>
2022-01-13 00:37:46.964781 [net info] connected to remote <Conn fd=27 addr=<NetAddr 3.120.147.128:20000> mode=active>
2022-01-13 00:37:46.964809 [net info] connected to remote <Conn fd=25 addr=<NetAddr 54.93.131.236:20000> mode=active>
2022-01-13 00:37:46.996317 [net info] connected to remote <Conn fd=35 addr=<NetAddr 54.95.218.99:20000> mode=active>
2022-01-13 00:37:46.997334 [net info] connected to remote <Conn fd=33 addr=<NetAddr 3.112.224.96:20000> mode=active>
2022-01-13 00:37:47.024770 [net info] connected to remote <Conn fd=23 addr=<NetAddr 3.36.103.56:20000> mode=active>
2022-01-13 00:37:47.024793 [net info] connected to remote <Conn fd=21 addr=<NetAddr 52.79.253.61:20000> mode=active>
2022-01-13 00:37:47.781062 [hotstuff info] 0.914896
2022-01-13 00:37:47.781100 [hotstuff info] 0.914873
2022-01-13 00:37:47.781110 [hotstuff info] 0.914872
2022-01-13 00:37:47.781117 [hotstuff info] 0.914870
2022-01-13 00:37:47.781124 [hotstuff info] 0.914867
2022-01-13 00:37:47.781135 [hotstuff info] 0.914869
2022-01-13 00:37:47.781143 [hotstuff info] 0.914866
2022-01-13 00:37:47.781149 [hotstuff info] 0.914863
2022-01-13 00:37:47.781157 [hotstuff info] 0.914860
2022-01-13 00:37:47.781165 [hotstuff info] 0.914859
2022-01-13 00:37:47.781172 [hotstuff info] 0.914857
2022-01-13 00:37:47.781178 [hotstuff info] 0.914852
2022-01-13 00:37:47.781187 [hotstuff info] 0.914850
2022-01-13 00:37:47.781193 [hotstuff info] 0.914847
2022-01-13 00:37:47.781201 [hotstuff info] 0.914845
2022-01-13 00:37:47.781208 [hotstuff info] 0.914842
2022-01-13 00:37:47.781215 [hotstuff info] 0.914841
2022-01-13 00:37:47.781222 [hotstuff info] 0.914836
2022-01-13 00:37:47.781485 [hotstuff info] 0.915089
2022-01-13 00:37:47.781502 [hotstuff info] 0.915096
2022-01-13 00:37:47.781510 [hotstuff info] 0.915095
2022-01-13 00:37:47.781517 [hotstuff info] 0.915092
2022-01-13 00:37:47.781524 [hotstuff info] 0.915090
2022-01-13 00:37:47.781532 [hotstuff info] 0.915087
2022-01-13 00:37:47.781539 [hotstuff info] 0.915086
2022-01-13 00:37:47.781545 [hotstuff info] 0.915081
2022-01-13 00:37:47.781553 [hotstuff info] 0.915078
2022-01-13 00:37:47.781560 [hotstuff info] 0.915079
2022-01-13 00:37:47.781567 [hotstuff info] 0.915076
2022-01-13 00:37:47.781574 [hotstuff info] 0.915073
2022-01-13 00:37:47.781582 [hotstuff info] 0.915071
2022-01-13 00:37:47.781588 [hotstuff info] 0.915068
2022-01-13 00:37:47.781596 [hotstuff info] 0.915065
2022-01-13 00:37:47.781627 [hotstuff info] 0.915087
2022-01-13 00:37:47.781635 [hotstuff info] 0.915085
2022-01-13 00:37:47.781641 [hotstuff info] 0.915082
2022-01-13 00:37:47.781647 [hotstuff info] 0.915079
2022-01-13 00:37:47.781654 [hotstuff info] 0.915075
2022-01-13 00:37:47.781661 [hotstuff info] 0.915071
2022-01-13 00:37:47.781667 [hotstuff info] 0.915068
2022-01-13 00:37:47.781673 [hotstuff info] 0.915063
2022-01-13 00:37:47.781679 [hotstuff info] 0.915060
2022-01-13 00:37:47.781685 [hotstuff info] 0.915056
2022-01-13 00:37:47.781691 [hotstuff info] 0.915053
2022-01-13 00:37:47.781697 [hotstuff info] 0.915050
2022-01-13 00:37:47.781704 [hotstuff info] 0.915045
2022-01-13 00:37:47.781711 [hotstuff info] 0.915043
2022-01-13 00:37:47.781717 [hotstuff info] 0.915038
2022-01-13 00:37:47.781723 [hotstuff info] 0.915038
2022-01-13 00:37:47.781729 [hotstuff info] 0.915035
2022-01-13 00:37:47.781736 [hotstuff info] 0.915033
2022-01-13 00:37:47.781742 [hotstuff info] 0.915029
2022-01-13 00:37:47.781749 [hotstuff info] 0.915023
2022-01-13 00:37:47.781755 [hotstuff info] 0.915020
2022-01-13 00:37:47.781762 [hotstuff info] 0.915018
2022-01-13 00:37:47.781769 [hotstuff info] 0.915015
2022-01-13 00:37:47.781775 [hotstuff info] 0.915015
2022-01-13 00:37:47.781781 [hotstuff info] 0.915011
2022-01-13 00:37:47.781787 [hotstuff info] 0.915011
2022-01-13 00:37:47.781793 [hotstuff info] 0.915005
2022-01-13 00:37:47.781799 [hotstuff info] 0.915002
2022-01-13 00:37:47.781806 [hotstuff info] 0.915002
2022-01-13 00:37:47.781812 [hotstuff info] 0.915000
2022-01-13 00:37:47.781819 [hotstuff info] 0.914996
2022-01-13 00:37:47.781825 [hotstuff info] 0.914996
2022-01-13 00:37:47.781834 [hotstuff info] 0.914995
2022-01-13 00:37:47.781840 [hotstuff info] 0.914990
2022-01-13 00:37:47.781846 [hotstuff info] 0.914989
2022-01-13 00:37:47.781852 [hotstuff info] 0.914986
2022-01-13 00:37:47.781857 [hotstuff info] 0.914982
2022-01-13 00:37:47.781864 [hotstuff info] 0.914978
2022-01-13 00:37:47.781870 [hotstuff info] 0.914975
2022-01-13 00:37:47.781876 [hotstuff info] 0.914971
2022-01-13 00:37:47.781883 [hotstuff info] 0.914966
2022-01-13 00:37:47.781888 [hotstuff info] 0.914963
2022-01-13 00:37:47.781894 [hotstuff info] 0.914959
2022-01-13 00:37:47.781901 [hotstuff info] 0.914956
2022-01-13 00:37:47.781907 [hotstuff info] 0.914955
2022-01-13 00:37:47.781914 [hotstuff info] 0.914953
2022-01-13 00:37:47.781920 [hotstuff info] 0.914946
2022-01-13 00:37:47.781926 [hotstuff info] 0.914945
2022-01-13 00:37:47.781932 [hotstuff info] 0.914942
2022-01-13 00:37:47.781938 [hotstuff info] 0.914939
2022-01-13 00:37:47.781944 [hotstuff info] 0.914935
2022-01-13 00:37:47.781951 [hotstuff info] 0.914931
2022-01-13 00:37:47.781957 [hotstuff info] 0.914926
2022-01-13 00:37:47.781963 [hotstuff info] 0.914923
2022-01-13 00:37:47.781969 [hotstuff info] 0.914923
2022-01-13 00:37:47.781976 [hotstuff info] 0.914920
2022-01-13 00:37:47.781982 [hotstuff info] 0.914918
2022-01-13 00:37:47.781989 [hotstuff info] 0.914920
2022-01-13 00:37:47.781995 [hotstuff info] 0.914916
2022-01-13 00:37:47.782001 [hotstuff info] 0.914914
2022-01-13 00:37:47.782008 [hotstuff info] 0.914911
2022-01-13 00:37:47.782014 [hotstuff info] 0.914908
2022-01-13 00:37:47.782020 [hotstuff info] 0.914905
2022-01-13 00:37:47.782027 [hotstuff info] 0.914902
2022-01-13 00:37:47.782033 [hotstuff info] 0.914899
2022-01-13 00:37:47.782041 [hotstuff info] 0.914897
2022-01-13 00:37:47.782047 [hotstuff info] 0.914893
2022-01-13 00:37:47.782052 [hotstuff info] 0.914888
2022-01-13 00:37:47.782058 [hotstuff info] 0.914884
2022-01-13 00:37:47.828587 [hotstuff info] 0.961403
2022-01-13 00:37:47.828611 [hotstuff info] 0.961416
2022-01-13 00:37:47.828622 [hotstuff info] 0.961422
2022-01-13 00:37:47.828630 [hotstuff info] 0.961419
2022-01-13 00:37:47.829095 [hotstuff info] 0.961878
2022-01-13 00:37:47.829114 [hotstuff info] 0.961886
2022-01-13 00:37:47.829123 [hotstuff info] 0.961886
2022-01-13 00:37:47.829131 [hotstuff info] 0.961884
2022-01-13 00:37:47.829140 [hotstuff info] 0.961883
2022-01-13 00:37:47.830722 [hotstuff info] 0.963455
2022-01-13 00:37:47.830744 [hotstuff info] 0.963468
2022-01-13 00:37:47.830751 [hotstuff info] 0.963466
2022-01-13 00:37:47.832766 [hotstuff info] 0.965469
2022-01-13 00:37:47.832787 [hotstuff info] 0.965481
2022-01-13 00:37:47.832795 [hotstuff info] 0.965479
2022-01-13 00:37:47.832801 [hotstuff info] 0.965476
2022-01-13 00:37:47.832809 [hotstuff info] 0.965478
2022-01-13 00:37:47.832815 [hotstuff info] 0.965475
2022-01-13 00:37:47.832822 [hotstuff info] 0.965475
2022-01-13 00:37:47.832829 [hotstuff info] 0.965471
2022-01-13 00:37:47.832836 [hotstuff info] 0.965472
2022-01-13 00:37:47.832842 [hotstuff info] 0.965469
2022-01-13 00:37:47.832849 [hotstuff info] 0.965465
2022-01-13 00:37:47.832856 [hotstuff info] 0.965462
2022-01-13 00:37:47.832863 [hotstuff info] 0.965459
2022-01-13 00:37:47.832870 [hotstuff info] 0.965457
2022-01-13 00:37:47.832876 [hotstuff info] 0.965453
2022-01-13 00:37:47.832895 [hotstuff info] 0.965462
2022-01-13 00:37:47.832902 [hotstuff info] 0.965459
2022-01-13 00:37:47.832908 [hotstuff info] 0.965455
2022-01-13 00:37:47.832914 [hotstuff info] 0.965451
2022-01-13 00:37:47.832920 [hotstuff info] 0.965448
2022-01-13 00:37:47.832928 [hotstuff info] 0.965446
2022-01-13 00:37:47.832934 [hotstuff info] 0.965441
2022-01-13 00:37:47.832941 [hotstuff info] 0.965438
2022-01-13 00:37:47.832947 [hotstuff info] 0.965438
2022-01-13 00:37:47.832955 [hotstuff info] 0.965436
2022-01-13 00:37:47.832961 [hotstuff info] 0.965436
2022-01-13 00:37:47.832968 [hotstuff info] 0.965433
2022-01-13 00:37:47.832975 [hotstuff info] 0.965430
2022-01-13 00:37:47.832982 [hotstuff info] 0.965425
2022-01-13 00:37:47.832989 [hotstuff info] 0.965421
2022-01-13 00:37:47.832996 [hotstuff info] 0.965418
2022-01-13 00:37:47.833003 [hotstuff info] 0.965415
2022-01-13 00:37:47.833010 [hotstuff info] 0.965414
2022-01-13 00:37:47.833017 [hotstuff info] 0.965411
2022-01-13 00:37:47.833024 [hotstuff info] 0.965409
2022-01-13 00:37:47.833031 [hotstuff info] 0.965402
2022-01-13 00:37:47.833038 [hotstuff info] 0.965399
2022-01-13 00:37:47.833045 [hotstuff info] 0.965400
2022-01-13 00:37:47.833052 [hotstuff info] 0.965398
2022-01-13 00:37:47.833058 [hotstuff info] 0.965395
2022-01-13 00:37:47.833065 [hotstuff info] 0.965395
2022-01-13 00:37:47.833072 [hotstuff info] 0.965392
2022-01-13 00:37:47.833079 [hotstuff info] 0.965388
2022-01-13 00:37:47.833086 [hotstuff info] 0.965385
2022-01-13 00:37:47.833092 [hotstuff info] 0.965385
2022-01-13 00:37:47.833097 [hotstuff info] 0.965381
2022-01-13 00:37:47.833105 [hotstuff info] 0.965379
2022-01-13 00:37:47.833112 [hotstuff info] 0.965375
2022-01-13 00:37:47.833119 [hotstuff info] 0.965372
2022-01-13 00:37:47.833125 [hotstuff info] 0.965370
2022-01-13 00:37:47.833132 [hotstuff info] 0.965365
2022-01-13 00:37:47.833138 [hotstuff info] 0.965363
2022-01-13 00:37:47.833145 [hotstuff info] 0.965359
2022-01-13 00:37:47.833151 [hotstuff info] 0.965352
2022-01-13 00:37:47.833159 [hotstuff info] 0.965350
2022-01-13 00:37:47.833165 [hotstuff info] 0.965347
2022-01-13 00:37:47.833172 [hotstuff info] 0.965345
2022-01-13 00:37:47.833179 [hotstuff info] 0.965341
2022-01-13 00:37:47.833186 [hotstuff info] 0.965341
2022-01-13 00:37:47.833193 [hotstuff info] 0.965339
2022-01-13 00:37:47.833200 [hotstuff info] 0.965336
2022-01-13 00:37:48.447752 [hotstuff info] 0.666653
2022-01-13 00:37:48.447787 [hotstuff info] 0.666677
2022-01-13 00:37:48.447794 [hotstuff info] 0.666678
2022-01-13 00:37:48.447802 [hotstuff info] 0.666679
2022-01-13 00:37:48.447810 [hotstuff info] 0.666676
2022-01-13 00:37:48.447818 [hotstuff info] 0.666676
2022-01-13 00:37:48.447824 [hotstuff info] 0.666676
2022-01-13 00:37:48.447832 [hotstuff info] 0.666676
2022-01-13 00:37:48.447838 [hotstuff info] 0.666674
2022-01-13 00:37:48.447845 [hotstuff info] 0.666674
2022-01-13 00:37:48.447852 [hotstuff info] 0.666674
2022-01-13 00:37:48.447858 [hotstuff info] 0.666673
2022-01-13 00:37:48.448202 [hotstuff info] 0.667009
2022-01-13 00:37:48.448229 [hotstuff info] 0.667030
2022-01-13 00:37:48.448238 [hotstuff info] 0.667031
2022-01-13 00:37:48.448248 [hotstuff info] 0.667032
2022-01-13 00:37:48.448256 [hotstuff info] 0.667034
2022-01-13 00:37:48.448264 [hotstuff info] 0.667034
2022-01-13 00:37:48.448271 [hotstuff info] 0.666770
2022-01-13 00:37:48.448282 [hotstuff info] 0.666773
2022-01-13 00:37:48.448289 [hotstuff info] 0.666773
2022-01-13 00:37:48.448296 [hotstuff info] 0.666772
2022-01-13 00:37:48.448304 [hotstuff info] 0.666773
2022-01-13 00:37:48.448316 [hotstuff info] 0.666778
2022-01-13 00:37:48.448327 [hotstuff info] 0.666782
2022-01-13 00:37:48.448341 [hotstuff info] 0.666789
2022-01-13 00:37:48.448353 [hotstuff info] 0.666793
2022-01-13 00:37:48.448364 [hotstuff info] 0.666798
2022-01-13 00:37:48.448377 [hotstuff info] 0.666804
2022-01-13 00:37:48.448389 [hotstuff info] 0.666808
2022-01-13 00:37:48.448400 [hotstuff info] 0.666812
2022-01-13 00:37:48.448414 [hotstuff info] 0.666819
2022-01-13 00:37:48.448426 [hotstuff info] 0.666799
2022-01-13 00:37:48.448438 [hotstuff info] 0.666804
2022-01-13 00:37:48.448449 [hotstuff info] 0.666808
2022-01-13 00:37:48.448460 [hotstuff info] 0.666814
2022-01-13 00:37:48.448470 [hotstuff info] 0.666818
2022-01-13 00:37:48.448482 [hotstuff info] 0.666822
2022-01-13 00:37:48.448493 [hotstuff info] 0.666827
2022-01-13 00:37:48.448507 [hotstuff info] 0.666835
2022-01-13 00:37:48.448518 [hotstuff info] 0.666839
2022-01-13 00:37:48.448530 [hotstuff info] 0.666847
2022-01-13 00:37:48.448540 [hotstuff info] 0.666849
2022-01-13 00:37:48.448553 [hotstuff info] 0.666856
2022-01-13 00:37:48.448563 [hotstuff info] 0.666860
2022-01-13 00:37:48.448574 [hotstuff info] 0.666864
2022-01-13 00:37:48.448587 [hotstuff info] 0.666871
2022-01-13 00:37:48.448598 [hotstuff info] 0.666875
2022-01-13 00:37:48.448611 [hotstuff info] 0.666882
2022-01-13 00:37:48.448621 [hotstuff info] 0.666885
2022-01-13 00:37:48.448633 [hotstuff info] 0.666891
2022-01-13 00:37:48.448644 [hotstuff info] 0.666895
2022-01-13 00:37:48.448656 [hotstuff info] 0.666902
2022-01-13 00:37:48.448669 [hotstuff info] 0.666907
2022-01-13 00:37:48.448681 [hotstuff info] 0.666912
2022-01-13 00:37:48.448692 [hotstuff info] 0.666917
2022-01-13 00:37:48.448704 [hotstuff info] 0.666924
2022-01-13 00:37:48.448718 [hotstuff info] 0.666931
2022-01-13 00:37:48.448728 [hotstuff info] 0.666935
2022-01-13 00:37:48.448739 [hotstuff info] 0.666941
2022-01-13 00:37:48.495528 [hotstuff info] 0.713722
2022-01-13 00:37:48.495559 [hotstuff info] 0.713748
2022-01-13 00:37:48.495572 [hotstuff info] 0.713754
2022-01-13 00:37:48.495584 [hotstuff info] 0.713759
2022-01-13 00:37:48.495596 [hotstuff info] 0.713764
2022-01-13 00:37:48.495609 [hotstuff info] 0.713770
2022-01-13 00:37:48.495971 [hotstuff info] 0.714125
2022-01-13 00:37:48.496002 [hotstuff info] 0.714151
2022-01-13 00:37:48.496014 [hotstuff info] 0.714157
2022-01-13 00:37:48.496028 [hotstuff info] 0.714165
2022-01-13 00:37:48.496042 [hotstuff info] 0.714173
2022-01-13 00:37:48.497343 [hotstuff info] 0.715467
2022-01-13 00:37:48.497365 [hotstuff info] 0.715483
2022-01-13 00:37:48.497373 [hotstuff info] 0.715485
2022-01-13 00:37:48.497381 [hotstuff info] 0.715487
2022-01-13 00:37:48.497389 [hotstuff info] 0.715489
2022-01-13 00:37:48.497397 [hotstuff info] 0.715492
2022-01-13 00:37:48.497406 [hotstuff info] 0.715493
2022-01-13 00:37:48.497417 [hotstuff info] 0.715498
2022-01-13 00:37:48.497430 [hotstuff info] 0.715505
2022-01-13 00:37:48.497437 [hotstuff info] 0.715507
2022-01-13 00:37:48.497444 [hotstuff info] 0.715506
2022-01-13 00:37:48.497471 [hotstuff info] 0.715528
2022-01-13 00:37:48.497479 [hotstuff info] 0.715530
2022-01-13 00:37:48.499526 [hotstuff info] 0.717570
2022-01-13 00:37:48.499548 [hotstuff info] 0.717585
2022-01-13 00:37:48.499555 [hotstuff info] 0.717586
2022-01-13 00:37:48.499561 [hotstuff info] 0.717587
2022-01-13 00:37:48.499568 [hotstuff info] 0.717587
2022-01-13 00:37:48.499575 [hotstuff info] 0.717587
2022-01-13 00:37:48.499582 [hotstuff info] 0.717587
2022-01-13 00:37:48.499590 [hotstuff info] 0.717590
2022-01-13 00:37:48.499598 [hotstuff info] 0.717591
2022-01-13 00:37:48.499604 [hotstuff info] 0.717592
2022-01-13 00:37:48.499611 [hotstuff info] 0.717592
2022-01-13 00:37:48.499619 [hotstuff info] 0.717593
2022-01-13 00:37:48.499625 [hotstuff info] 0.717593
2022-01-13 00:37:48.499632 [hotstuff info] 0.717593
2022-01-13 00:37:48.499639 [hotstuff info] 0.717593
2022-01-13 00:37:48.499647 [hotstuff info] 0.717595
2022-01-13 00:37:48.499655 [hotstuff info] 0.717598
2022-01-13 00:37:48.499665 [hotstuff info] 0.717603
2022-01-13 00:37:48.499675 [hotstuff info] 0.671066
2022-01-13 00:37:48.499683 [hotstuff info] 0.671062
2022-01-13 00:37:48.499692 [hotstuff info] 0.671064
2022-01-13 00:37:48.499699 [hotstuff info] 0.671063
2022-01-13 00:37:48.499706 [hotstuff info] 0.670594
2022-01-13 00:37:48.499714 [hotstuff info] 0.670591
2022-01-13 00:37:48.499720 [hotstuff info] 0.670589
2022-01-13 00:37:48.499728 [hotstuff info] 0.670589
2022-01-13 00:37:48.499735 [hotstuff info] 0.670591
2022-01-13 00:37:48.499743 [hotstuff info] 0.669001
2022-01-13 00:37:48.499754 [hotstuff info] 0.669004
2022-01-13 00:37:48.499766 [hotstuff info] 0.669009
2022-01-13 00:37:48.499776 [hotstuff info] 0.666990
2022-01-13 00:37:48.499788 [hotstuff info] 0.666995
2022-01-13 00:37:48.499799 [hotstuff info] 0.666999
2022-01-13 00:37:48.499812 [hotstuff info] 0.667003
2022-01-13 00:37:48.499824 [hotstuff info] 0.667010
2022-01-13 00:37:48.499837 [hotstuff info] 0.667015
2022-01-13 00:37:48.499847 [hotstuff info] 0.667019
2022-01-13 00:37:48.499860 [hotstuff info] 0.667024
2022-01-13 00:37:48.499873 [hotstuff info] 0.667031
2022-01-13 00:37:48.499883 [hotstuff info] 0.667036
2022-01-13 00:37:48.499893 [hotstuff info] 0.667038
2022-01-13 00:37:48.499904 [hotstuff info] 0.667042
2022-01-13 00:37:48.499915 [hotstuff info] 0.667046
2022-01-13 00:37:48.580964 [hotstuff info] 0.748088
2022-01-13 00:37:48.580989 [hotstuff info] 0.748094
2022-01-13 00:37:48.580998 [hotstuff info] 0.748096
2022-01-13 00:37:48.581004 [hotstuff info] 0.748097
2022-01-13 00:37:48.581012 [hotstuff info] 0.748098
2022-01-13 00:37:48.581019 [hotstuff info] 0.748099
2022-01-13 00:37:48.581026 [hotstuff info] 0.748099
2022-01-13 00:37:48.581032 [hotstuff info] 0.748099
2022-01-13 00:37:48.581288 [hotstuff info] 0.748348
2022-01-13 00:37:48.581307 [hotstuff info] 0.748361
2022-01-13 00:37:48.581318 [hotstuff info] 0.748364
2022-01-13 00:37:48.581325 [hotstuff info] 0.748364
2022-01-13 00:37:48.581332 [hotstuff info] 0.748366
2022-01-13 00:37:48.581339 [hotstuff info] 0.748366
2022-01-13 00:37:48.581350 [hotstuff info] 0.748368
2022-01-13 00:37:48.581355 [hotstuff info] 0.748367
2022-01-13 00:37:48.581362 [hotstuff info] 0.748368
2022-01-13 00:37:48.581372 [hotstuff info] 0.748370
2022-01-13 00:37:48.581380 [hotstuff info] 0.748370
2022-01-13 00:37:48.581388 [hotstuff info] 0.748371
2022-01-13 00:37:48.581397 [hotstuff info] 0.748373
2022-01-13 00:37:48.581403 [hotstuff info] 0.748373
2022-01-13 00:37:48.581411 [hotstuff info] 0.748374
2022-01-13 00:37:48.581417 [hotstuff info] 0.748373
2022-01-13 00:37:48.581424 [hotstuff info] 0.748373
2022-01-13 00:37:48.581432 [hotstuff info] 0.748373
2022-01-13 00:37:48.581441 [hotstuff info] 0.748377
2022-01-13 00:37:48.581447 [hotstuff info] 0.748376
2022-01-13 00:37:48.581455 [hotstuff info] 0.748378
2022-01-13 00:37:48.581462 [hotstuff info] 0.748378
2022-01-13 00:37:48.581469 [hotstuff info] 0.748379
2022-01-13 00:37:48.581475 [hotstuff info] 0.748379
2022-01-13 00:37:48.581487 [hotstuff info] 0.748382
2022-01-13 00:37:48.581493 [hotstuff info] 0.748383
2022-01-13 00:37:48.581501 [hotstuff info] 0.748383
2022-01-13 00:37:48.581507 [hotstuff info] 0.748383
2022-01-13 00:37:48.581514 [hotstuff info] 0.748384
2022-01-13 00:37:48.581520 [hotstuff info] 0.748383
2022-01-13 00:37:48.581527 [hotstuff info] 0.748383
2022-01-13 00:37:48.581534 [hotstuff info] 0.748383
2022-01-13 00:37:48.581541 [hotstuff info] 0.748382
2022-01-13 00:37:48.581551 [hotstuff info] 0.748387
2022-01-13 00:37:48.581559 [hotstuff info] 0.748387
2022-01-13 00:37:48.581565 [hotstuff info] 0.748387
2022-01-13 00:37:48.581572 [hotstuff info] 0.748388
2022-01-13 00:37:48.581581 [hotstuff info] 0.748389
2022-01-13 00:37:48.581591 [hotstuff info] 0.748392
2022-01-13 00:37:48.581598 [hotstuff info] 0.748393
2022-01-13 00:37:49.114462 [hotstuff info] 0.666676
2022-01-13 00:37:49.114501 [hotstuff info] 0.666707
2022-01-13 00:37:49.114515 [hotstuff info] 0.666713
2022-01-13 00:37:49.114527 [hotstuff info] 0.666718
2022-01-13 00:37:49.114540 [hotstuff info] 0.666724
2022-01-13 00:37:49.114553 [hotstuff info] 0.666729
2022-01-13 00:37:49.114565 [hotstuff info] 0.666734
2022-01-13 00:37:49.114576 [hotstuff info] 0.666739
2022-01-13 00:37:49.114584 [hotstuff info] 0.666740
2022-01-13 00:37:49.114590 [hotstuff info] 0.666739
2022-01-13 00:37:49.114956 [hotstuff info] 0.667098
2022-01-13 00:37:49.114981 [hotstuff info] 0.667117
2022-01-13 00:37:49.114992 [hotstuff info] 0.666764
2022-01-13 00:37:49.115004 [hotstuff info] 0.666768
2022-01-13 00:37:49.115017 [hotstuff info] 0.666774
2022-01-13 00:37:49.115027 [hotstuff info] 0.666772
2022-01-13 00:37:49.115037 [hotstuff info] 0.666774
2022-01-13 00:37:49.115044 [hotstuff info] 0.666774
2022-01-13 00:37:49.115051 [hotstuff info] 0.666770
2022-01-13 00:37:49.115058 [hotstuff info] 0.666771
2022-01-13 00:37:49.115065 [hotstuff info] 0.666770
2022-01-13 00:37:49.115071 [hotstuff info] 0.666769
2022-01-13 00:37:49.115079 [hotstuff info] 0.666765
2022-01-13 00:37:49.115086 [hotstuff info] 0.666761
2022-01-13 00:37:49.115093 [hotstuff info] 0.666754
2022-01-13 00:37:49.115099 [hotstuff info] 0.666748
2022-01-13 00:37:49.115106 [hotstuff info] 0.666744
2022-01-13 00:37:49.115113 [hotstuff info] 0.666739
2022-01-13 00:37:49.115120 [hotstuff info] 0.666733
2022-01-13 00:37:49.115127 [hotstuff info] 0.666728
2022-01-13 00:37:49.115134 [hotstuff info] 0.666722
2022-01-13 00:37:49.115141 [hotstuff info] 0.666717
2022-01-13 00:37:49.115148 [hotstuff info] 0.666712
2022-01-13 00:37:49.115155 [hotstuff info] 0.666707
2022-01-13 00:37:49.115163 [hotstuff info] 0.666704
2022-01-13 00:37:49.115169 [hotstuff info] 0.666701
2022-01-13 00:37:49.115177 [hotstuff info] 0.666696
2022-01-13 00:37:49.115184 [hotstuff info] 0.666692
2022-01-13 00:37:49.115191 [hotstuff info] 0.666685
2022-01-13 00:37:49.115197 [hotstuff info] 0.666680
2022-01-13 00:37:49.115204 [hotstuff info] 0.666675
2022-01-13 00:37:49.115210 [hotstuff info] 0.666672
2022-01-13 00:37:49.115218 [hotstuff info] 0.666666
2022-01-13 00:37:49.115224 [hotstuff info] 0.666663
2022-01-13 00:37:49.115231 [hotstuff info] 0.666658
2022-01-13 00:37:49.115237 [hotstuff info] 0.666652
2022-01-13 00:37:49.115243 [hotstuff info] 0.666646
2022-01-13 00:37:49.115249 [hotstuff info] 0.666639
2022-01-13 00:37:49.162655 [hotstuff info] 0.714035
2022-01-13 00:37:49.162691 [hotstuff info] 0.714059
2022-01-13 00:37:49.162704 [hotstuff info] 0.714061
2022-01-13 00:37:49.162715 [hotstuff info] 0.714060
2022-01-13 00:37:49.162727 [hotstuff info] 0.714059
2022-01-13 00:37:49.162739 [hotstuff info] 0.714061
2022-01-13 00:37:49.162750 [hotstuff info] 0.714059
2022-01-13 00:37:49.162757 [hotstuff info] 0.714055
2022-01-13 00:37:49.162764 [hotstuff info] 0.714048
2022-01-13 00:37:49.162770 [hotstuff info] 0.714043
2022-01-13 00:37:49.162777 [hotstuff info] 0.714039
2022-01-13 00:37:49.162784 [hotstuff info] 0.714035
2022-01-13 00:37:49.162791 [hotstuff info] 0.667233
2022-01-13 00:37:49.164081 [hotstuff info] 0.668510
2022-01-13 00:37:49.164102 [hotstuff info] 0.668520
2022-01-13 00:37:49.164111 [hotstuff info] 0.668516
2022-01-13 00:37:49.164119 [hotstuff info] 0.668512
2022-01-13 00:37:49.164127 [hotstuff info] 0.668510
2022-01-13 00:37:49.164135 [hotstuff info] 0.668136
2022-01-13 00:37:49.164143 [hotstuff info] 0.668130
2022-01-13 00:37:49.164151 [hotstuff info] 0.668124
2022-01-13 00:37:49.164157 [hotstuff info] 0.668116
2022-01-13 00:37:49.164165 [hotstuff info] 0.668110
2022-01-13 00:37:49.166205 [hotstuff info] 0.668841
2022-01-13 00:37:49.166222 [hotstuff info] 0.668851
2022-01-13 00:37:49.166231 [hotstuff info] 0.668851
2022-01-13 00:37:49.166238 [hotstuff info] 0.668850
2022-01-13 00:37:49.166246 [hotstuff info] 0.668849
2022-01-13 00:37:49.166254 [hotstuff info] 0.668848
2022-01-13 00:37:49.166261 [hotstuff info] 0.668846
2022-01-13 00:37:49.166268 [hotstuff info] 0.668840
2022-01-13 00:37:49.166276 [hotstuff info] 0.668839
2022-01-13 00:37:49.166286 [hotstuff info] 0.668843
2022-01-13 00:37:49.166298 [hotstuff info] 0.668827
2022-01-13 00:37:49.166311 [hotstuff info] 0.668832
2022-01-13 00:37:49.166321 [hotstuff info] 0.668836
2022-01-13 00:37:49.247421 [hotstuff info] 0.747875
2022-01-13 00:37:49.247454 [hotstuff info] 0.747900
2022-01-13 00:37:49.247463 [hotstuff info] 0.747902
2022-01-13 00:37:49.247469 [hotstuff info] 0.747902
2022-01-13 00:37:49.247478 [hotstuff info] 0.747903
2022-01-13 00:37:49.247485 [hotstuff info] 0.747905
2022-01-13 00:37:49.247493 [hotstuff info] 0.747903
2022-01-13 00:37:49.247499 [hotstuff info] 0.747903
2022-01-13 00:37:49.247506 [hotstuff info] 0.747903
2022-01-13 00:37:49.247514 [hotstuff info] 0.747904
2022-01-13 00:37:49.247521 [hotstuff info] 0.747904
2022-01-13 00:37:49.247528 [hotstuff info] 0.747903
2022-01-13 00:37:49.247535 [hotstuff info] 0.747904
2022-01-13 00:37:49.247543 [hotstuff info] 0.747905
2022-01-13 00:37:49.247550 [hotstuff info] 0.747905
2022-01-13 00:37:49.247557 [hotstuff info] 0.747903
2022-01-13 00:37:49.247564 [hotstuff info] 0.747899
2022-01-13 00:37:49.248062 [hotstuff info] 0.748388
2022-01-13 00:37:49.248087 [hotstuff info] 0.748405
2022-01-13 00:37:49.248100 [hotstuff info] 0.748408
2022-01-13 00:37:49.248112 [hotstuff info] 0.748413
2022-01-13 00:37:49.248122 [hotstuff info] 0.748417
2022-01-13 00:37:49.248135 [hotstuff info] 0.748422
2022-01-13 00:37:49.248147 [hotstuff info] 0.748428
2022-01-13 00:37:49.248159 [hotstuff info] 0.748432
2022-01-13 00:37:49.248170 [hotstuff info] 0.748435
2022-01-13 00:37:49.248182 [hotstuff info] 0.748440
2022-01-13 00:37:49.248193 [hotstuff info] 0.748440
2022-01-13 00:37:49.248206 [hotstuff info] 0.748441
2022-01-13 00:37:49.248218 [hotstuff info] 0.748444
2022-01-13 00:37:49.248230 [hotstuff info] 0.748443
2022-01-13 00:37:49.248241 [hotstuff info] 0.748443
2022-01-13 00:37:49.248252 [hotstuff info] 0.748442
2022-01-13 00:37:49.248263 [hotstuff info] 0.748439
2022-01-13 00:37:49.248276 [hotstuff info] 0.748440
2022-01-13 00:37:49.248287 [hotstuff info] 0.748440
2022-01-13 00:37:49.248299 [hotstuff info] 0.748440
2022-01-13 00:37:49.248311 [hotstuff info] 0.748439
2022-01-13 00:37:49.248324 [hotstuff info] 0.748442
2022-01-13 00:37:49.248335 [hotstuff info] 0.748443
2022-01-13 00:37:49.248346 [hotstuff info] 0.748444
2022-01-13 00:37:49.248358 [hotstuff info] 0.748445
2022-01-13 00:37:49.248368 [hotstuff info] 0.748443
2022-01-13 00:37:49.248380 [hotstuff info] 0.667392
2022-01-13 00:37:49.248391 [hotstuff info] 0.667395
2022-01-13 00:37:49.248401 [hotstuff info] 0.667398
2022-01-13 00:37:49.248414 [hotstuff info] 0.667403
2022-01-13 00:37:49.248424 [hotstuff info] 0.667406
2022-01-13 00:37:49.248436 [hotstuff info] 0.667412
2022-01-13 00:37:49.248448 [hotstuff info] 0.667416
2022-01-13 00:37:49.248459 [hotstuff info] 0.667421
2022-01-13 00:37:49.248467 [hotstuff info] 0.667162
2022-01-13 00:37:49.248475 [hotstuff info] 0.667158
2022-01-13 00:37:49.248485 [hotstuff info] 0.667162
2022-01-13 00:37:49.248497 [hotstuff info] 0.667167
2022-01-13 00:37:49.248509 [hotstuff info] 0.667170
2022-01-13 00:37:49.248523 [hotstuff info] 0.667174
2022-01-13 00:37:49.248532 [hotstuff info] 0.667178
2022-01-13 00:37:49.248544 [hotstuff info] 0.667182
2022-01-13 00:37:49.248554 [hotstuff info] 0.667184
2022-01-13 00:37:49.248566 [hotstuff info] 0.667187
2022-01-13 00:37:49.248577 [hotstuff info] 0.667192
2022-01-13 00:37:49.248589 [hotstuff info] 0.667194
2022-01-13 00:37:49.248601 [hotstuff info] 0.667199
2022-01-13 00:37:49.248612 [hotstuff info] 0.667203
2022-01-13 00:37:49.248624 [hotstuff info] 0.667207
2022-01-13 00:37:49.248635 [hotstuff info] 0.667213
2022-01-13 00:37:49.248647 [hotstuff info] 0.667218
2022-01-13 00:37:49.248660 [hotstuff info] 0.667219
2022-01-13 00:37:49.248670 [hotstuff info] 0.667223
2022-01-13 00:37:49.248683 [hotstuff info] 0.667229
2022-01-13 00:37:49.248696 [hotstuff info] 0.667234
2022-01-13 00:37:49.248709 [hotstuff info] 0.667240
2022-01-13 00:37:49.248719 [hotstuff info] 0.667245
2022-01-13 00:37:49.248731 [hotstuff info] 0.667245
2022-01-13 00:37:49.248742 [hotstuff info] 0.667249
2022-01-13 00:37:49.248750 [hotstuff info] 0.667250
2022-01-13 00:37:49.248756 [hotstuff info] 0.667250
2022-01-13 00:37:49.248763 [hotstuff info] 0.667250
2022-01-13 00:37:49.248785 [hotstuff info] 0.667266
2022-01-13 00:37:49.248793 [hotstuff info] 0.667266
2022-01-13 00:37:49.248799 [hotstuff info] 0.667267
2022-01-13 00:37:49.248806 [hotstuff info] 0.667265
2022-01-13 00:37:49.248816 [hotstuff info] 0.667266
2022-01-13 00:37:49.248822 [hotstuff info] 0.667264
2022-01-13 00:37:49.248828 [hotstuff info] 0.667263
2022-01-13 00:37:49.248837 [hotstuff info] 0.667265
2022-01-13 00:37:49.248845 [hotstuff info] 0.667266
2022-01-13 00:37:49.248853 [hotstuff info] 0.667263
2022-01-13 00:37:49.248858 [hotstuff info] 0.667261
2022-01-13 00:37:49.248865 [hotstuff info] 0.667261
2022-01-13 00:37:49.781063 [hotstuff info] 0.666564
2022-01-13 00:37:49.781097 [hotstuff info] 0.666584
2022-01-13 00:37:49.781107 [hotstuff info] 0.666581
2022-01-13 00:37:49.781114 [hotstuff info] 0.666575
2022-01-13 00:37:49.781121 [hotstuff info] 0.666569
2022-01-13 00:37:49.781130 [hotstuff info] 0.666566
2022-01-13 00:37:49.781137 [hotstuff info] 0.666562
2022-01-13 00:37:49.781145 [hotstuff info] 0.666563
2022-01-13 00:37:49.781152 [hotstuff info] 0.666563
2022-01-13 00:37:49.781159 [hotstuff info] 0.666562
2022-01-13 00:37:49.781528 [hotstuff info] 0.666549
2022-01-13 00:37:49.781546 [hotstuff info] 0.666556
2022-01-13 00:37:49.781553 [hotstuff info] 0.666550
2022-01-13 00:37:49.781561 [hotstuff info] 0.666546
2022-01-13 00:37:49.781568 [hotstuff info] 0.666543
2022-01-13 00:37:49.781576 [hotstuff info] 0.666540
2022-01-13 00:37:49.781582 [hotstuff info] 0.666540
2022-01-13 00:37:49.781590 [hotstuff info] 0.666541
2022-01-13 00:37:49.781597 [hotstuff info] 0.666540
2022-01-13 00:37:49.781605 [hotstuff info] 0.666540
2022-01-13 00:37:49.781611 [hotstuff info] 0.666541
2022-01-13 00:37:49.781618 [hotstuff info] 0.666541
2022-01-13 00:37:49.781625 [hotstuff info] 0.666541
2022-01-13 00:37:49.781632 [hotstuff info] 0.666541
2022-01-13 00:37:49.781639 [hotstuff info] 0.666541
2022-01-13 00:37:49.781647 [hotstuff info] 0.666542
2022-01-13 00:37:49.781654 [hotstuff info] 0.666542
2022-01-13 00:37:49.781661 [hotstuff info] 0.666542
2022-01-13 00:37:49.781669 [hotstuff info] 0.666543
2022-01-13 00:37:49.781676 [hotstuff info] 0.666543
2022-01-13 00:37:49.781683 [hotstuff info] 0.666543
2022-01-13 00:37:49.781690 [hotstuff info] 0.666543
2022-01-13 00:37:49.781697 [hotstuff info] 0.666543
2022-01-13 00:37:49.781703 [hotstuff info] 0.666542
2022-01-13 00:37:49.781711 [hotstuff info] 0.666542
2022-01-13 00:37:49.781719 [hotstuff info] 0.666542
2022-01-13 00:37:49.781725 [hotstuff info] 0.666543
2022-01-13 00:37:49.781733 [hotstuff info] 0.666542
2022-01-13 00:37:49.781740 [hotstuff info] 0.666544
2022-01-13 00:37:49.781747 [hotstuff info] 0.666544
2022-01-13 00:37:49.828832 [hotstuff info] 0.713622
2022-01-13 00:37:49.829549 [hotstuff info] 0.714332
2022-01-13 00:37:49.829570 [hotstuff info] 0.714347
2022-01-13 00:37:49.829651 [hotstuff info] 0.714420
2022-01-13 00:37:49.829664 [hotstuff info] 0.714429
2022-01-13 00:37:49.829671 [hotstuff info] 0.714429
2022-01-13 00:37:49.829679 [hotstuff info] 0.714430
2022-01-13 00:37:49.829686 [hotstuff info] 0.714432
2022-01-13 00:37:49.829692 [hotstuff info] 0.667003
2022-01-13 00:37:49.829699 [hotstuff info] 0.666997
2022-01-13 00:37:49.829705 [hotstuff info] 0.666991
2022-01-13 00:37:49.829860 [hotstuff info] 0.667135
2022-01-13 00:37:49.829874 [hotstuff info] 0.667137
2022-01-13 00:37:49.829883 [hotstuff info] 0.667135
2022-01-13 00:37:49.829889 [hotstuff info] 0.667133
2022-01-13 00:37:49.829898 [hotstuff info] 0.667136
2022-01-13 00:37:49.829905 [hotstuff info] 0.667135
2022-01-13 00:37:49.829912 [hotstuff info] 0.667136
2022-01-13 00:37:49.829918 [hotstuff info] 0.667134
2022-01-13 00:37:49.829925 [hotstuff info] 0.667135
2022-01-13 00:37:49.829932 [hotstuff info] 0.667135
2022-01-13 00:37:49.913918 [hotstuff info] 0.749817
2022-01-13 00:37:49.913947 [hotstuff info] 0.749836
2022-01-13 00:37:49.913958 [hotstuff info] 0.749840
2022-01-13 00:37:49.913968 [hotstuff info] 0.749841
2022-01-13 00:37:49.913976 [hotstuff info] 0.749841
2022-01-13 00:37:49.913981 [hotstuff info] 0.749840
2022-01-13 00:37:49.913989 [hotstuff info] 0.749840
2022-01-13 00:37:49.913996 [hotstuff info] 0.749840
2022-01-13 00:37:49.914005 [hotstuff info] 0.749840
2022-01-13 00:37:49.914011 [hotstuff info] 0.749841
2022-01-13 00:37:49.914274 [hotstuff info] 0.748052
2022-01-13 00:37:49.914300 [hotstuff info] 0.748070
2022-01-13 00:37:49.914313 [hotstuff info] 0.748077
2022-01-13 00:37:49.914328 [hotstuff info] 0.748083
2022-01-13 00:37:49.914341 [hotstuff info] 0.748088
2022-01-13 00:37:49.914355 [hotstuff info] 0.748094
2022-01-13 00:37:49.914368 [hotstuff info] 0.748100
2022-01-13 00:37:49.914378 [hotstuff info] 0.748103
2022-01-13 00:37:49.914392 [hotstuff info] 0.748108
2022-01-13 00:37:49.914402 [hotstuff info] 0.748106
2022-01-13 00:37:49.914414 [hotstuff info] 0.748105
2022-01-13 00:37:49.914426 [hotstuff info] 0.748106
2022-01-13 00:37:49.914440 [hotstuff info] 0.748108
2022-01-13 00:37:49.914450 [hotstuff info] 0.666998
2022-01-13 00:37:49.914463 [hotstuff info] 0.667001
2022-01-13 00:37:49.914474 [hotstuff info] 0.667005
2022-01-13 00:37:49.914486 [hotstuff info] 0.667010
2022-01-13 00:37:49.914497 [hotstuff info] 0.667013
2022-01-13 00:37:49.914509 [hotstuff info] 0.667017
2022-01-13 00:37:49.914519 [hotstuff info] 0.667020
2022-01-13 00:37:49.914532 [hotstuff info] 0.667027
2022-01-13 00:37:49.914544 [hotstuff info] 0.667031
2022-01-13 00:37:49.915054 [hotstuff info] 0.667533
2022-01-13 00:37:49.915082 [hotstuff info] 0.667556
2022-01-13 00:37:49.915096 [hotstuff info] 0.667561
2022-01-13 00:37:49.915108 [hotstuff info] 0.667566
2022-01-13 00:37:49.915120 [hotstuff info] 0.667570
2022-01-13 00:37:49.915132 [hotstuff info] 0.667577
2022-01-13 00:37:49.915143 [hotstuff info] 0.667581
2022-01-13 00:37:49.915155 [hotstuff info] 0.667585
2022-01-13 00:37:49.915168 [hotstuff info] 0.667083
2022-01-13 00:37:49.915179 [hotstuff info] 0.667081
2022-01-13 00:37:49.915190 [hotstuff info] 0.667080
2022-01-13 00:37:49.915202 [hotstuff info] 0.667082
2022-01-13 00:37:49.915215 [hotstuff info] 0.667082
2022-01-13 00:37:49.915227 [hotstuff info] 0.667082
2022-01-13 00:37:49.915240 [hotstuff info] 0.667082
2022-01-13 00:37:49.915252 [hotstuff info] 0.667084
2022-01-13 00:37:49.915265 [hotstuff info] 0.667085
2022-01-13 00:37:49.915277 [hotstuff info] 0.667085
2022-01-13 00:37:49.915288 [hotstuff info] 0.667083
2022-01-13 00:37:49.915301 [hotstuff info] 0.667085
2022-01-13 00:37:49.915312 [hotstuff info] 0.667085
2022-01-13 00:37:49.915323 [hotstuff info] 0.667083
2022-01-13 00:37:49.915335 [hotstuff info] 0.667084
2022-01-13 00:37:49.915346 [hotstuff info] 0.667085
2022-01-13 00:37:49.915359 [hotstuff info] 0.667084
2022-01-13 00:37:49.915370 [hotstuff info] 0.667085
2022-01-13 00:37:49.915383 [hotstuff info] 0.667085
2022-01-13 00:37:49.915394 [hotstuff info] 0.667084
2022-01-13 00:37:49.915406 [hotstuff info] 0.667083
2022-01-13 00:37:49.915417 [hotstuff info] 0.667083
2022-01-13 00:37:49.915429 [hotstuff info] 0.667084
2022-01-13 00:37:49.915441 [hotstuff info] 0.667084
2022-01-13 00:37:49.915453 [hotstuff info] 0.667085
2022-01-13 00:37:49.915464 [hotstuff info] 0.667086
2022-01-13 00:37:49.915479 [hotstuff info] 0.667089
2022-01-13 00:37:49.915491 [hotstuff info] 0.667091
2022-01-13 00:37:49.915504 [hotstuff info] 0.667091
2022-01-13 00:37:49.915517 [hotstuff info] 0.667094
2022-01-13 00:37:49.915529 [hotstuff info] 0.667094
2022-01-13 00:37:49.915542 [hotstuff info] 0.667096
2022-01-13 00:37:49.915555 [hotstuff info] 0.667098
2022-01-13 00:37:49.915568 [hotstuff info] 0.667103
2022-01-13 00:37:49.915580 [hotstuff info] 0.667107
2022-01-13 00:37:49.915592 [hotstuff info] 0.667108
2022-01-13 00:37:49.915604 [hotstuff info] 0.667107
2022-01-13 00:37:49.915615 [hotstuff info] 0.667107
2022-01-13 00:37:50.047366 [hotstuff info] 0.798844
2022-01-13 00:37:50.047392 [hotstuff info] 0.798861
2022-01-13 00:37:50.047400 [hotstuff info] 0.798857
2022-01-13 00:37:50.047406 [hotstuff info] 0.798853
2022-01-13 00:37:50.047413 [hotstuff info] 0.798849
2022-01-13 00:37:50.047420 [hotstuff info] 0.798844
2022-01-13 00:37:50.047427 [hotstuff info] 0.798839
2022-01-13 00:37:50.047437 [hotstuff info] 0.798837
2022-01-13 00:37:50.047443 [hotstuff info] 0.798832
2022-01-13 00:37:50.047450 [hotstuff info] 0.798827
2022-01-13 00:37:50.047460 [hotstuff info] 0.798827
2022-01-13 00:37:50.047467 [hotstuff info] 0.798823
2022-01-13 00:37:50.047899 [hotstuff info] 0.799241
2022-01-13 00:37:50.047918 [hotstuff info] 0.799249
2022-01-13 00:37:50.047925 [hotstuff info] 0.799243
2022-01-13 00:37:50.047932 [hotstuff info] 0.799237
2022-01-13 00:37:50.047939 [hotstuff info] 0.799232
2022-01-13 00:37:50.047946 [hotstuff info] 0.799229
2022-01-13 00:37:50.047954 [hotstuff info] 0.799224
2022-01-13 00:37:50.047960 [hotstuff info] 0.799219
2022-01-13 00:37:50.047968 [hotstuff info] 0.799219
2022-01-13 00:37:50.047978 [hotstuff info] 0.799223
2022-01-13 00:37:50.047988 [hotstuff info] 0.799225
2022-01-13 00:37:50.047995 [hotstuff info] 0.799211
2022-01-13 00:37:50.048002 [hotstuff info] 0.799211
2022-01-13 00:37:50.048009 [hotstuff info] 0.799211
2022-01-13 00:37:50.048016 [hotstuff info] 0.799212
2022-01-13 00:37:50.048028 [hotstuff info] 0.799214
2022-01-13 00:37:50.048036 [hotstuff info] 0.799215
2022-01-13 00:37:50.048042 [hotstuff info] 0.799215
2022-01-13 00:37:50.048049 [hotstuff info] 0.799213
2022-01-13 00:37:50.048055 [hotstuff info] 0.799210
2022-01-13 00:37:50.048062 [hotstuff info] 0.799211
2022-01-13 00:37:50.048068 [hotstuff info] 0.799211
2022-01-13 00:37:50.048075 [hotstuff info] 0.799211
2022-01-13 00:37:50.048081 [hotstuff info] 0.799211
2022-01-13 00:37:50.447995 [hotstuff info] 0.666900
2022-01-13 00:37:50.448039 [hotstuff info] 0.666933
2022-01-13 00:37:50.448048 [hotstuff info] 0.666935
2022-01-13 00:37:50.448055 [hotstuff info] 0.666936
2022-01-13 00:37:50.448067 [hotstuff info] 0.666938
2022-01-13 00:37:50.448079 [hotstuff info] 0.666943
2022-01-13 00:37:50.448087 [hotstuff info] 0.666943
2022-01-13 00:37:50.448094 [hotstuff info] 0.666944
2022-01-13 00:37:50.448105 [hotstuff info] 0.666947
2022-01-13 00:37:50.448114 [hotstuff info] 0.666948
2022-01-13 00:37:50.448460 [hotstuff info] 0.666915
