2022-01-13 00:37:46.787610 [net info] starting all threads...
2022-01-13 00:37:46.787758 [net warn] ignoring option name in conf file: block-size
2022-01-13 00:37:46.787770 [net warn] ignoring option name in conf file: nworker
2022-01-13 00:37:46.787777 [net warn] ignoring option name in conf file: repnworker
2022-01-13 00:37:46.787783 [net warn] ignoring option name in conf file: clinworker
2022-01-13 00:37:46.787788 [net warn] ignoring option name in conf file: repburst
2022-01-13 00:37:46.787793 [net warn] ignoring option name in conf file: cliburst
2022-01-13 00:37:46.787798 [net warn] ignoring option name in conf file: pace-maker
2022-01-13 00:37:46.787816 [net info] loaded configuration from hotstuff.conf
2022-01-13 00:37:46.787897 [hotstuff info] nfaulty = 3
2022-01-13 00:37:46.788179 [net info] created <Conn fd=11 addr=<NetAddr 18.188.17.142:20000> mode=active>
2022-01-13 00:37:46.788449 [net info] created <Conn fd=19 addr=<NetAddr 3.142.114.174:20000> mode=active>
2022-01-13 00:37:46.788484 [net info] connected to remote <Conn fd=11 addr=<NetAddr 18.188.17.142:20000> mode=active>
2022-01-13 00:37:46.788717 [net info] created <Conn fd=21 addr=<NetAddr 52.79.253.61:20000> mode=active>
2022-01-13 00:37:46.788959 [net info] created <Conn fd=23 addr=<NetAddr 3.36.103.56:20000> mode=active>
2022-01-13 00:37:46.789210 [net info] created <Conn fd=25 addr=<NetAddr 54.93.131.236:20000> mode=active>
2022-01-13 00:37:46.789238 [net info] connected to remote <Conn fd=19 addr=<NetAddr 3.142.114.174:20000> mode=active>
2022-01-13 00:37:46.789466 [net info] created <Conn fd=27 addr=<NetAddr 3.120.147.128:20000> mode=active>
2022-01-13 00:37:46.789696 [net info] created <Conn fd=29 addr=<NetAddr 54.215.140.88:20000> mode=active>
2022-01-13 00:37:46.789930 [net info] created <Conn fd=31 addr=<NetAddr 54.193.29.119:20000> mode=active>
2022-01-13 00:37:46.790176 [net info] created <Conn fd=33 addr=<NetAddr 3.112.224.96:20000> mode=active>
2022-01-13 00:37:46.790419 [net info] created <Conn fd=35 addr=<NetAddr 54.95.218.99:20000> mode=active>
2022-01-13 00:37:46.840558 [net info] connected to remote <Conn fd=29 addr=<NetAddr 54.215.140.88:20000> mode=active>
2022-01-13 00:37:46.840625 [net info] connected to remote <Conn fd=31 addr=<NetAddr 54.193.29.119:20000> mode=active>
2022-01-13 00:37:46.889154 [net info] connected to remote <Conn fd=25 addr=<NetAddr 54.93.131.236:20000> mode=active>
2022-01-13 00:37:46.889420 [net info] connected to remote <Conn fd=27 addr=<NetAddr 3.120.147.128:20000> mode=active>
2022-01-13 00:37:46.921515 [net info] connected to remote <Conn fd=33 addr=<NetAddr 3.112.224.96:20000> mode=active>
2022-01-13 00:37:46.922241 [net info] connected to remote <Conn fd=35 addr=<NetAddr 54.95.218.99:20000> mode=active>
2022-01-13 00:37:46.948816 [net info] connected to remote <Conn fd=21 addr=<NetAddr 52.79.253.61:20000> mode=active>
2022-01-13 00:37:46.949120 [net info] connected to remote <Conn fd=23 addr=<NetAddr 3.36.103.56:20000> mode=active>
2022-01-13 00:37:47.381240 [hotstuff info] 0.590755
2022-01-13 00:37:47.381296 [hotstuff info] 0.590795
2022-01-13 00:37:47.381311 [hotstuff info] 0.590798
2022-01-13 00:37:47.381324 [hotstuff info] 0.590798
2022-01-13 00:37:47.381338 [hotstuff info] 0.590800
2022-01-13 00:37:47.381355 [hotstuff info] 0.590803
2022-01-13 00:37:47.381368 [hotstuff info] 0.590802
2022-01-13 00:37:47.381378 [hotstuff info] 0.590799
2022-01-13 00:37:47.381393 [hotstuff info] 0.590799
2022-01-13 00:37:47.381407 [hotstuff info] 0.590800
2022-01-13 00:37:47.381420 [hotstuff info] 0.590801
2022-01-13 00:37:47.381433 [hotstuff info] 0.590796
2022-01-13 00:37:47.381446 [hotstuff info] 0.590796
2022-01-13 00:37:47.381465 [hotstuff info] 0.590802
2022-01-13 00:37:47.381478 [hotstuff info] 0.590802
2022-01-13 00:37:47.381491 [hotstuff info] 0.590803
2022-01-13 00:37:47.381502 [hotstuff info] 0.590801
2022-01-13 00:37:47.381516 [hotstuff info] 0.590798
2022-01-13 00:37:47.381528 [hotstuff info] 0.590797
2022-01-13 00:37:47.381538 [hotstuff info] 0.590794
2022-01-13 00:37:47.381551 [hotstuff info] 0.590794
2022-01-13 00:37:47.381562 [hotstuff info] 0.590793
2022-01-13 00:37:47.381573 [hotstuff info] 0.590791
2022-01-13 00:37:47.381584 [hotstuff info] 0.590789
2022-01-13 00:37:47.381599 [hotstuff info] 0.590790
2022-01-13 00:37:47.381610 [hotstuff info] 0.590785
2022-01-13 00:37:47.381622 [hotstuff info] 0.590784
2022-01-13 00:37:47.381635 [hotstuff info] 0.590783
2022-01-13 00:37:47.381646 [hotstuff info] 0.590763
2022-01-13 00:37:47.381659 [hotstuff info] 0.590761
2022-01-13 00:37:47.381670 [hotstuff info] 0.590758
2022-01-13 00:37:47.381680 [hotstuff info] 0.590754
2022-01-13 00:37:47.381693 [hotstuff info] 0.590749
2022-01-13 00:37:47.381739 [hotstuff info] 0.590783
2022-01-13 00:37:47.381751 [hotstuff info] 0.590780
2022-01-13 00:37:47.381762 [hotstuff info] 0.590778
2022-01-13 00:37:47.381774 [hotstuff info] 0.590777
2022-01-13 00:37:47.381784 [hotstuff info] 0.590774
2022-01-13 00:37:47.381797 [hotstuff info] 0.590772
2022-01-13 00:37:47.381807 [hotstuff info] 0.590770
2022-01-13 00:37:47.381818 [hotstuff info] 0.590769
2022-01-13 00:37:47.381828 [hotstuff info] 0.590766
2022-01-13 00:37:47.381842 [hotstuff info] 0.590769
2022-01-13 00:37:47.381853 [hotstuff info] 0.590767
2022-01-13 00:37:47.381865 [hotstuff info] 0.590765
2022-01-13 00:37:47.381876 [hotstuff info] 0.590761
2022-01-13 00:37:47.381889 [hotstuff info] 0.590751
2022-01-13 00:37:47.381900 [hotstuff info] 0.590748
2022-01-13 00:37:47.381913 [hotstuff info] 0.590748
2022-01-13 00:37:47.381924 [hotstuff info] 0.590746
2022-01-13 00:37:47.381935 [hotstuff info] 0.590742
2022-01-13 00:37:47.381945 [hotstuff info] 0.590740
2022-01-13 00:37:47.381957 [hotstuff info] 0.590733
2022-01-13 00:37:47.381966 [hotstuff info] 0.590728
2022-01-13 00:37:47.381973 [hotstuff info] 0.590722
2022-01-13 00:37:47.381980 [hotstuff info] 0.590716
2022-01-13 00:37:47.381986 [hotstuff info] 0.590709
2022-01-13 00:37:47.381993 [hotstuff info] 0.590703
2022-01-13 00:37:47.381999 [hotstuff info] 0.590696
2022-01-13 00:37:47.382007 [hotstuff info] 0.590688
2022-01-13 00:37:47.382013 [hotstuff info] 0.590680
2022-01-13 00:37:47.382019 [hotstuff info] 0.590672
2022-01-13 00:37:47.382026 [hotstuff info] 0.590665
2022-01-13 00:37:47.382032 [hotstuff info] 0.590651
2022-01-13 00:37:47.382039 [hotstuff info] 0.590645
2022-01-13 00:37:47.382048 [hotstuff info] 0.590641
2022-01-13 00:37:47.382055 [hotstuff info] 0.590631
2022-01-13 00:37:47.382061 [hotstuff info] 0.590623
2022-01-13 00:37:47.382068 [hotstuff info] 0.590608
2022-01-13 00:37:47.382075 [hotstuff info] 0.590601
2022-01-13 00:37:47.382082 [hotstuff info] 0.590594
2022-01-13 00:37:47.382089 [hotstuff info] 0.590587
2022-01-13 00:37:47.382095 [hotstuff info] 0.590580
2022-01-13 00:37:47.382102 [hotstuff info] 0.590571
2022-01-13 00:37:47.382109 [hotstuff info] 0.590564
2022-01-13 00:37:47.382117 [hotstuff info] 0.590558
2022-01-13 00:37:47.382125 [hotstuff info] 0.590553
2022-01-13 00:37:47.382133 [hotstuff info] 0.590548
2022-01-13 00:37:47.382141 [hotstuff info] 0.590543
2022-01-13 00:37:47.382150 [hotstuff info] 0.590533
2022-01-13 00:37:47.382157 [hotstuff info] 0.590527
2022-01-13 00:37:47.382163 [hotstuff info] 0.590520
2022-01-13 00:37:47.382173 [hotstuff info] 0.590516
2022-01-13 00:37:47.382180 [hotstuff info] 0.590511
2022-01-13 00:37:47.382189 [hotstuff info] 0.590506
2022-01-13 00:37:47.382196 [hotstuff info] 0.590496
2022-01-13 00:37:47.382203 [hotstuff info] 0.590491
2022-01-13 00:37:47.382210 [hotstuff info] 0.590484
2022-01-13 00:37:47.382217 [hotstuff info] 0.590477
2022-01-13 00:37:47.382223 [hotstuff info] 0.590469
2022-01-13 00:37:47.382230 [hotstuff info] 0.590463
2022-01-13 00:37:47.382237 [hotstuff info] 0.590457
2022-01-13 00:37:47.382245 [hotstuff info] 0.590446
2022-01-13 00:37:47.382251 [hotstuff info] 0.590440
2022-01-13 00:37:47.382259 [hotstuff info] 0.590434
2022-01-13 00:37:47.382266 [hotstuff info] 0.590427
2022-01-13 00:37:47.382272 [hotstuff info] 0.590421
2022-01-13 00:37:47.382279 [hotstuff info] 0.590414
2022-01-13 00:37:47.382286 [hotstuff info] 0.590408
2022-01-13 00:37:47.382293 [hotstuff info] 0.590401
2022-01-13 00:37:47.382300 [hotstuff info] 0.590392
2022-01-13 00:37:47.382306 [hotstuff info] 0.590385
2022-01-13 00:37:47.382313 [hotstuff info] 0.590379
2022-01-13 00:37:47.382320 [hotstuff info] 0.590374
2022-01-13 00:37:47.382326 [hotstuff info] 0.590368
2022-01-13 00:37:47.382333 [hotstuff info] 0.590361
2022-01-13 00:37:47.382339 [hotstuff info] 0.590354
2022-01-13 00:37:47.382346 [hotstuff info] 0.590345
2022-01-13 00:37:47.382352 [hotstuff info] 0.590338
2022-01-13 00:37:47.382358 [hotstuff info] 0.590332
2022-01-13 00:37:47.429360 [hotstuff info] 0.637320
2022-01-13 00:37:47.429392 [hotstuff info] 0.637339
2022-01-13 00:37:47.431638 [hotstuff info] 0.639570
2022-01-13 00:37:47.431664 [hotstuff info] 0.639583
2022-01-13 00:37:47.431678 [hotstuff info] 0.639582
2022-01-13 00:37:47.431691 [hotstuff info] 0.639582
2022-01-13 00:37:47.431705 [hotstuff info] 0.639582
2022-01-13 00:37:47.432091 [hotstuff info] 0.639955
2022-01-13 00:37:47.432111 [hotstuff info] 0.639962
2022-01-13 00:37:47.432118 [hotstuff info] 0.639957
2022-01-13 00:37:47.432127 [hotstuff info] 0.639952
2022-01-13 00:37:47.432134 [hotstuff info] 0.639945
2022-01-13 00:37:47.432142 [hotstuff info] 0.639939
2022-01-13 00:37:47.432148 [hotstuff info] 0.639932
2022-01-13 00:37:47.432156 [hotstuff info] 0.639926
2022-01-13 00:37:47.432162 [hotstuff info] 0.639919
2022-01-13 00:37:47.432170 [hotstuff info] 0.639913
2022-01-13 00:37:47.432177 [hotstuff info] 0.639906
2022-01-13 00:37:47.432185 [hotstuff info] 0.639897
2022-01-13 00:37:47.432213 [hotstuff info] 0.639913
2022-01-13 00:37:47.432220 [hotstuff info] 0.639905
2022-01-13 00:37:47.432226 [hotstuff info] 0.639898
2022-01-13 00:37:47.432234 [hotstuff info] 0.639892
2022-01-13 00:37:47.432240 [hotstuff info] 0.639885
2022-01-13 00:37:47.432248 [hotstuff info] 0.639880
2022-01-13 00:37:47.432255 [hotstuff info] 0.639872
2022-01-13 00:37:47.432262 [hotstuff info] 0.639865
2022-01-13 00:37:47.432269 [hotstuff info] 0.639859
2022-01-13 00:37:47.432276 [hotstuff info] 0.639853
2022-01-13 00:37:47.432281 [hotstuff info] 0.639845
2022-01-13 00:37:47.432288 [hotstuff info] 0.639839
2022-01-13 00:37:47.432293 [hotstuff info] 0.639832
2022-01-13 00:37:47.432300 [hotstuff info] 0.639819
2022-01-13 00:37:47.432307 [hotstuff info] 0.639813
2022-01-13 00:37:47.432313 [hotstuff info] 0.639807
2022-01-13 00:37:47.432320 [hotstuff info] 0.639800
2022-01-13 00:37:47.432327 [hotstuff info] 0.639794
2022-01-13 00:37:47.432334 [hotstuff info] 0.639787
2022-01-13 00:37:47.432340 [hotstuff info] 0.639780
2022-01-13 00:37:47.432347 [hotstuff info] 0.639770
2022-01-13 00:37:47.432354 [hotstuff info] 0.639763
2022-01-13 00:37:47.432360 [hotstuff info] 0.639757
2022-01-13 00:37:47.432367 [hotstuff info] 0.639751
2022-01-13 00:37:47.432374 [hotstuff info] 0.639745
2022-01-13 00:37:47.432381 [hotstuff info] 0.639739
2022-01-13 00:37:47.432387 [hotstuff info] 0.639733
2022-01-13 00:37:47.432394 [hotstuff info] 0.639724
2022-01-13 00:37:47.432400 [hotstuff info] 0.639717
2022-01-13 00:37:47.432407 [hotstuff info] 0.639710
2022-01-13 00:37:47.432414 [hotstuff info] 0.639704
2022-01-13 00:37:47.432421 [hotstuff info] 0.639699
2022-01-13 00:37:47.432427 [hotstuff info] 0.639693
2022-01-13 00:37:47.432434 [hotstuff info] 0.639687
2022-01-13 00:37:47.432441 [hotstuff info] 0.639681
2022-01-13 00:37:47.432448 [hotstuff info] 0.639673
2022-01-13 00:37:47.432454 [hotstuff info] 0.639666
2022-01-13 00:37:47.432461 [hotstuff info] 0.639659
2022-01-13 00:37:47.432468 [hotstuff info] 0.639612
2022-01-13 00:37:47.432474 [hotstuff info] 0.639606
2022-01-13 00:37:47.432481 [hotstuff info] 0.639590
2022-01-13 00:37:47.432487 [hotstuff info] 0.639573
2022-01-13 00:37:47.432493 [hotstuff info] 0.639561
2022-01-13 00:37:47.432500 [hotstuff info] 0.639553
2022-01-13 00:37:47.432506 [hotstuff info] 0.639539
2022-01-13 00:37:47.432513 [hotstuff info] 0.639527
2022-01-13 00:37:47.913463 [hotstuff info] 0.532169
2022-01-13 00:37:47.913503 [hotstuff info] 0.532193
2022-01-13 00:37:47.913515 [hotstuff info] 0.532193
2022-01-13 00:37:47.913526 [hotstuff info] 0.532189
2022-01-13 00:37:47.913535 [hotstuff info] 0.532182
2022-01-13 00:37:47.913543 [hotstuff info] 0.532178
2022-01-13 00:37:47.913689 [hotstuff info] 0.532312
2022-01-13 00:37:47.913707 [hotstuff info] 0.532315
2022-01-13 00:37:47.913714 [hotstuff info] 0.532309
2022-01-13 00:37:47.913720 [hotstuff info] 0.532303
2022-01-13 00:37:47.913728 [hotstuff info] 0.532296
2022-01-13 00:37:47.913735 [hotstuff info] 0.532291
2022-01-13 00:37:47.913742 [hotstuff info] 0.532279
2022-01-13 00:37:47.913750 [hotstuff info] 0.532273
2022-01-13 00:37:47.913756 [hotstuff info] 0.532267
2022-01-13 00:37:47.913764 [hotstuff info] 0.532263
2022-01-13 00:37:47.913771 [hotstuff info] 0.532257
2022-01-13 00:37:47.913998 [hotstuff info] 0.532471
2022-01-13 00:37:47.914015 [hotstuff info] 0.532478
2022-01-13 00:37:47.914023 [hotstuff info] 0.532474
2022-01-13 00:37:47.914029 [hotstuff info] 0.532469
2022-01-13 00:37:47.914037 [hotstuff info] 0.532466
2022-01-13 00:37:47.914044 [hotstuff info] 0.532461
2022-01-13 00:37:47.914052 [hotstuff info] 0.532455
2022-01-13 00:37:47.914059 [hotstuff info] 0.532451
2022-01-13 00:37:47.914067 [hotstuff info] 0.532446
2022-01-13 00:37:47.914073 [hotstuff info] 0.532440
2022-01-13 00:37:47.914080 [hotstuff info] 0.532435
2022-01-13 00:37:47.914087 [hotstuff info] 0.532429
2022-01-13 00:37:47.914094 [hotstuff info] 0.532426
2022-01-13 00:37:47.914100 [hotstuff info] 0.532421
2022-01-13 00:37:47.914133 [hotstuff info] 0.532441
2022-01-13 00:37:47.914141 [hotstuff info] 0.532403
2022-01-13 00:37:47.914148 [hotstuff info] 0.532399
2022-01-13 00:37:47.914156 [hotstuff info] 0.532395
2022-01-13 00:37:47.914163 [hotstuff info] 0.532391
2022-01-13 00:37:47.914171 [hotstuff info] 0.532388
2022-01-13 00:37:47.914178 [hotstuff info] 0.532382
2022-01-13 00:37:47.914184 [hotstuff info] 0.532379
2022-01-13 00:37:47.914191 [hotstuff info] 0.532375
2022-01-13 00:37:47.914199 [hotstuff info] 0.532372
2022-01-13 00:37:47.914205 [hotstuff info] 0.532365
2022-01-13 00:37:47.914211 [hotstuff info] 0.532359
2022-01-13 00:37:47.914218 [hotstuff info] 0.532355
2022-01-13 00:37:47.914224 [hotstuff info] 0.532350
2022-01-13 00:37:47.914231 [hotstuff info] 0.532343
2022-01-13 00:37:47.914236 [hotstuff info] 0.532338
2022-01-13 00:37:47.914243 [hotstuff info] 0.532332
2022-01-13 00:37:47.914249 [hotstuff info] 0.532327
2022-01-13 00:37:47.914256 [hotstuff info] 0.532323
2022-01-13 00:37:47.914262 [hotstuff info] 0.532318
2022-01-13 00:37:47.914269 [hotstuff info] 0.532314
2022-01-13 00:37:47.914275 [hotstuff info] 0.532311
2022-01-13 00:37:47.914282 [hotstuff info] 0.532309
2022-01-13 00:37:47.914288 [hotstuff info] 0.532309
2022-01-13 00:37:47.914295 [hotstuff info] 0.532310
2022-01-13 00:37:47.914302 [hotstuff info] 0.532310
2022-01-13 00:37:47.914308 [hotstuff info] 0.532310
2022-01-13 00:37:47.914315 [hotstuff info] 0.532309
2022-01-13 00:37:47.914321 [hotstuff info] 0.532309
2022-01-13 00:37:47.914327 [hotstuff info] 0.532308
2022-01-13 00:37:47.961620 [hotstuff info] 0.579594
2022-01-13 00:37:47.961647 [hotstuff info] 0.579615
2022-01-13 00:37:47.961921 [hotstuff info] 0.579883
2022-01-13 00:37:47.961941 [hotstuff info] 0.579893
2022-01-13 00:37:47.964083 [hotstuff info] 0.582028
2022-01-13 00:37:47.964106 [hotstuff info] 0.582046
2022-01-13 00:37:47.964118 [hotstuff info] 0.582050
2022-01-13 00:37:47.964127 [hotstuff info] 0.582053
2022-01-13 00:37:47.964133 [hotstuff info] 0.582053
2022-01-13 00:37:47.964141 [hotstuff info] 0.582054
2022-01-13 00:37:47.964151 [hotstuff info] 0.582057
2022-01-13 00:37:47.964157 [hotstuff info] 0.582057
2022-01-13 00:37:47.964165 [hotstuff info] 0.582056
2022-01-13 00:37:47.964171 [hotstuff info] 0.582055
2022-01-13 00:37:47.964405 [hotstuff info] 0.582281
2022-01-13 00:37:47.964422 [hotstuff info] 0.582291
2022-01-13 00:37:47.964430 [hotstuff info] 0.582289
2022-01-13 00:37:47.964437 [hotstuff info] 0.582288
2022-01-13 00:37:47.964445 [hotstuff info] 0.582289
2022-01-13 00:37:47.964452 [hotstuff info] 0.582289
2022-01-13 00:37:47.964458 [hotstuff info] 0.582287
2022-01-13 00:37:47.964482 [hotstuff info] 0.582302
2022-01-13 00:37:47.964488 [hotstuff info] 0.582299
2022-01-13 00:37:47.964495 [hotstuff info] 0.582301
2022-01-13 00:37:47.964503 [hotstuff info] 0.582301
2022-01-13 00:37:47.964510 [hotstuff info] 0.582301
2022-01-13 00:37:47.964517 [hotstuff info] 0.582300
2022-01-13 00:37:47.964524 [hotstuff info] 0.582302
2022-01-13 00:37:47.964530 [hotstuff info] 0.582301
2022-01-13 00:37:47.964537 [hotstuff info] 0.582301
2022-01-13 00:37:47.964544 [hotstuff info] 0.582301
2022-01-13 00:37:47.964551 [hotstuff info] 0.582300
2022-01-13 00:37:47.964558 [hotstuff info] 0.582301
2022-01-13 00:37:47.964565 [hotstuff info] 0.582300
2022-01-13 00:37:47.964572 [hotstuff info] 0.582300
2022-01-13 00:37:47.964578 [hotstuff info] 0.582301
2022-01-13 00:37:47.964585 [hotstuff info] 0.582301
2022-01-13 00:37:47.964592 [hotstuff info] 0.582300
2022-01-13 00:37:47.964598 [hotstuff info] 0.582299
2022-01-13 00:37:47.964605 [hotstuff info] 0.582299
2022-01-13 00:37:47.964611 [hotstuff info] 0.582299
2022-01-13 00:37:47.964617 [hotstuff info] 0.582299
2022-01-13 00:37:47.964624 [hotstuff info] 0.582298
2022-01-13 00:37:47.964630 [hotstuff info] 0.582299
2022-01-13 00:37:47.964636 [hotstuff info] 0.582297
2022-01-13 00:37:47.964642 [hotstuff info] 0.582297
2022-01-13 00:37:47.964649 [hotstuff info] 0.582298
2022-01-13 00:37:47.964654 [hotstuff info] 0.582297
2022-01-13 00:37:47.964660 [hotstuff info] 0.582297
2022-01-13 00:37:48.046687 [hotstuff info] 0.617295
2022-01-13 00:37:48.046718 [hotstuff info] 0.617318
2022-01-13 00:37:48.046965 [hotstuff info] 0.615302
2022-01-13 00:37:48.046992 [hotstuff info] 0.615316
2022-01-13 00:37:48.047002 [hotstuff info] 0.615313
2022-01-13 00:37:48.047012 [hotstuff info] 0.615309
2022-01-13 00:37:48.047021 [hotstuff info] 0.615304
2022-01-13 00:37:48.047031 [hotstuff info] 0.614921
2022-01-13 00:37:48.047041 [hotstuff info] 0.614923
2022-01-13 00:37:48.047051 [hotstuff info] 0.614925
2022-01-13 00:37:48.047061 [hotstuff info] 0.614927
2022-01-13 00:37:48.047070 [hotstuff info] 0.614929
2022-01-13 00:37:48.047079 [hotstuff info] 0.614932
2022-01-13 00:37:48.047090 [hotstuff info] 0.614934
2022-01-13 00:37:48.047100 [hotstuff info] 0.614938
2022-01-13 00:37:48.047111 [hotstuff info] 0.614941
2022-01-13 00:37:48.047121 [hotstuff info] 0.614945
2022-01-13 00:37:48.047132 [hotstuff info] 0.614948
2022-01-13 00:37:48.047141 [hotstuff info] 0.614928
2022-01-13 00:37:48.047152 [hotstuff info] 0.614933
2022-01-13 00:37:48.047162 [hotstuff info] 0.614937
2022-01-13 00:37:48.047173 [hotstuff info] 0.614940
2022-01-13 00:37:48.047182 [hotstuff info] 0.614942
2022-01-13 00:37:48.047193 [hotstuff info] 0.614946
2022-01-13 00:37:48.047201 [hotstuff info] 0.614947
2022-01-13 00:37:48.047212 [hotstuff info] 0.614951
2022-01-13 00:37:48.047223 [hotstuff info] 0.614955
2022-01-13 00:37:48.047232 [hotstuff info] 0.614957
2022-01-13 00:37:48.047240 [hotstuff info] 0.614959
2022-01-13 00:37:48.047250 [hotstuff info] 0.614963
2022-01-13 00:37:48.047260 [hotstuff info] 0.614967
2022-01-13 00:37:48.047271 [hotstuff info] 0.614971
2022-01-13 00:37:48.047280 [hotstuff info] 0.614975
2022-01-13 00:37:48.047292 [hotstuff info] 0.614979
2022-01-13 00:37:48.047300 [hotstuff info] 0.614982
2022-01-13 00:37:48.047312 [hotstuff info] 0.614985
2022-01-13 00:37:48.047322 [hotstuff info] 0.614990
2022-01-13 00:37:48.047333 [hotstuff info] 0.614994
2022-01-13 00:37:48.047342 [hotstuff info] 0.614995
2022-01-13 00:37:48.047352 [hotstuff info] 0.615000
2022-01-13 00:37:48.047362 [hotstuff info] 0.615003
2022-01-13 00:37:48.047372 [hotstuff info] 0.615006
2022-01-13 00:37:48.047383 [hotstuff info] 0.615010
2022-01-13 00:37:48.047393 [hotstuff info] 0.615013
2022-01-13 00:37:48.047404 [hotstuff info] 0.615017
2022-01-13 00:37:48.047413 [hotstuff info] 0.615020
2022-01-13 00:37:48.047870 [hotstuff info] 0.615470
2022-01-13 00:37:48.047889 [hotstuff info] 0.615483
2022-01-13 00:37:48.047898 [hotstuff info] 0.615484
2022-01-13 00:37:48.047909 [hotstuff info] 0.615489
2022-01-13 00:37:48.047919 [hotstuff info] 0.615492
2022-01-13 00:37:48.047930 [hotstuff info] 0.615496
2022-01-13 00:37:48.047939 [hotstuff info] 0.615499
2022-01-13 00:37:48.047950 [hotstuff info] 0.615503
2022-01-13 00:37:48.047960 [hotstuff info] 0.615506
2022-01-13 00:37:48.047969 [hotstuff info] 0.615509
2022-01-13 00:37:48.047979 [hotstuff info] 0.615512
2022-01-13 00:37:48.047990 [hotstuff info] 0.615516
2022-01-13 00:37:48.048000 [hotstuff info] 0.615520
2022-01-13 00:37:48.048010 [hotstuff info] 0.615524
2022-01-13 00:37:48.048019 [hotstuff info] 0.615526
2022-01-13 00:37:48.048028 [hotstuff info] 0.615530
2022-01-13 00:37:48.048039 [hotstuff info] 0.615534
2022-01-13 00:37:48.048048 [hotstuff info] 0.615537
2022-01-13 00:37:48.048058 [hotstuff info] 0.615539
2022-01-13 00:37:48.580490 [hotstuff info] 0.666989
2022-01-13 00:37:48.580523 [hotstuff info] 0.667009
2022-01-13 00:37:48.580532 [hotstuff info] 0.667007
2022-01-13 00:37:48.580539 [hotstuff info] 0.667005
2022-01-13 00:37:48.580548 [hotstuff info] 0.667005
2022-01-13 00:37:48.580554 [hotstuff info] 0.667006
2022-01-13 00:37:48.580718 [hotstuff info] 0.667013
2022-01-13 00:37:48.580736 [hotstuff info] 0.667023
2022-01-13 00:37:48.580744 [hotstuff info] 0.667024
2022-01-13 00:37:48.580750 [hotstuff info] 0.667023
2022-01-13 00:37:48.580758 [hotstuff info] 0.667024
2022-01-13 00:37:48.580765 [hotstuff info] 0.667024
2022-01-13 00:37:48.580774 [hotstuff info] 0.667025
2022-01-13 00:37:48.580780 [hotstuff info] 0.667025
2022-01-13 00:37:48.580793 [hotstuff info] 0.667031
2022-01-13 00:37:48.580802 [hotstuff info] 0.667032
2022-01-13 00:37:48.580809 [hotstuff info] 0.667031
2022-01-13 00:37:48.580990 [hotstuff info] 0.666977
2022-01-13 00:37:48.581011 [hotstuff info] 0.666989
2022-01-13 00:37:48.581019 [hotstuff info] 0.666991
2022-01-13 00:37:48.581026 [hotstuff info] 0.666990
2022-01-13 00:37:48.581033 [hotstuff info] 0.666991
2022-01-13 00:37:48.581041 [hotstuff info] 0.666989
2022-01-13 00:37:48.581048 [hotstuff info] 0.666989
2022-01-13 00:37:48.581056 [hotstuff info] 0.666990
2022-01-13 00:37:48.581063 [hotstuff info] 0.666990
2022-01-13 00:37:48.581069 [hotstuff info] 0.666991
2022-01-13 00:37:48.581076 [hotstuff info] 0.666990
2022-01-13 00:37:48.581084 [hotstuff info] 0.666990
2022-01-13 00:37:48.581090 [hotstuff info] 0.666990
2022-01-13 00:37:48.581098 [hotstuff info] 0.666990
2022-01-13 00:37:48.628591 [hotstuff info] 0.714450
2022-01-13 00:37:48.628627 [hotstuff info] 0.714479
2022-01-13 00:37:48.628636 [hotstuff info] 0.714481
2022-01-13 00:37:48.629318 [hotstuff info] 0.715154
2022-01-13 00:37:48.629348 [hotstuff info] 0.715178
2022-01-13 00:37:48.629437 [hotstuff info] 0.715260
2022-01-13 00:37:48.629454 [hotstuff info] 0.715270
2022-01-13 00:37:48.629463 [hotstuff info] 0.715272
2022-01-13 00:37:48.629471 [hotstuff info] 0.715273
2022-01-13 00:37:48.629477 [hotstuff info] 0.715273
2022-01-13 00:37:48.629484 [hotstuff info] 0.715274
2022-01-13 00:37:48.629494 [hotstuff info] 0.715276
2022-01-13 00:37:48.629501 [hotstuff info] 0.715278
2022-01-13 00:37:48.629508 [hotstuff info] 0.715279
2022-01-13 00:37:48.629516 [hotstuff info] 0.715280
2022-01-13 00:37:48.629523 [hotstuff info] 0.715281
2022-01-13 00:37:48.629537 [hotstuff info] 0.715282
2022-01-13 00:37:48.629545 [hotstuff info] 0.715290
2022-01-13 00:37:48.629556 [hotstuff info] 0.715295
2022-01-13 00:37:48.629565 [hotstuff info] 0.715296
2022-01-13 00:37:48.629571 [hotstuff info] 0.715297
2022-01-13 00:37:48.630985 [hotstuff info] 0.716702
2022-01-13 00:37:48.631014 [hotstuff info] 0.716727
2022-01-13 00:37:48.631384 [hotstuff info] 0.717089
2022-01-13 00:37:48.631401 [hotstuff info] 0.717100
2022-01-13 00:37:48.631409 [hotstuff info] 0.717102
2022-01-13 00:37:48.631417 [hotstuff info] 0.717103
2022-01-13 00:37:48.631423 [hotstuff info] 0.717103
2022-01-13 00:37:48.631431 [hotstuff info] 0.717105
2022-01-13 00:37:48.631438 [hotstuff info] 0.717104
2022-01-13 00:37:48.631444 [hotstuff info] 0.669798
2022-01-13 00:37:48.631459 [hotstuff info] 0.669806
2022-01-13 00:37:48.631466 [hotstuff info] 0.669526
2022-01-13 00:37:48.631474 [hotstuff info] 0.669524
2022-01-13 00:37:48.713259 [hotstuff info] 0.749154
2022-01-13 00:37:48.713287 [hotstuff info] 0.749170
2022-01-13 00:37:48.713294 [hotstuff info] 0.749169
2022-01-13 00:37:48.713301 [hotstuff info] 0.749169
2022-01-13 00:37:48.713308 [hotstuff info] 0.749168
2022-01-13 00:37:48.713315 [hotstuff info] 0.749165
2022-01-13 00:37:48.713321 [hotstuff info] 0.749164
2022-01-13 00:37:48.713329 [hotstuff info] 0.749165
2022-01-13 00:37:48.713336 [hotstuff info] 0.749166
2022-01-13 00:37:48.713342 [hotstuff info] 0.749165
2022-01-13 00:37:48.713361 [hotstuff info] 0.748940
2022-01-13 00:37:48.713369 [hotstuff info] 0.748941
2022-01-13 00:37:48.713375 [hotstuff info] 0.748940
2022-01-13 00:37:48.713383 [hotstuff info] 0.748940
2022-01-13 00:37:48.713389 [hotstuff info] 0.748938
2022-01-13 00:37:48.713396 [hotstuff info] 0.748939
2022-01-13 00:37:48.713403 [hotstuff info] 0.748922
2022-01-13 00:37:48.713411 [hotstuff info] 0.748924
2022-01-13 00:37:48.713671 [hotstuff info] 0.749176
2022-01-13 00:37:48.713695 [hotstuff info] 0.749193
2022-01-13 00:37:48.713709 [hotstuff info] 0.749200
2022-01-13 00:37:48.713722 [hotstuff info] 0.749207
2022-01-13 00:37:48.713735 [hotstuff info] 0.749212
2022-01-13 00:37:48.713745 [hotstuff info] 0.749216
2022-01-13 00:37:48.713755 [hotstuff info] 0.749218
2022-01-13 00:37:48.713768 [hotstuff info] 0.749224
2022-01-13 00:37:48.713779 [hotstuff info] 0.749230
2022-01-13 00:37:48.713791 [hotstuff info] 0.749234
2022-01-13 00:37:48.713804 [hotstuff info] 0.749240
2022-01-13 00:37:48.713817 [hotstuff info] 0.749246
2022-01-13 00:37:48.713827 [hotstuff info] 0.749250
2022-01-13 00:37:48.713838 [hotstuff info] 0.749254
2022-01-13 00:37:48.713849 [hotstuff info] 0.749258
2022-01-13 00:37:48.713861 [hotstuff info] 0.749263
2022-01-13 00:37:48.713872 [hotstuff info] 0.749268
2022-01-13 00:37:48.713885 [hotstuff info] 0.749276
2022-01-13 00:37:48.713895 [hotstuff info] 0.749279
2022-01-13 00:37:48.713909 [hotstuff info] 0.749286
2022-01-13 00:37:48.713919 [hotstuff info] 0.749289
2022-01-13 00:37:48.713930 [hotstuff info] 0.749294
2022-01-13 00:37:48.713942 [hotstuff info] 0.749301
2022-01-13 00:37:48.713954 [hotstuff info] 0.749306
2022-01-13 00:37:48.713963 [hotstuff info] 0.749309
2022-01-13 00:37:48.713975 [hotstuff info] 0.749315
2022-01-13 00:37:48.713985 [hotstuff info] 0.749319
2022-01-13 00:37:48.713996 [hotstuff info] 0.667279
2022-01-13 00:37:48.714007 [hotstuff info] 0.667281
2022-01-13 00:37:48.714310 [hotstuff info] 0.667319
2022-01-13 00:37:48.714341 [hotstuff info] 0.667340
2022-01-13 00:37:48.714357 [hotstuff info] 0.667346
2022-01-13 00:37:48.714367 [hotstuff info] 0.667348
2022-01-13 00:37:48.714380 [hotstuff info] 0.667350
2022-01-13 00:37:48.714392 [hotstuff info] 0.667352
2022-01-13 00:37:48.714404 [hotstuff info] 0.667354
2022-01-13 00:37:48.714414 [hotstuff info] 0.667354
2022-01-13 00:37:48.714427 [hotstuff info] 0.667358
2022-01-13 00:37:48.714439 [hotstuff info] 0.667361
2022-01-13 00:37:48.714450 [hotstuff info] 0.667362
2022-01-13 00:37:48.714462 [hotstuff info] 0.667363
2022-01-13 00:37:48.714476 [hotstuff info] 0.667366
2022-01-13 00:37:48.714489 [hotstuff info] 0.667369
2022-01-13 00:37:48.714500 [hotstuff info] 0.667370
2022-01-13 00:37:48.714512 [hotstuff info] 0.667373
2022-01-13 00:37:48.714521 [hotstuff info] 0.667370
2022-01-13 00:37:48.714528 [hotstuff info] 0.667368
2022-01-13 00:37:48.714535 [hotstuff info] 0.667364
2022-01-13 00:37:48.714541 [hotstuff info] 0.667362
2022-01-13 00:37:48.714548 [hotstuff info] 0.667357
2022-01-13 00:37:48.714556 [hotstuff info] 0.667356
2022-01-13 00:37:48.714562 [hotstuff info] 0.667353
2022-01-13 00:37:48.714568 [hotstuff info] 0.667348
2022-01-13 00:37:48.714576 [hotstuff info] 0.667345
2022-01-13 00:37:48.714582 [hotstuff info] 0.667343
2022-01-13 00:37:48.714589 [hotstuff info] 0.667340
2022-01-13 00:37:48.714595 [hotstuff info] 0.667336
2022-01-13 00:37:48.714857 [hotstuff info] 0.667588
2022-01-13 00:37:48.714890 [hotstuff info] 0.667611
2022-01-13 00:37:48.714899 [hotstuff info] 0.667609
2022-01-13 00:37:48.714905 [hotstuff info] 0.667607
2022-01-13 00:37:48.714913 [hotstuff info] 0.667602
2022-01-13 00:37:48.714920 [hotstuff info] 0.667600
2022-01-13 00:37:48.714928 [hotstuff info] 0.667596
2022-01-13 00:37:48.714935 [hotstuff info] 0.667594
2022-01-13 00:37:48.714941 [hotstuff info] 0.667590
2022-01-13 00:37:48.714947 [hotstuff info] 0.667586
2022-01-13 00:37:48.714955 [hotstuff info] 0.667584
2022-01-13 00:37:48.714961 [hotstuff info] 0.667581
2022-01-13 00:37:48.714967 [hotstuff info] 0.667576
2022-01-13 00:37:48.714975 [hotstuff info] 0.667572
2022-01-13 00:37:48.714982 [hotstuff info] 0.667571
2022-01-13 00:37:48.714989 [hotstuff info] 0.667567
2022-01-13 00:37:48.714995 [hotstuff info] 0.667108
2022-01-13 00:37:48.715002 [hotstuff info] 0.667106
2022-01-13 00:37:48.761955 [hotstuff info] 0.714047
2022-01-13 00:37:48.761977 [hotstuff info] 0.714059
2022-01-13 00:37:48.762317 [hotstuff info] 0.714388
2022-01-13 00:37:48.762334 [hotstuff info] 0.714396
2022-01-13 00:37:48.762342 [hotstuff info] 0.714394
2022-01-13 00:37:48.762371 [hotstuff info] 0.714413
2022-01-13 00:37:48.762378 [hotstuff info] 0.714410
2022-01-13 00:37:48.762385 [hotstuff info] 0.714408
2022-01-13 00:37:48.762393 [hotstuff info] 0.714404
2022-01-13 00:37:48.762399 [hotstuff info] 0.714401
2022-01-13 00:37:48.762410 [hotstuff info] 0.714401
2022-01-13 00:37:48.762421 [hotstuff info] 0.714403
2022-01-13 00:37:48.762433 [hotstuff info] 0.714405
2022-01-13 00:37:48.762446 [hotstuff info] 0.714409
2022-01-13 00:37:48.762454 [hotstuff info] 0.714407
2022-01-13 00:37:48.762459 [hotstuff info] 0.714403
2022-01-13 00:37:48.762466 [hotstuff info] 0.714398
2022-01-13 00:37:49.246990 [hotstuff info] 0.666468
2022-01-13 00:37:49.247020 [hotstuff info] 0.666489
2022-01-13 00:37:49.247029 [hotstuff info] 0.666492
2022-01-13 00:37:49.247036 [hotstuff info] 0.666490
2022-01-13 00:37:49.247042 [hotstuff info] 0.666490
2022-01-13 00:37:49.247050 [hotstuff info] 0.666490
2022-01-13 00:37:49.247216 [hotstuff info] 0.666481
2022-01-13 00:37:49.247234 [hotstuff info] 0.666491
2022-01-13 00:37:49.247242 [hotstuff info] 0.666492
2022-01-13 00:37:49.247249 [hotstuff info] 0.666492
2022-01-13 00:37:49.247256 [hotstuff info] 0.666491
2022-01-13 00:37:49.247262 [hotstuff info] 0.666490
2022-01-13 00:37:49.247268 [hotstuff info] 0.666489
2022-01-13 00:37:49.247275 [hotstuff info] 0.666482
2022-01-13 00:37:49.247283 [hotstuff info] 0.666482
2022-01-13 00:37:49.247289 [hotstuff info] 0.666480
2022-01-13 00:37:49.247296 [hotstuff info] 0.666481
2022-01-13 00:37:49.247496 [hotstuff info] 0.666486
2022-01-13 00:37:49.247513 [hotstuff info] 0.666494
2022-01-13 00:37:49.247522 [hotstuff info] 0.666497
2022-01-13 00:37:49.247529 [hotstuff info] 0.666497
2022-01-13 00:37:49.247536 [hotstuff info] 0.666496
2022-01-13 00:37:49.247543 [hotstuff info] 0.666496
2022-01-13 00:37:49.247551 [hotstuff info] 0.666496
2022-01-13 00:37:49.247557 [hotstuff info] 0.666495
2022-01-13 00:37:49.247564 [hotstuff info] 0.666496
2022-01-13 00:37:49.247571 [hotstuff info] 0.666496
2022-01-13 00:37:49.247577 [hotstuff info] 0.666494
2022-01-13 00:37:49.247584 [hotstuff info] 0.666495
2022-01-13 00:37:49.247590 [hotstuff info] 0.666493
2022-01-13 00:37:49.247596 [hotstuff info] 0.666493
2022-01-13 00:37:49.379646 [hotstuff info] 0.751020
2022-01-13 00:37:49.379676 [hotstuff info] 0.751042
2022-01-13 00:37:49.379688 [hotstuff info] 0.751046
2022-01-13 00:37:49.379827 [hotstuff info] 0.750480
2022-01-13 00:37:49.379845 [hotstuff info] 0.750485
2022-01-13 00:37:49.379854 [hotstuff info] 0.750401
2022-01-13 00:37:49.379860 [hotstuff info] 0.750398
2022-01-13 00:37:49.380019 [hotstuff info] 0.750549
2022-01-13 00:37:49.380043 [hotstuff info] 0.750566
2022-01-13 00:37:49.380054 [hotstuff info] 0.750571
2022-01-13 00:37:49.380066 [hotstuff info] 0.750573
2022-01-13 00:37:49.380076 [hotstuff info] 0.750576
2022-01-13 00:37:49.380087 [hotstuff info] 0.750580
2022-01-13 00:37:49.380097 [hotstuff info] 0.750583
2022-01-13 00:37:49.380109 [hotstuff info] 0.750586
2022-01-13 00:37:49.380120 [hotstuff info] 0.750590
2022-01-13 00:37:49.380131 [hotstuff info] 0.750586
2022-01-13 00:37:49.380142 [hotstuff info] 0.750587
2022-01-13 00:37:49.380150 [hotstuff info] 0.750586
2022-01-13 00:37:49.380156 [hotstuff info] 0.750585
2022-01-13 00:37:49.380164 [hotstuff info] 0.750585
2022-01-13 00:37:49.380170 [hotstuff info] 0.749158
2022-01-13 00:37:49.380177 [hotstuff info] 0.749150
2022-01-13 00:37:49.380184 [hotstuff info] 0.748784
2022-01-13 00:37:49.380191 [hotstuff info] 0.748782
2022-01-13 00:37:49.380197 [hotstuff info] 0.748782
2022-01-13 00:37:49.380204 [hotstuff info] 0.748782
2022-01-13 00:37:49.380211 [hotstuff info] 0.748781
2022-01-13 00:37:49.380216 [hotstuff info] 0.748780
2022-01-13 00:37:49.380223 [hotstuff info] 0.748780
2022-01-13 00:37:49.380230 [hotstuff info] 0.748772
2022-01-13 00:37:49.380237 [hotstuff info] 0.748772
2022-01-13 00:37:49.380244 [hotstuff info] 0.748771
2022-01-13 00:37:49.380250 [hotstuff info] 0.748771
2022-01-13 00:37:49.380605 [hotstuff info] 0.667320
2022-01-13 00:37:49.380627 [hotstuff info] 0.667335
2022-01-13 00:37:49.380636 [hotstuff info] 0.667335
2022-01-13 00:37:49.380643 [hotstuff info] 0.667336
2022-01-13 00:37:49.380655 [hotstuff info] 0.667340
2022-01-13 00:37:49.380666 [hotstuff info] 0.667347
2022-01-13 00:37:49.380678 [hotstuff info] 0.667350
2022-01-13 00:37:49.380688 [hotstuff info] 0.667353
2022-01-13 00:37:49.380698 [hotstuff info] 0.667357
2022-01-13 00:37:49.380709 [hotstuff info] 0.667360
2022-01-13 00:37:49.380721 [hotstuff info] 0.667352
2022-01-13 00:37:49.380731 [hotstuff info] 0.667356
2022-01-13 00:37:49.380742 [hotstuff info] 0.667359
2022-01-13 00:37:49.380753 [hotstuff info] 0.667364
2022-01-13 00:37:49.380764 [hotstuff info] 0.667369
2022-01-13 00:37:49.380773 [hotstuff info] 0.667371
2022-01-13 00:37:49.380780 [hotstuff info] 0.667370
2022-01-13 00:37:49.380787 [hotstuff info] 0.667371
2022-01-13 00:37:49.380794 [hotstuff info] 0.667101
2022-01-13 00:37:49.380800 [hotstuff info] 0.667093
2022-01-13 00:37:49.380807 [hotstuff info] 0.667086
2022-01-13 00:37:49.380813 [hotstuff info] 0.667080
2022-01-13 00:37:49.380820 [hotstuff info] 0.667077
2022-01-13 00:37:49.380827 [hotstuff info] 0.667073
2022-01-13 00:37:49.380834 [hotstuff info] 0.667068
2022-01-13 00:37:49.380840 [hotstuff info] 0.667063
2022-01-13 00:37:49.380847 [hotstuff info] 0.667058
2022-01-13 00:37:49.380853 [hotstuff info] 0.667051
2022-01-13 00:37:49.380861 [hotstuff info] 0.667045
2022-01-13 00:37:49.380867 [hotstuff info] 0.667041
2022-01-13 00:37:49.380873 [hotstuff info] 0.667036
2022-01-13 00:37:49.428089 [hotstuff info] 0.714241
2022-01-13 00:37:49.428112 [hotstuff info] 0.714253
2022-01-13 00:37:49.428122 [hotstuff info] 0.714251
2022-01-13 00:37:49.428129 [hotstuff info] 0.714245
2022-01-13 00:37:49.428135 [hotstuff info] 0.714242
2022-01-13 00:37:49.428141 [hotstuff info] 0.714235
2022-01-13 00:37:49.428148 [hotstuff info] 0.714231
2022-01-13 00:37:49.428156 [hotstuff info] 0.714227
2022-01-13 00:37:49.428163 [hotstuff info] 0.714222
2022-01-13 00:37:49.428357 [hotstuff info] 0.714405
2022-01-13 00:37:49.428376 [hotstuff info] 0.714414
2022-01-13 00:37:49.428388 [hotstuff info] 0.714415
2022-01-13 00:37:49.428397 [hotstuff info] 0.714413
2022-01-13 00:37:49.428409 [hotstuff info] 0.714415
2022-01-13 00:37:49.428417 [hotstuff info] 0.714411
2022-01-13 00:37:49.428423 [hotstuff info] 0.714406
2022-01-13 00:37:49.428783 [hotstuff info] 0.714444
2022-01-13 00:37:49.430170 [hotstuff info] 0.715815
2022-01-13 00:37:49.430190 [hotstuff info] 0.715824
2022-01-13 00:37:49.430200 [hotstuff info] 0.715821
2022-01-13 00:37:49.430210 [hotstuff info] 0.715819
2022-01-13 00:37:49.430217 [hotstuff info] 0.715814
2022-01-13 00:37:49.430223 [hotstuff info] 0.715810
2022-01-13 00:37:49.430231 [hotstuff info] 0.715805
2022-01-13 00:37:49.430237 [hotstuff info] 0.715800
2022-01-13 00:37:49.430244 [hotstuff info] 0.715796
2022-01-13 00:37:49.430251 [hotstuff info] 0.715790
2022-01-13 00:37:49.430750 [hotstuff info] 0.716275
2022-01-13 00:37:49.430767 [hotstuff info] 0.716279
2022-01-13 00:37:49.430776 [hotstuff info] 0.716277
2022-01-13 00:37:49.430782 [hotstuff info] 0.716272
2022-01-13 00:37:49.430790 [hotstuff info] 0.716270
2022-01-13 00:37:49.430797 [hotstuff info] 0.716269
2022-01-13 00:37:49.430804 [hotstuff info] 0.716269
2022-01-13 00:37:49.430811 [hotstuff info] 0.716270
2022-01-13 00:37:49.430818 [hotstuff info] 0.716270
2022-01-13 00:37:49.430824 [hotstuff info] 0.716269
2022-01-13 00:37:49.430831 [hotstuff info] 0.716269
2022-01-13 00:37:49.430837 [hotstuff info] 0.716269
2022-01-13 00:37:49.430844 [hotstuff info] 0.716270
2022-01-13 00:37:49.430851 [hotstuff info] 0.716271
2022-01-13 00:37:49.430874 [hotstuff info] 0.716286
2022-01-13 00:37:49.430880 [hotstuff info] 0.716286
2022-01-13 00:37:49.430887 [hotstuff info] 0.716287
2022-01-13 00:37:49.430894 [hotstuff info] 0.716005
2022-01-13 00:37:49.430901 [hotstuff info] 0.716002
2022-01-13 00:37:49.430907 [hotstuff info] 0.716002
2022-01-13 00:37:49.430915 [hotstuff info] 0.716003
2022-01-13 00:37:49.430920 [hotstuff info] 0.716001
2022-01-13 00:37:49.430927 [hotstuff info] 0.716001
2022-01-13 00:37:49.430933 [hotstuff info] 0.716000
2022-01-13 00:37:49.430940 [hotstuff info] 0.715999
2022-01-13 00:37:49.430946 [hotstuff info] 0.716001
2022-01-13 00:37:49.430953 [hotstuff info] 0.715999
2022-01-13 00:37:49.430958 [hotstuff info] 0.715998
2022-01-13 00:37:49.430965 [hotstuff info] 0.715999
2022-01-13 00:37:49.430971 [hotstuff info] 0.715998
2022-01-13 00:37:49.430978 [hotstuff info] 0.715996
2022-01-13 00:37:49.430984 [hotstuff info] 0.715996
2022-01-13 00:37:49.512774 [hotstuff info] 0.797779
2022-01-13 00:37:49.512796 [hotstuff info] 0.797796
2022-01-13 00:37:49.512805 [hotstuff info] 0.797796
2022-01-13 00:37:49.512964 [hotstuff info] 0.750990
2022-01-13 00:37:49.512992 [hotstuff info] 0.751004
2022-01-13 00:37:49.513131 [hotstuff info] 0.750799
2022-01-13 00:37:49.513149 [hotstuff info] 0.750807
2022-01-13 00:37:49.513157 [hotstuff info] 0.750788
2022-01-13 00:37:49.513164 [hotstuff info] 0.750787
2022-01-13 00:37:49.513181 [hotstuff info] 0.750796
2022-01-13 00:37:49.513194 [hotstuff info] 0.750802
2022-01-13 00:37:49.513212 [hotstuff info] 0.750813
2022-01-13 00:37:49.513223 [hotstuff info] 0.750814
2022-01-13 00:37:49.513234 [hotstuff info] 0.750814
2022-01-13 00:37:49.513246 [hotstuff info] 0.750814
2022-01-13 00:37:49.513257 [hotstuff info] 0.750811
2022-01-13 00:37:49.513269 [hotstuff info] 0.750816
2022-01-13 00:37:49.513280 [hotstuff info] 0.750821
2022-01-13 00:37:49.513291 [hotstuff info] 0.750826
2022-01-13 00:37:49.513301 [hotstuff info] 0.750829
2022-01-13 00:37:49.913595 [hotstuff info] 0.666576
2022-01-13 00:37:49.913622 [hotstuff info] 0.666594
2022-01-13 00:37:49.913634 [hotstuff info] 0.666599
2022-01-13 00:37:49.913771 [hotstuff info] 0.666730
2022-01-13 00:37:49.913788 [hotstuff info] 0.666738
2022-01-13 00:37:49.913796 [hotstuff info] 0.666740
2022-01-13 00:37:49.913804 [hotstuff info] 0.666572
2022-01-13 00:37:49.913812 [hotstuff info] 0.666571
2022-01-13 00:37:49.913820 [hotstuff info] 0.666571
2022-01-13 00:37:49.913826 [hotstuff info] 0.666571
2022-01-13 00:37:49.913834 [hotstuff info] 0.666572
