2022-01-13 00:37:46.804043 [net info] starting all threads...
2022-01-13 00:37:46.804150 [net warn] ignoring option name in conf file: block-size
2022-01-13 00:37:46.804159 [net warn] ignoring option name in conf file: nworker
2022-01-13 00:37:46.804163 [net warn] ignoring option name in conf file: repnworker
2022-01-13 00:37:46.804167 [net warn] ignoring option name in conf file: clinworker
2022-01-13 00:37:46.804171 [net warn] ignoring option name in conf file: repburst
2022-01-13 00:37:46.804175 [net warn] ignoring option name in conf file: cliburst
2022-01-13 00:37:46.804179 [net warn] ignoring option name in conf file: pace-maker
2022-01-13 00:37:46.804191 [net info] loaded configuration from hotstuff.conf
2022-01-13 00:37:46.804259 [hotstuff info] nfaulty = 3
2022-01-13 00:37:46.804482 [net info] created <Conn fd=11 addr=<NetAddr 18.188.17.142:20000> mode=active>
2022-01-13 00:37:46.804692 [net info] created <Conn fd=19 addr=<NetAddr 3.142.114.174:20000> mode=active>
2022-01-13 00:37:46.804714 [net info] connected to remote <Conn fd=11 addr=<NetAddr 18.188.17.142:20000> mode=active>
2022-01-13 00:37:46.804883 [net info] created <Conn fd=21 addr=<NetAddr 52.79.253.61:20000> mode=active>
2022-01-13 00:37:46.805064 [net info] created <Conn fd=23 addr=<NetAddr 3.36.103.56:20000> mode=active>
2022-01-13 00:37:46.805249 [net info] created <Conn fd=25 addr=<NetAddr 54.93.131.236:20000> mode=active>
2022-01-13 00:37:46.805263 [net info] connected to remote <Conn fd=19 addr=<NetAddr 3.142.114.174:20000> mode=active>
2022-01-13 00:37:46.805442 [net info] created <Conn fd=27 addr=<NetAddr 3.120.147.128:20000> mode=active>
2022-01-13 00:37:46.805628 [net info] created <Conn fd=29 addr=<NetAddr 54.215.140.88:20000> mode=active>
2022-01-13 00:37:46.805815 [net info] created <Conn fd=31 addr=<NetAddr 54.193.29.119:20000> mode=active>
2022-01-13 00:37:46.806006 [net info] created <Conn fd=33 addr=<NetAddr 3.112.224.96:20000> mode=active>
2022-01-13 00:37:46.806200 [net info] created <Conn fd=35 addr=<NetAddr 54.95.218.99:20000> mode=active>
2022-01-13 00:37:46.856673 [net info] connected to remote <Conn fd=31 addr=<NetAddr 54.193.29.119:20000> mode=active>
2022-01-13 00:37:46.857235 [net info] connected to remote <Conn fd=29 addr=<NetAddr 54.215.140.88:20000> mode=active>
2022-01-13 00:37:46.905193 [net info] connected to remote <Conn fd=25 addr=<NetAddr 54.93.131.236:20000> mode=active>
2022-01-13 00:37:46.905442 [net info] connected to remote <Conn fd=27 addr=<NetAddr 3.120.147.128:20000> mode=active>
2022-01-13 00:37:46.937970 [net info] connected to remote <Conn fd=35 addr=<NetAddr 54.95.218.99:20000> mode=active>
2022-01-13 00:37:46.938842 [net info] connected to remote <Conn fd=33 addr=<NetAddr 3.112.224.96:20000> mode=active>
2022-01-13 00:37:46.965462 [net info] connected to remote <Conn fd=21 addr=<NetAddr 52.79.253.61:20000> mode=active>
2022-01-13 00:37:46.965789 [net info] connected to remote <Conn fd=23 addr=<NetAddr 3.36.103.56:20000> mode=active>
2022-01-13 00:37:47.513952 [hotstuff info] 0.707711
2022-01-13 00:37:47.513987 [hotstuff info] 0.707735
2022-01-13 00:37:47.513996 [hotstuff info] 0.707735
2022-01-13 00:37:47.514004 [hotstuff info] 0.707733
2022-01-13 00:37:47.514010 [hotstuff info] 0.707730
2022-01-13 00:37:47.514021 [hotstuff info] 0.707733
2022-01-13 00:37:47.514029 [hotstuff info] 0.707731
2022-01-13 00:37:47.514036 [hotstuff info] 0.707728
2022-01-13 00:37:47.514044 [hotstuff info] 0.707726
2022-01-13 00:37:47.514051 [hotstuff info] 0.707724
2022-01-13 00:37:47.514058 [hotstuff info] 0.707722
2022-01-13 00:37:47.514066 [hotstuff info] 0.707719
2022-01-13 00:37:47.514073 [hotstuff info] 0.707718
2022-01-13 00:37:47.514080 [hotstuff info] 0.707715
2022-01-13 00:37:47.514089 [hotstuff info] 0.707715
2022-01-13 00:37:47.514100 [hotstuff info] 0.707718
2022-01-13 00:37:47.514344 [hotstuff info] 0.707952
2022-01-13 00:37:47.514365 [hotstuff info] 0.707962
2022-01-13 00:37:47.514373 [hotstuff info] 0.707961
2022-01-13 00:37:47.514385 [hotstuff info] 0.707959
2022-01-13 00:37:47.514394 [hotstuff info] 0.707964
2022-01-13 00:37:47.514402 [hotstuff info] 0.707963
2022-01-13 00:37:47.514408 [hotstuff info] 0.707961
2022-01-13 00:37:47.514416 [hotstuff info] 0.707959
2022-01-13 00:37:47.514424 [hotstuff info] 0.707958
2022-01-13 00:37:47.514433 [hotstuff info] 0.707954
2022-01-13 00:37:47.514442 [hotstuff info] 0.707954
2022-01-13 00:37:47.514450 [hotstuff info] 0.707953
2022-01-13 00:37:47.514457 [hotstuff info] 0.707950
2022-01-13 00:37:47.514464 [hotstuff info] 0.707948
2022-01-13 00:37:47.514484 [hotstuff info] 0.707959
2022-01-13 00:37:47.514492 [hotstuff info] 0.707957
2022-01-13 00:37:47.514502 [hotstuff info] 0.707957
2022-01-13 00:37:47.514545 [hotstuff info] 0.707991
2022-01-13 00:37:47.514555 [hotstuff info] 0.707991
2022-01-13 00:37:47.514561 [hotstuff info] 0.707989
2022-01-13 00:37:47.514568 [hotstuff info] 0.707986
2022-01-13 00:37:47.514574 [hotstuff info] 0.707984
2022-01-13 00:37:47.514581 [hotstuff info] 0.707980
2022-01-13 00:37:47.514587 [hotstuff info] 0.707976
2022-01-13 00:37:47.514593 [hotstuff info] 0.707973
2022-01-13 00:37:47.514600 [hotstuff info] 0.707971
2022-01-13 00:37:47.514606 [hotstuff info] 0.707968
2022-01-13 00:37:47.514612 [hotstuff info] 0.707965
2022-01-13 00:37:47.514619 [hotstuff info] 0.707963
2022-01-13 00:37:47.514625 [hotstuff info] 0.707956
2022-01-13 00:37:47.514633 [hotstuff info] 0.707956
2022-01-13 00:37:47.514642 [hotstuff info] 0.707956
2022-01-13 00:37:47.514653 [hotstuff info] 0.707957
2022-01-13 00:37:47.514664 [hotstuff info] 0.707960
2022-01-13 00:37:47.514676 [hotstuff info] 0.707962
2022-01-13 00:37:47.514683 [hotstuff info] 0.707961
2022-01-13 00:37:47.514697 [hotstuff info] 0.707964
2022-01-13 00:37:47.514711 [hotstuff info] 0.707968
2022-01-13 00:37:47.514734 [hotstuff info] 0.707974
2022-01-13 00:37:47.514746 [hotstuff info] 0.707985
2022-01-13 00:37:47.514767 [hotstuff info] 0.707997
2022-01-13 00:37:47.514777 [hotstuff info] 0.707999
2022-01-13 00:37:47.514789 [hotstuff info] 0.708001
2022-01-13 00:37:47.514800 [hotstuff info] 0.708001
2022-01-13 00:37:47.514817 [hotstuff info] 0.708009
2022-01-13 00:37:47.514833 [hotstuff info] 0.708016
2022-01-13 00:37:47.514844 [hotstuff info] 0.708018
2022-01-13 00:37:47.514881 [hotstuff info] 0.708024
2022-01-13 00:37:47.514898 [hotstuff info] 0.708054
2022-01-13 00:37:47.514919 [hotstuff info] 0.708066
2022-01-13 00:37:47.514929 [hotstuff info] 0.708046
2022-01-13 00:37:47.514940 [hotstuff info] 0.708048
2022-01-13 00:37:47.514950 [hotstuff info] 0.708049
2022-01-13 00:37:47.514960 [hotstuff info] 0.708050
2022-01-13 00:37:47.514971 [hotstuff info] 0.708052
2022-01-13 00:37:47.514982 [hotstuff info] 0.708054
2022-01-13 00:37:47.514993 [hotstuff info] 0.708057
2022-01-13 00:37:47.515003 [hotstuff info] 0.708055
2022-01-13 00:37:47.515021 [hotstuff info] 0.708064
2022-01-13 00:37:47.515040 [hotstuff info] 0.708074
2022-01-13 00:37:47.515051 [hotstuff info] 0.708077
2022-01-13 00:37:47.515069 [hotstuff info] 0.708085
2022-01-13 00:37:47.515077 [hotstuff info] 0.708084
2022-01-13 00:37:47.515082 [hotstuff info] 0.708077
2022-01-13 00:37:47.515089 [hotstuff info] 0.708075
2022-01-13 00:37:47.515100 [hotstuff info] 0.708076
2022-01-13 00:37:47.515111 [hotstuff info] 0.708075
2022-01-13 00:37:47.515118 [hotstuff info] 0.708076
2022-01-13 00:37:47.515125 [hotstuff info] 0.708075
2022-01-13 00:37:47.515132 [hotstuff info] 0.708071
2022-01-13 00:37:47.515140 [hotstuff info] 0.708071
2022-01-13 00:37:47.515147 [hotstuff info] 0.708069
2022-01-13 00:37:47.515155 [hotstuff info] 0.708067
2022-01-13 00:37:47.515168 [hotstuff info] 0.708072
2022-01-13 00:37:47.515177 [hotstuff info] 0.708071
2022-01-13 00:37:47.515184 [hotstuff info] 0.708069
2022-01-13 00:37:47.515196 [hotstuff info] 0.708070
2022-01-13 00:37:47.515206 [hotstuff info] 0.708071
2022-01-13 00:37:47.515212 [hotstuff info] 0.708069
2022-01-13 00:37:47.515223 [hotstuff info] 0.708070
2022-01-13 00:37:47.515230 [hotstuff info] 0.708068
2022-01-13 00:37:47.515242 [hotstuff info] 0.708072
2022-01-13 00:37:47.561942 [hotstuff info] 0.754761
2022-01-13 00:37:47.561973 [hotstuff info] 0.754784
2022-01-13 00:37:47.561982 [hotstuff info] 0.754782
2022-01-13 00:37:47.561990 [hotstuff info] 0.754782
2022-01-13 00:37:47.561999 [hotstuff info] 0.754781
2022-01-13 00:37:47.562006 [hotstuff info] 0.754781
2022-01-13 00:37:47.562013 [hotstuff info] 0.754779
2022-01-13 00:37:47.562020 [hotstuff info] 0.754777
2022-01-13 00:37:47.562027 [hotstuff info] 0.754775
2022-01-13 00:37:47.562042 [hotstuff info] 0.754778
2022-01-13 00:37:47.562052 [hotstuff info] 0.754780
2022-01-13 00:37:47.562224 [hotstuff info] 0.754942
2022-01-13 00:37:47.562242 [hotstuff info] 0.754951
2022-01-13 00:37:47.562248 [hotstuff info] 0.754948
2022-01-13 00:37:47.562255 [hotstuff info] 0.754946
2022-01-13 00:37:47.562268 [hotstuff info] 0.754950
2022-01-13 00:37:47.563787 [hotstuff info] 0.756458
2022-01-13 00:37:47.563808 [hotstuff info] 0.756470
2022-01-13 00:37:47.563819 [hotstuff info] 0.756472
2022-01-13 00:37:47.563827 [hotstuff info] 0.756471
2022-01-13 00:37:47.563834 [hotstuff info] 0.756469
2022-01-13 00:37:47.563841 [hotstuff info] 0.756469
2022-01-13 00:37:47.563848 [hotstuff info] 0.756467
2022-01-13 00:37:47.563856 [hotstuff info] 0.756463
2022-01-13 00:37:47.563864 [hotstuff info] 0.756462
2022-01-13 00:37:47.563871 [hotstuff info] 0.756460
2022-01-13 00:37:47.563879 [hotstuff info] 0.756458
2022-01-13 00:37:47.563886 [hotstuff info] 0.756456
2022-01-13 00:37:47.563894 [hotstuff info] 0.756455
2022-01-13 00:37:47.565597 [hotstuff info] 0.758150
2022-01-13 00:37:47.565618 [hotstuff info] 0.758159
2022-01-13 00:37:47.565638 [hotstuff info] 0.758170
2022-01-13 00:37:47.565644 [hotstuff info] 0.758168
2022-01-13 00:37:47.565651 [hotstuff info] 0.758166
2022-01-13 00:37:47.565659 [hotstuff info] 0.758164
2022-01-13 00:37:47.565665 [hotstuff info] 0.758161
2022-01-13 00:37:47.565672 [hotstuff info] 0.758160
2022-01-13 00:37:47.565679 [hotstuff info] 0.758155
2022-01-13 00:37:47.565684 [hotstuff info] 0.758152
2022-01-13 00:37:47.565691 [hotstuff info] 0.758150
2022-01-13 00:37:47.565698 [hotstuff info] 0.758148
2022-01-13 00:37:47.565704 [hotstuff info] 0.758145
2022-01-13 00:37:47.565711 [hotstuff info] 0.758143
2022-01-13 00:37:47.565718 [hotstuff info] 0.758141
2022-01-13 00:37:47.565724 [hotstuff info] 0.758133
2022-01-13 00:37:47.565730 [hotstuff info] 0.758130
2022-01-13 00:37:47.565738 [hotstuff info] 0.758128
2022-01-13 00:37:47.565748 [hotstuff info] 0.758129
2022-01-13 00:37:47.565762 [hotstuff info] 0.758135
2022-01-13 00:37:47.565769 [hotstuff info] 0.758132
2022-01-13 00:37:47.565780 [hotstuff info] 0.758134
2022-01-13 00:37:47.565788 [hotstuff info] 0.758131
2022-01-13 00:37:47.565795 [hotstuff info] 0.758130
2022-01-13 00:37:47.565802 [hotstuff info] 0.758127
2022-01-13 00:37:47.565809 [hotstuff info] 0.758126
2022-01-13 00:37:47.565816 [hotstuff info] 0.758123
2022-01-13 00:37:47.565823 [hotstuff info] 0.758121
2022-01-13 00:37:47.565829 [hotstuff info] 0.758118
2022-01-13 00:37:47.565835 [hotstuff info] 0.758113
2022-01-13 00:37:47.565842 [hotstuff info] 0.758111
2022-01-13 00:37:47.565848 [hotstuff info] 0.758109
2022-01-13 00:37:47.565854 [hotstuff info] 0.758106
2022-01-13 00:37:47.565861 [hotstuff info] 0.758104
2022-01-13 00:37:47.565867 [hotstuff info] 0.758101
2022-01-13 00:37:47.565874 [hotstuff info] 0.758099
2022-01-13 00:37:47.565881 [hotstuff info] 0.758096
2022-01-13 00:37:47.565888 [hotstuff info] 0.758092
2022-01-13 00:37:47.565894 [hotstuff info] 0.758089
2022-01-13 00:37:47.565901 [hotstuff info] 0.758087
2022-01-13 00:37:47.565907 [hotstuff info] 0.758081
2022-01-13 00:37:47.565914 [hotstuff info] 0.758078
2022-01-13 00:37:47.565919 [hotstuff info] 0.758074
2022-01-13 00:37:47.565927 [hotstuff info] 0.758072
2022-01-13 00:37:47.565934 [hotstuff info] 0.758070
2022-01-13 00:37:47.565940 [hotstuff info] 0.758068
2022-01-13 00:37:47.565947 [hotstuff info] 0.758065
2022-01-13 00:37:47.565954 [hotstuff info] 0.758063
2022-01-13 00:37:48.047013 [hotstuff info] 0.533026
2022-01-13 00:37:48.047052 [hotstuff info] 0.533057
2022-01-13 00:37:48.047060 [hotstuff info] 0.533058
2022-01-13 00:37:48.047068 [hotstuff info] 0.533058
2022-01-13 00:37:48.047076 [hotstuff info] 0.533055
2022-01-13 00:37:48.047084 [hotstuff info] 0.533057
2022-01-13 00:37:48.047092 [hotstuff info] 0.533058
2022-01-13 00:37:48.047100 [hotstuff info] 0.533057
2022-01-13 00:37:48.047106 [hotstuff info] 0.533057
2022-01-13 00:37:48.047117 [hotstuff info] 0.533060
2022-01-13 00:37:48.047126 [hotstuff info] 0.533062
2022-01-13 00:37:48.047136 [hotstuff info] 0.533063
2022-01-13 00:37:48.047366 [hotstuff info] 0.533282
2022-01-13 00:37:48.047384 [hotstuff info] 0.533295
2022-01-13 00:37:48.047397 [hotstuff info] 0.533297
2022-01-13 00:37:48.047404 [hotstuff info] 0.533291
2022-01-13 00:37:48.047410 [hotstuff info] 0.533047
2022-01-13 00:37:48.047418 [hotstuff info] 0.533046
2022-01-13 00:37:48.047425 [hotstuff info] 0.533046
2022-01-13 00:37:48.047433 [hotstuff info] 0.533041
2022-01-13 00:37:48.047440 [hotstuff info] 0.533040
2022-01-13 00:37:48.047447 [hotstuff info] 0.533040
2022-01-13 00:37:48.047455 [hotstuff info] 0.533040
2022-01-13 00:37:48.047462 [hotstuff info] 0.533039
2022-01-13 00:37:48.047468 [hotstuff info] 0.533035
2022-01-13 00:37:48.047477 [hotstuff info] 0.533035
2022-01-13 00:37:48.047489 [hotstuff info] 0.533040
2022-01-13 00:37:48.047501 [hotstuff info] 0.533045
2022-01-13 00:37:48.047507 [hotstuff info] 0.533044
2022-01-13 00:37:48.047515 [hotstuff info] 0.533031
2022-01-13 00:37:48.047524 [hotstuff info] 0.533034
2022-01-13 00:37:48.047538 [hotstuff info] 0.533037
2022-01-13 00:37:48.047546 [hotstuff info] 0.533003
2022-01-13 00:37:48.047557 [hotstuff info] 0.533003
2022-01-13 00:37:48.047570 [hotstuff info] 0.533009
2022-01-13 00:37:48.047578 [hotstuff info] 0.533010
2022-01-13 00:37:48.047584 [hotstuff info] 0.533010
2022-01-13 00:37:48.047591 [hotstuff info] 0.533010
2022-01-13 00:37:48.047602 [hotstuff info] 0.533016
2022-01-13 00:37:48.047609 [hotstuff info] 0.533017
2022-01-13 00:37:48.047616 [hotstuff info] 0.533018
2022-01-13 00:37:48.047624 [hotstuff info] 0.533018
2022-01-13 00:37:48.047630 [hotstuff info] 0.533019
2022-01-13 00:37:48.047638 [hotstuff info] 0.533020
2022-01-13 00:37:48.047646 [hotstuff info] 0.533022
2022-01-13 00:37:48.047662 [hotstuff info] 0.533030
2022-01-13 00:37:48.047675 [hotstuff info] 0.533034
2022-01-13 00:37:48.047682 [hotstuff info] 0.533031
2022-01-13 00:37:48.047689 [hotstuff info] 0.533026
2022-01-13 00:37:48.047701 [hotstuff info] 0.533026
2022-01-13 00:37:48.047707 [hotstuff info] 0.533024
2022-01-13 00:37:48.047713 [hotstuff info] 0.533018
2022-01-13 00:37:48.047721 [hotstuff info] 0.533011
2022-01-13 00:37:48.047728 [hotstuff info] 0.533004
2022-01-13 00:37:48.047734 [hotstuff info] 0.532989
2022-01-13 00:37:48.047741 [hotstuff info] 0.532975
2022-01-13 00:37:48.047747 [hotstuff info] 0.532971
2022-01-13 00:37:48.047761 [hotstuff info] 0.532974
2022-01-13 00:37:48.047768 [hotstuff info] 0.532969
2022-01-13 00:37:48.047779 [hotstuff info] 0.532963
2022-01-13 00:37:48.048179 [hotstuff info] 0.533347
2022-01-13 00:37:48.098619 [hotstuff info] 0.583776
2022-01-13 00:37:48.098649 [hotstuff info] 0.583791
2022-01-13 00:37:48.098661 [hotstuff info] 0.583764
2022-01-13 00:37:48.098668 [hotstuff info] 0.583754
2022-01-13 00:37:48.098676 [hotstuff info] 0.583749
2022-01-13 00:37:48.098683 [hotstuff info] 0.583745
2022-01-13 00:37:48.098690 [hotstuff info] 0.583742
2022-01-13 00:37:48.098696 [hotstuff info] 0.583738
2022-01-13 00:37:48.098706 [hotstuff info] 0.583736
2022-01-13 00:37:48.098712 [hotstuff info] 0.583731
2022-01-13 00:37:48.098719 [hotstuff info] 0.583727
2022-01-13 00:37:48.098725 [hotstuff info] 0.583723
2022-01-13 00:37:48.098732 [hotstuff info] 0.583720
2022-01-13 00:37:48.098739 [hotstuff info] 0.583701
2022-01-13 00:37:48.098746 [hotstuff info] 0.583696
2022-01-13 00:37:48.098752 [hotstuff info] 0.583684
2022-01-13 00:37:48.098759 [hotstuff info] 0.583683
2022-01-13 00:37:48.098765 [hotstuff info] 0.583683
2022-01-13 00:37:48.098772 [hotstuff info] 0.583684
2022-01-13 00:37:48.098780 [hotstuff info] 0.583681
2022-01-13 00:37:48.098786 [hotstuff info] 0.583680
2022-01-13 00:37:48.098809 [hotstuff info] 0.583692
2022-01-13 00:37:48.098816 [hotstuff info] 0.583692
2022-01-13 00:37:48.098822 [hotstuff info] 0.583691
2022-01-13 00:37:48.098828 [hotstuff info] 0.583689
2022-01-13 00:37:48.098835 [hotstuff info] 0.583688
2022-01-13 00:37:48.098842 [hotstuff info] 0.583688
2022-01-13 00:37:48.098848 [hotstuff info] 0.583680
2022-01-13 00:37:48.098854 [hotstuff info] 0.583679
2022-01-13 00:37:48.098873 [hotstuff info] 0.583691
2022-01-13 00:37:48.098880 [hotstuff info] 0.583685
2022-01-13 00:37:48.098886 [hotstuff info] 0.583682
2022-01-13 00:37:48.098893 [hotstuff info] 0.583681
2022-01-13 00:37:48.098899 [hotstuff info] 0.583681
2022-01-13 00:37:48.098907 [hotstuff info] 0.583677
2022-01-13 00:37:48.098913 [hotstuff info] 0.583671
2022-01-13 00:37:48.098920 [hotstuff info] 0.583669
2022-01-13 00:37:48.180292 [hotstuff info] 0.618320
2022-01-13 00:37:48.180328 [hotstuff info] 0.618347
2022-01-13 00:37:48.180350 [hotstuff info] 0.618362
2022-01-13 00:37:48.180357 [hotstuff info] 0.618359
2022-01-13 00:37:48.180369 [hotstuff info] 0.618363
2022-01-13 00:37:48.180380 [hotstuff info] 0.618367
2022-01-13 00:37:48.180387 [hotstuff info] 0.618367
2022-01-13 00:37:48.180394 [hotstuff info] 0.618369
2022-01-13 00:37:48.180586 [hotstuff info] 0.618545
2022-01-13 00:37:48.180606 [hotstuff info] 0.618554
2022-01-13 00:37:48.180613 [hotstuff info] 0.618555
2022-01-13 00:37:48.180620 [hotstuff info] 0.618380
2022-01-13 00:37:48.180634 [hotstuff info] 0.618387
2022-01-13 00:37:48.180643 [hotstuff info] 0.618390
2022-01-13 00:37:48.180653 [hotstuff info] 0.618386
2022-01-13 00:37:48.180662 [hotstuff info] 0.618377
2022-01-13 00:37:48.180668 [hotstuff info] 0.616861
2022-01-13 00:37:48.180676 [hotstuff info] 0.616858
2022-01-13 00:37:48.180692 [hotstuff info] 0.616868
2022-01-13 00:37:48.180702 [hotstuff info] 0.616870
2022-01-13 00:37:48.180724 [hotstuff info] 0.616884
2022-01-13 00:37:48.180731 [hotstuff info] 0.616883
2022-01-13 00:37:48.180744 [hotstuff info] 0.616889
2022-01-13 00:37:48.180752 [hotstuff info] 0.616889
2022-01-13 00:37:48.180758 [hotstuff info] 0.616887
2022-01-13 00:37:48.180766 [hotstuff info] 0.616889
2022-01-13 00:37:48.180773 [hotstuff info] 0.616888
2022-01-13 00:37:48.180780 [hotstuff info] 0.616887
2022-01-13 00:37:48.180787 [hotstuff info] 0.616888
2022-01-13 00:37:48.180794 [hotstuff info] 0.615177
2022-01-13 00:37:48.180807 [hotstuff info] 0.615171
2022-01-13 00:37:48.180818 [hotstuff info] 0.615174
2022-01-13 00:37:48.180825 [hotstuff info] 0.615174
2022-01-13 00:37:48.180831 [hotstuff info] 0.615174
2022-01-13 00:37:48.180837 [hotstuff info] 0.615173
2022-01-13 00:37:48.180851 [hotstuff info] 0.615180
2022-01-13 00:37:48.180862 [hotstuff info] 0.615184
2022-01-13 00:37:48.180873 [hotstuff info] 0.615185
2022-01-13 00:37:48.180882 [hotstuff info] 0.615192
2022-01-13 00:37:48.180889 [hotstuff info] 0.615192
2022-01-13 00:37:48.180904 [hotstuff info] 0.615201
2022-01-13 00:37:48.180911 [hotstuff info] 0.615201
2022-01-13 00:37:48.180921 [hotstuff info] 0.615205
2022-01-13 00:37:48.180928 [hotstuff info] 0.615205
2022-01-13 00:37:48.180935 [hotstuff info] 0.615205
2022-01-13 00:37:48.180941 [hotstuff info] 0.615205
2022-01-13 00:37:48.180948 [hotstuff info] 0.615202
2022-01-13 00:37:48.180958 [hotstuff info] 0.615196
2022-01-13 00:37:48.180964 [hotstuff info] 0.615195
2022-01-13 00:37:48.180972 [hotstuff info] 0.615193
2022-01-13 00:37:48.180981 [hotstuff info] 0.615194
2022-01-13 00:37:48.180989 [hotstuff info] 0.615194
2022-01-13 00:37:48.180997 [hotstuff info] 0.615196
2022-01-13 00:37:48.181006 [hotstuff info] 0.615197
2022-01-13 00:37:48.181013 [hotstuff info] 0.615197
2022-01-13 00:37:48.181028 [hotstuff info] 0.615207
2022-01-13 00:37:48.181040 [hotstuff info] 0.615208
2022-01-13 00:37:48.181050 [hotstuff info] 0.615215
2022-01-13 00:37:48.181056 [hotstuff info] 0.615215
2022-01-13 00:37:48.181063 [hotstuff info] 0.615215
2022-01-13 00:37:48.181076 [hotstuff info] 0.615216
2022-01-13 00:37:48.181086 [hotstuff info] 0.615226
2022-01-13 00:37:48.181093 [hotstuff info] 0.615227
2022-01-13 00:37:48.181100 [hotstuff info] 0.615227
2022-01-13 00:37:48.181108 [hotstuff info] 0.615228
2022-01-13 00:37:48.181116 [hotstuff info] 0.615230
2022-01-13 00:37:48.181123 [hotstuff info] 0.615231
2022-01-13 00:37:48.181139 [hotstuff info] 0.615238
2022-01-13 00:37:48.181146 [hotstuff info] 0.615239
2022-01-13 00:37:48.181158 [hotstuff info] 0.615245
2022-01-13 00:37:48.181166 [hotstuff info] 0.615247
2022-01-13 00:37:48.181174 [hotstuff info] 0.615248
2022-01-13 00:37:48.181180 [hotstuff info] 0.615248
2022-01-13 00:37:48.181189 [hotstuff info] 0.615249
2022-01-13 00:37:48.181195 [hotstuff info] 0.615250
2022-01-13 00:37:48.181204 [hotstuff info] 0.615251
2022-01-13 00:37:48.181213 [hotstuff info] 0.615254
2022-01-13 00:37:48.713556 [hotstuff info] 0.666505
2022-01-13 00:37:48.713634 [hotstuff info] 0.666575
2022-01-13 00:37:48.713648 [hotstuff info] 0.666582
2022-01-13 00:37:48.713667 [hotstuff info] 0.666592
2022-01-13 00:37:48.713679 [hotstuff info] 0.666595
2022-01-13 00:37:48.713699 [hotstuff info] 0.666601
2022-01-13 00:37:48.713723 [hotstuff info] 0.666613
2022-01-13 00:37:48.713737 [hotstuff info] 0.666633
2022-01-13 00:37:48.713761 [hotstuff info] 0.666635
2022-01-13 00:37:48.713773 [hotstuff info] 0.666651
2022-01-13 00:37:48.713787 [hotstuff info] 0.666652
2022-01-13 00:37:48.713800 [hotstuff info] 0.666659
2022-01-13 00:37:48.713812 [hotstuff info] 0.666429
2022-01-13 00:37:48.713851 [hotstuff info] 0.666455
2022-01-13 00:37:48.713873 [hotstuff info] 0.666470
2022-01-13 00:37:48.714075 [hotstuff info] 0.666665
2022-01-13 00:37:48.714108 [hotstuff info] 0.666692
2022-01-13 00:37:48.714116 [hotstuff info] 0.666693
2022-01-13 00:37:48.714123 [hotstuff info] 0.666690
2022-01-13 00:37:48.714129 [hotstuff info] 0.666690
2022-01-13 00:37:48.714148 [hotstuff info] 0.666703
2022-01-13 00:37:48.714155 [hotstuff info] 0.666702
2022-01-13 00:37:48.714163 [hotstuff info] 0.666702
2022-01-13 00:37:48.714170 [hotstuff info] 0.666704
2022-01-13 00:37:48.714179 [hotstuff info] 0.666703
2022-01-13 00:37:48.714194 [hotstuff info] 0.666705
2022-01-13 00:37:48.714202 [hotstuff info] 0.666707
2022-01-13 00:37:48.714214 [hotstuff info] 0.666708
2022-01-13 00:37:48.714223 [hotstuff info] 0.666709
2022-01-13 00:37:48.714233 [hotstuff info] 0.666709
2022-01-13 00:37:48.714239 [hotstuff info] 0.666702
2022-01-13 00:37:48.714245 [hotstuff info] 0.666700
2022-01-13 00:37:48.714257 [hotstuff info] 0.666701
2022-01-13 00:37:48.714263 [hotstuff info] 0.666695
2022-01-13 00:37:48.714270 [hotstuff info] 0.666694
2022-01-13 00:37:48.714277 [hotstuff info] 0.666694
2022-01-13 00:37:48.714288 [hotstuff info] 0.666699
2022-01-13 00:37:48.714302 [hotstuff info] 0.666702
2022-01-13 00:37:48.714311 [hotstuff info] 0.666703
2022-01-13 00:37:48.714316 [hotstuff info] 0.666701
2022-01-13 00:37:48.714324 [hotstuff info] 0.666701
2022-01-13 00:37:48.714332 [hotstuff info] 0.666703
2022-01-13 00:37:48.714339 [hotstuff info] 0.666703
2022-01-13 00:37:48.714348 [hotstuff info] 0.666703
2022-01-13 00:37:48.714355 [hotstuff info] 0.666695
2022-01-13 00:37:48.714362 [hotstuff info] 0.666688
2022-01-13 00:37:48.761785 [hotstuff info] 0.714102
2022-01-13 00:37:48.761818 [hotstuff info] 0.714130
2022-01-13 00:37:48.761983 [hotstuff info] 0.714283
2022-01-13 00:37:48.762097 [hotstuff info] 0.714391
2022-01-13 00:37:48.762121 [hotstuff info] 0.714409
2022-01-13 00:37:48.762133 [hotstuff info] 0.714413
2022-01-13 00:37:48.762141 [hotstuff info] 0.714414
2022-01-13 00:37:48.762149 [hotstuff info] 0.714416
2022-01-13 00:37:48.762156 [hotstuff info] 0.714416
2022-01-13 00:37:48.762163 [hotstuff info] 0.714416
2022-01-13 00:37:48.762171 [hotstuff info] 0.714412
2022-01-13 00:37:48.762177 [hotstuff info] 0.714411
2022-01-13 00:37:48.762186 [hotstuff info] 0.714408
2022-01-13 00:37:48.762192 [hotstuff info] 0.714407
2022-01-13 00:37:48.762410 [hotstuff info] 0.714210
2022-01-13 00:37:48.846302 [hotstuff info] 0.747655
2022-01-13 00:37:48.846330 [hotstuff info] 0.747670
2022-01-13 00:37:48.846339 [hotstuff info] 0.747672
2022-01-13 00:37:48.846347 [hotstuff info] 0.747672
2022-01-13 00:37:48.846355 [hotstuff info] 0.747672
2022-01-13 00:37:48.846362 [hotstuff info] 0.747673
2022-01-13 00:37:48.846368 [hotstuff info] 0.747673
2022-01-13 00:37:48.846376 [hotstuff info] 0.747671
2022-01-13 00:37:48.846382 [hotstuff info] 0.747671
2022-01-13 00:37:48.846389 [hotstuff info] 0.747671
2022-01-13 00:37:48.846395 [hotstuff info] 0.747672
2022-01-13 00:37:48.846402 [hotstuff info] 0.747670
2022-01-13 00:37:48.846412 [hotstuff info] 0.747673
2022-01-13 00:37:48.846420 [hotstuff info] 0.747675
2022-01-13 00:37:48.846427 [hotstuff info] 0.747676
2022-01-13 00:37:48.846436 [hotstuff info] 0.747678
2022-01-13 00:37:48.846442 [hotstuff info] 0.747679
2022-01-13 00:37:48.846451 [hotstuff info] 0.747679
2022-01-13 00:37:48.846785 [hotstuff info] 0.748006
2022-01-13 00:37:48.846807 [hotstuff info] 0.748021
2022-01-13 00:37:48.846815 [hotstuff info] 0.748007
2022-01-13 00:37:48.846822 [hotstuff info] 0.748008
2022-01-13 00:37:48.846832 [hotstuff info] 0.748011
2022-01-13 00:37:48.846839 [hotstuff info] 0.748011
2022-01-13 00:37:48.846846 [hotstuff info] 0.748011
2022-01-13 00:37:48.846853 [hotstuff info] 0.748012
2022-01-13 00:37:48.846871 [hotstuff info] 0.748024
2022-01-13 00:37:48.846880 [hotstuff info] 0.748027
2022-01-13 00:37:48.846888 [hotstuff info] 0.748015
2022-01-13 00:37:48.846897 [hotstuff info] 0.748018
2022-01-13 00:37:48.846904 [hotstuff info] 0.748018
2022-01-13 00:37:48.846913 [hotstuff info] 0.748021
2022-01-13 00:37:48.846920 [hotstuff info] 0.748022
2022-01-13 00:37:48.846927 [hotstuff info] 0.748022
2022-01-13 00:37:48.846934 [hotstuff info] 0.748022
2022-01-13 00:37:48.846942 [hotstuff info] 0.748022
2022-01-13 00:37:48.846949 [hotstuff info] 0.748022
2022-01-13 00:37:48.846956 [hotstuff info] 0.666629
2022-01-13 00:37:48.846963 [hotstuff info] 0.666613
2022-01-13 00:37:48.846971 [hotstuff info] 0.666615
2022-01-13 00:37:48.846981 [hotstuff info] 0.666613
2022-01-13 00:37:48.846990 [hotstuff info] 0.666611
2022-01-13 00:37:48.846999 [hotstuff info] 0.666613
2022-01-13 00:37:48.847006 [hotstuff info] 0.666613
2022-01-13 00:37:48.847012 [hotstuff info] 0.666613
2022-01-13 00:37:48.847020 [hotstuff info] 0.666416
2022-01-13 00:37:48.847030 [hotstuff info] 0.666418
2022-01-13 00:37:48.847038 [hotstuff info] 0.666419
2022-01-13 00:37:48.847044 [hotstuff info] 0.666411
2022-01-13 00:37:48.847051 [hotstuff info] 0.666409
2022-01-13 00:37:48.847057 [hotstuff info] 0.666406
2022-01-13 00:37:48.847065 [hotstuff info] 0.666404
2022-01-13 00:37:48.847072 [hotstuff info] 0.666405
2022-01-13 00:37:48.847079 [hotstuff info] 0.666404
2022-01-13 00:37:48.847085 [hotstuff info] 0.666393
2022-01-13 00:37:48.847093 [hotstuff info] 0.666391
2022-01-13 00:37:48.847101 [hotstuff info] 0.666378
2022-01-13 00:37:48.847108 [hotstuff info] 0.666379
2022-01-13 00:37:48.847116 [hotstuff info] 0.666374
2022-01-13 00:37:48.847124 [hotstuff info] 0.666373
2022-01-13 00:37:48.847132 [hotstuff info] 0.666375
2022-01-13 00:37:48.847138 [hotstuff info] 0.666374
2022-01-13 00:37:48.847144 [hotstuff info] 0.666372
2022-01-13 00:37:48.847152 [hotstuff info] 0.666374
2022-01-13 00:37:48.847159 [hotstuff info] 0.666373
2022-01-13 00:37:48.847165 [hotstuff info] 0.666373
2022-01-13 00:37:48.847172 [hotstuff info] 0.666365
2022-01-13 00:37:48.847178 [hotstuff info] 0.666361
2022-01-13 00:37:48.847183 [hotstuff info] 0.666360
2022-01-13 00:37:48.847191 [hotstuff info] 0.666360
2022-01-13 00:37:48.847200 [hotstuff info] 0.666364
2022-01-13 00:37:48.847209 [hotstuff info] 0.666358
2022-01-13 00:37:48.847216 [hotstuff info] 0.666355
2022-01-13 00:37:48.847223 [hotstuff info] 0.666354
2022-01-13 00:37:48.847229 [hotstuff info] 0.666348
2022-01-13 00:37:48.847237 [hotstuff info] 0.666348
2022-01-13 00:37:48.847244 [hotstuff info] 0.666340
2022-01-13 00:37:48.847251 [hotstuff info] 0.666340
2022-01-13 00:37:48.847693 [hotstuff info] 0.666775
2022-01-13 00:37:48.847711 [hotstuff info] 0.666783
2022-01-13 00:37:48.847719 [hotstuff info] 0.666785
2022-01-13 00:37:48.847726 [hotstuff info] 0.666786
2022-01-13 00:37:48.847734 [hotstuff info] 0.666788
2022-01-13 00:37:48.847742 [hotstuff info] 0.666785
2022-01-13 00:37:48.847748 [hotstuff info] 0.666785
2022-01-13 00:37:48.847754 [hotstuff info] 0.666784
2022-01-13 00:37:48.847761 [hotstuff info] 0.666781
2022-01-13 00:37:48.847768 [hotstuff info] 0.666780
2022-01-13 00:37:48.847775 [hotstuff info] 0.666779
2022-01-13 00:37:48.847784 [hotstuff info] 0.666780
2022-01-13 00:37:48.847791 [hotstuff info] 0.666779
2022-01-13 00:37:48.847800 [hotstuff info] 0.666779
2022-01-13 00:37:48.847807 [hotstuff info] 0.666772
2022-01-13 00:37:48.847813 [hotstuff info] 0.666765
2022-01-13 00:37:48.847820 [hotstuff info] 0.666765
2022-01-13 00:37:48.847826 [hotstuff info] 0.666764
2022-01-13 00:37:48.847832 [hotstuff info] 0.666763
2022-01-13 00:37:48.895161 [hotstuff info] 0.714077
2022-01-13 00:37:48.895184 [hotstuff info] 0.714092
2022-01-13 00:37:48.895352 [hotstuff info] 0.714252
2022-01-13 00:37:48.895371 [hotstuff info] 0.714264
2022-01-13 00:37:48.895379 [hotstuff info] 0.714263
2022-01-13 00:37:48.895410 [hotstuff info] 0.714287
2022-01-13 00:37:48.895417 [hotstuff info] 0.714288
2022-01-13 00:37:48.895423 [hotstuff info] 0.714279
2022-01-13 00:37:48.895429 [hotstuff info] 0.714273
2022-01-13 00:37:48.895435 [hotstuff info] 0.714271
2022-01-13 00:37:48.895442 [hotstuff info] 0.714269
2022-01-13 00:37:48.895450 [hotstuff info] 0.714270
2022-01-13 00:37:48.895457 [hotstuff info] 0.714270
2022-01-13 00:37:48.895467 [hotstuff info] 0.714272
2022-01-13 00:37:48.895474 [hotstuff info] 0.714272
2022-01-13 00:37:48.895483 [hotstuff info] 0.714272
2022-01-13 00:37:48.895490 [hotstuff info] 0.714271
2022-01-13 00:37:49.380008 [hotstuff info] 0.666377
2022-01-13 00:37:49.380064 [hotstuff info] 0.666418
2022-01-13 00:37:49.380079 [hotstuff info] 0.666414
2022-01-13 00:37:49.380091 [hotstuff info] 0.666413
2022-01-13 00:37:49.380103 [hotstuff info] 0.666414
2022-01-13 00:37:49.380116 [hotstuff info] 0.666405
2022-01-13 00:37:49.380128 [hotstuff info] 0.666392
2022-01-13 00:37:49.380321 [hotstuff info] 0.666572
2022-01-13 00:37:49.380341 [hotstuff info] 0.666570
2022-01-13 00:37:49.380349 [hotstuff info] 0.666565
2022-01-13 00:37:49.380356 [hotstuff info] 0.666558
2022-01-13 00:37:49.380364 [hotstuff info] 0.666554
2022-01-13 00:37:49.380372 [hotstuff info] 0.666522
2022-01-13 00:37:49.380562 [hotstuff info] 0.666699
2022-01-13 00:37:49.380594 [hotstuff info] 0.666701
2022-01-13 00:37:49.380603 [hotstuff info] 0.666497
2022-01-13 00:37:49.380611 [hotstuff info] 0.666495
2022-01-13 00:37:49.380619 [hotstuff info] 0.666498
2022-01-13 00:37:49.380626 [hotstuff info] 0.666497
2022-01-13 00:37:49.380635 [hotstuff info] 0.666488
2022-01-13 00:37:49.380644 [hotstuff info] 0.666490
2022-01-13 00:37:49.380654 [hotstuff info] 0.666491
2022-01-13 00:37:49.380665 [hotstuff info] 0.666495
2022-01-13 00:37:49.380677 [hotstuff info] 0.666499
2022-01-13 00:37:49.380683 [hotstuff info] 0.666491
2022-01-13 00:37:49.380695 [hotstuff info] 0.666493
2022-01-13 00:37:49.380705 [hotstuff info] 0.666493
2022-01-13 00:37:49.380716 [hotstuff info] 0.666495
2022-01-13 00:37:49.380725 [hotstuff info] 0.666494
2022-01-13 00:37:49.380737 [hotstuff info] 0.666498
2022-01-13 00:37:49.380747 [hotstuff info] 0.666503
2022-01-13 00:37:49.380759 [hotstuff info] 0.666503
2022-01-13 00:37:49.380770 [hotstuff info] 0.666508
2022-01-13 00:37:49.380784 [hotstuff info] 0.666514
2022-01-13 00:37:49.380794 [hotstuff info] 0.666518
2022-01-13 00:37:49.381065 [hotstuff info] 0.666777
2022-01-13 00:37:49.381089 [hotstuff info] 0.666795
2022-01-13 00:37:49.381101 [hotstuff info] 0.666791
2022-01-13 00:37:49.381108 [hotstuff info] 0.666793
2022-01-13 00:37:49.381117 [hotstuff info] 0.666794
2022-01-13 00:37:49.381124 [hotstuff info] 0.666794
2022-01-13 00:37:49.381131 [hotstuff info] 0.666793
2022-01-13 00:37:49.381140 [hotstuff info] 0.666793
2022-01-13 00:37:49.381149 [hotstuff info] 0.666795
2022-01-13 00:37:49.381155 [hotstuff info] 0.666795
2022-01-13 00:37:49.381164 [hotstuff info] 0.666794
2022-01-13 00:37:49.512665 [hotstuff info] 0.750849
2022-01-13 00:37:49.512693 [hotstuff info] 0.750869
2022-01-13 00:37:49.512887 [hotstuff info] 0.750878
2022-01-13 00:37:49.512905 [hotstuff info] 0.750786
2022-01-13 00:37:49.512912 [hotstuff info] 0.750781
2022-01-13 00:37:49.512919 [hotstuff info] 0.750780
2022-01-13 00:37:49.512926 [hotstuff info] 0.750779
2022-01-13 00:37:49.512934 [hotstuff info] 0.750780
2022-01-13 00:37:49.512944 [hotstuff info] 0.750783
2022-01-13 00:37:49.512955 [hotstuff info] 0.750785
2022-01-13 00:37:49.512965 [hotstuff info] 0.750789
2022-01-13 00:37:49.513189 [hotstuff info] 0.751004
2022-01-13 00:37:49.513211 [hotstuff info] 0.751021
2022-01-13 00:37:49.513225 [hotstuff info] 0.751028
2022-01-13 00:37:49.513236 [hotstuff info] 0.750800
2022-01-13 00:37:49.513248 [hotstuff info] 0.666919
2022-01-13 00:37:49.513259 [hotstuff info] 0.666921
2022-01-13 00:37:49.513270 [hotstuff info] 0.666924
2022-01-13 00:37:49.513281 [hotstuff info] 0.666928
2022-01-13 00:37:49.513293 [hotstuff info] 0.666931
2022-01-13 00:37:49.513303 [hotstuff info] 0.666936
2022-01-13 00:37:49.513315 [hotstuff info] 0.666941
2022-01-13 00:37:49.513324 [hotstuff info] 0.666942
2022-01-13 00:37:49.513332 [hotstuff info] 0.666944
2022-01-13 00:37:49.513338 [hotstuff info] 0.666944
2022-01-13 00:37:49.513345 [hotstuff info] 0.666944
2022-01-13 00:37:49.513352 [hotstuff info] 0.666941
2022-01-13 00:37:49.513358 [hotstuff info] 0.666940
2022-01-13 00:37:49.513364 [hotstuff info] 0.666939
2022-01-13 00:37:49.513371 [hotstuff info] 0.666937
2022-01-13 00:37:49.513378 [hotstuff info] 0.666936
2022-01-13 00:37:49.513386 [hotstuff info] 0.666936
2022-01-13 00:37:49.513392 [hotstuff info] 0.666933
2022-01-13 00:37:49.513399 [hotstuff info] 0.666593
2022-01-13 00:37:49.513406 [hotstuff info] 0.666592
2022-01-13 00:37:49.513412 [hotstuff info] 0.666591
2022-01-13 00:37:49.513418 [hotstuff info] 0.666587
2022-01-13 00:37:49.513425 [hotstuff info] 0.666587
2022-01-13 00:37:49.513430 [hotstuff info] 0.666586
2022-01-13 00:37:49.513438 [hotstuff info] 0.666585
2022-01-13 00:37:49.513445 [hotstuff info] 0.666575
2022-01-13 00:37:49.513451 [hotstuff info] 0.666571
2022-01-13 00:37:49.513456 [hotstuff info] 0.666570
2022-01-13 00:37:49.513463 [hotstuff info] 0.666567
2022-01-13 00:37:49.513469 [hotstuff info] 0.666566
2022-01-13 00:37:49.513475 [hotstuff info] 0.666563
2022-01-13 00:37:49.513481 [hotstuff info] 0.666562
2022-01-13 00:37:49.513487 [hotstuff info] 0.666560
2022-01-13 00:37:49.513493 [hotstuff info] 0.666561
2022-01-13 00:37:49.513926 [hotstuff info] 0.666985
2022-01-13 00:37:49.513943 [hotstuff info] 0.666995
2022-01-13 00:37:49.513950 [hotstuff info] 0.666996
2022-01-13 00:37:49.513956 [hotstuff info] 0.666995
2022-01-13 00:37:49.513964 [hotstuff info] 0.666994
2022-01-13 00:37:49.513970 [hotstuff info] 0.666991
2022-01-13 00:37:49.513976 [hotstuff info] 0.666988
2022-01-13 00:37:49.513983 [hotstuff info] 0.666986
2022-01-13 00:37:49.513991 [hotstuff info] 0.666985
2022-01-13 00:37:49.513997 [hotstuff info] 0.666985
2022-01-13 00:37:49.514004 [hotstuff info] 0.666985
2022-01-13 00:37:49.514010 [hotstuff info] 0.666981
2022-01-13 00:37:49.514017 [hotstuff info] 0.666980
2022-01-13 00:37:49.514023 [hotstuff info] 0.666980
2022-01-13 00:37:49.514029 [hotstuff info] 0.666980
2022-01-13 00:37:49.514036 [hotstuff info] 0.666980
2022-01-13 00:37:49.514042 [hotstuff info] 0.666979
2022-01-13 00:37:49.514049 [hotstuff info] 0.666977
2022-01-13 00:37:49.514055 [hotstuff info] 0.666977
2022-01-13 00:37:49.514062 [hotstuff info] 0.666977
2022-01-13 00:37:49.514068 [hotstuff info] 0.666976
2022-01-13 00:37:49.514074 [hotstuff info] 0.666974
2022-01-13 00:37:49.514080 [hotstuff info] 0.666973
2022-01-13 00:37:49.514087 [hotstuff info] 0.666973
2022-01-13 00:37:49.514093 [hotstuff info] 0.666970
2022-01-13 00:37:49.514100 [hotstuff info] 0.666969
2022-01-13 00:37:49.514106 [hotstuff info] 0.666969
2022-01-13 00:37:49.514112 [hotstuff info] 0.666970
2022-01-13 00:37:49.514120 [hotstuff info] 0.666968
2022-01-13 00:37:49.514125 [hotstuff info] 0.666968
2022-01-13 00:37:49.514132 [hotstuff info] 0.666967
2022-01-13 00:37:49.514138 [hotstuff info] 0.666968
2022-01-13 00:37:49.514145 [hotstuff info] 0.666968
2022-01-13 00:37:49.514150 [hotstuff info] 0.666967
2022-01-13 00:37:49.514157 [hotstuff info] 0.666967
2022-01-13 00:37:49.514163 [hotstuff info] 0.666964
2022-01-13 00:37:49.514169 [hotstuff info] 0.666961
2022-01-13 00:37:49.514175 [hotstuff info] 0.666960
2022-01-13 00:37:49.514180 [hotstuff info] 0.666959
2022-01-13 00:37:49.514186 [hotstuff info] 0.666957
2022-01-13 00:37:49.514192 [hotstuff info] 0.666956
2022-01-13 00:37:49.514197 [hotstuff info] 0.666955
2022-01-13 00:37:49.514204 [hotstuff info] 0.666954
2022-01-13 00:37:49.514209 [hotstuff info] 0.666951
2022-01-13 00:37:49.514215 [hotstuff info] 0.666506
2022-01-13 00:37:49.514221 [hotstuff info] 0.666504
2022-01-13 00:37:49.514228 [hotstuff info] 0.666502
2022-01-13 00:37:49.514233 [hotstuff info] 0.666500
2022-01-13 00:37:49.514239 [hotstuff info] 0.666499
2022-01-13 00:37:49.514245 [hotstuff info] 0.666498
2022-01-13 00:37:49.514251 [hotstuff info] 0.666498
2022-01-13 00:37:49.514257 [hotstuff info] 0.666497
2022-01-13 00:37:49.514263 [hotstuff info] 0.666496
2022-01-13 00:37:49.514270 [hotstuff info] 0.666496
2022-01-13 00:37:49.514275 [hotstuff info] 0.666492
2022-01-13 00:37:49.514281 [hotstuff info] 0.666491
2022-01-13 00:37:49.514287 [hotstuff info] 0.666488
2022-01-13 00:37:49.514293 [hotstuff info] 0.666488
2022-01-13 00:37:49.514299 [hotstuff info] 0.666486
2022-01-13 00:37:49.514305 [hotstuff info] 0.666487
2022-01-13 00:37:49.514311 [hotstuff info] 0.666487
2022-01-13 00:37:49.514317 [hotstuff info] 0.666486
2022-01-13 00:37:49.514323 [hotstuff info] 0.666487
2022-01-13 00:37:49.514890 [hotstuff info] 0.619707
2022-01-13 00:37:49.514910 [hotstuff info] 0.619716
2022-01-13 00:37:49.645829 [hotstuff info] 0.750459
2022-01-13 00:37:49.645858 [hotstuff info] 0.750481
2022-01-13 00:37:49.645871 [hotstuff info] 0.750462
2022-01-13 00:37:49.645882 [hotstuff info] 0.750465
2022-01-13 00:37:49.645892 [hotstuff info] 0.750470
2022-01-13 00:37:49.645905 [hotstuff info] 0.750476
2022-01-13 00:37:49.645920 [hotstuff info] 0.750485
2022-01-13 00:37:49.645927 [hotstuff info] 0.750487
2022-01-13 00:37:49.645934 [hotstuff info] 0.750486
2022-01-13 00:37:49.645944 [hotstuff info] 0.750487
2022-01-13 00:37:49.646140 [hotstuff info] 0.750675
2022-01-13 00:37:49.646163 [hotstuff info] 0.750690
2022-01-13 00:37:49.646171 [hotstuff info] 0.750689
2022-01-13 00:37:49.646179 [hotstuff info] 0.750689
2022-01-13 00:37:49.646185 [hotstuff info] 0.750689
2022-01-13 00:37:50.046598 [hotstuff info] 0.666551
2022-01-13 00:37:50.046631 [hotstuff info] 0.666555
2022-01-13 00:37:50.046642 [hotstuff info] 0.666552
2022-01-13 00:37:50.046649 [hotstuff info] 0.666547
2022-01-13 00:37:50.046657 [hotstuff info] 0.666542
2022-01-13 00:37:50.046664 [hotstuff info] 0.666537
2022-01-13 00:37:50.046674 [hotstuff info] 0.666534
2022-01-13 00:37:50.046844 [hotstuff info] 0.666504
2022-01-13 00:37:50.046884 [hotstuff info] 0.666536
2022-01-13 00:37:50.046892 [hotstuff info] 0.666538
2022-01-13 00:37:50.046899 [hotstuff info] 0.666536
