2022-01-13 00:37:46.945420 [net info] starting all threads...
2022-01-13 00:37:46.945570 [net warn] ignoring option name in conf file: block-size
2022-01-13 00:37:46.945599 [net warn] ignoring option name in conf file: nworker
2022-01-13 00:37:46.945608 [net warn] ignoring option name in conf file: repnworker
2022-01-13 00:37:46.945623 [net warn] ignoring option name in conf file: clinworker
2022-01-13 00:37:46.945627 [net warn] ignoring option name in conf file: repburst
2022-01-13 00:37:46.945636 [net warn] ignoring option name in conf file: cliburst
2022-01-13 00:37:46.945640 [net warn] ignoring option name in conf file: pace-maker
2022-01-13 00:37:46.945665 [net info] loaded configuration from hotstuff.conf
2022-01-13 00:37:46.945784 [hotstuff info] nfaulty = 3
2022-01-13 00:37:46.946022 [net info] created <Conn fd=11 addr=<NetAddr 18.188.17.142:20000> mode=active>
2022-01-13 00:37:46.946260 [net info] created <Conn fd=19 addr=<NetAddr 3.142.114.174:20000> mode=active>
2022-01-13 00:37:46.946283 [net info] connected to remote <Conn fd=11 addr=<NetAddr 18.188.17.142:20000> mode=active>
2022-01-13 00:37:46.946469 [net info] created <Conn fd=21 addr=<NetAddr 52.79.253.61:20000> mode=active>
2022-01-13 00:37:46.946659 [net info] created <Conn fd=23 addr=<NetAddr 3.36.103.56:20000> mode=active>
2022-01-13 00:37:46.946863 [net info] created <Conn fd=25 addr=<NetAddr 54.93.131.236:20000> mode=active>
2022-01-13 00:37:46.946878 [net info] connected to remote <Conn fd=19 addr=<NetAddr 3.142.114.174:20000> mode=active>
2022-01-13 00:37:46.947069 [net info] created <Conn fd=27 addr=<NetAddr 3.120.147.128:20000> mode=active>
2022-01-13 00:37:46.947236 [net info] created <Conn fd=29 addr=<NetAddr 54.215.140.88:20000> mode=active>
2022-01-13 00:37:46.947412 [net info] created <Conn fd=31 addr=<NetAddr 54.193.29.119:20000> mode=active>
2022-01-13 00:37:46.947593 [net info] created <Conn fd=33 addr=<NetAddr 3.112.224.96:20000> mode=active>
2022-01-13 00:37:46.947769 [net info] created <Conn fd=35 addr=<NetAddr 54.95.218.99:20000> mode=active>
2022-01-13 00:37:46.997126 [net info] connected to remote <Conn fd=31 addr=<NetAddr 54.193.29.119:20000> mode=active>
2022-01-13 00:37:46.997849 [net info] connected to remote <Conn fd=29 addr=<NetAddr 54.215.140.88:20000> mode=active>
2022-01-13 00:37:47.046621 [net info] connected to remote <Conn fd=27 addr=<NetAddr 3.120.147.128:20000> mode=active>
2022-01-13 00:37:47.046647 [net info] connected to remote <Conn fd=25 addr=<NetAddr 54.93.131.236:20000> mode=active>
2022-01-13 00:37:47.077892 [net info] connected to remote <Conn fd=33 addr=<NetAddr 3.112.224.96:20000> mode=active>
2022-01-13 00:37:47.079503 [net info] connected to remote <Conn fd=35 addr=<NetAddr 54.95.218.99:20000> mode=active>
2022-01-13 00:37:47.106087 [net info] connected to remote <Conn fd=21 addr=<NetAddr 52.79.253.61:20000> mode=active>
2022-01-13 00:37:47.106569 [net info] connected to remote <Conn fd=23 addr=<NetAddr 3.36.103.56:20000> mode=active>
2022-01-13 00:37:47.914046 [hotstuff info] 0.966235
2022-01-13 00:37:47.914083 [hotstuff info] 0.966262
2022-01-13 00:37:47.914093 [hotstuff info] 0.966262
2022-01-13 00:37:47.914103 [hotstuff info] 0.966264
2022-01-13 00:37:47.914110 [hotstuff info] 0.966262
2022-01-13 00:37:47.914124 [hotstuff info] 0.966266
2022-01-13 00:37:47.914132 [hotstuff info] 0.966265
2022-01-13 00:37:47.914142 [hotstuff info] 0.966265
2022-01-13 00:37:47.914150 [hotstuff info] 0.966263
2022-01-13 00:37:47.914158 [hotstuff info] 0.966262
2022-01-13 00:37:47.914165 [hotstuff info] 0.966260
2022-01-13 00:37:47.914184 [hotstuff info] 0.966268
2022-01-13 00:37:47.914192 [hotstuff info] 0.966267
2022-01-13 00:37:47.914202 [hotstuff info] 0.966268
2022-01-13 00:37:47.914210 [hotstuff info] 0.966268
2022-01-13 00:37:47.914218 [hotstuff info] 0.966266
2022-01-13 00:37:47.914226 [hotstuff info] 0.966266
2022-01-13 00:37:47.914234 [hotstuff info] 0.966261
2022-01-13 00:37:47.914241 [hotstuff info] 0.966259
2022-01-13 00:37:47.914247 [hotstuff info] 0.966257
2022-01-13 00:37:47.914255 [hotstuff info] 0.966255
2022-01-13 00:37:47.914263 [hotstuff info] 0.966254
2022-01-13 00:37:47.914270 [hotstuff info] 0.966252
2022-01-13 00:37:47.914276 [hotstuff info] 0.966251
2022-01-13 00:37:47.914283 [hotstuff info] 0.966248
2022-01-13 00:37:47.914289 [hotstuff info] 0.966240
2022-01-13 00:37:47.914297 [hotstuff info] 0.966238
2022-01-13 00:37:47.914303 [hotstuff info] 0.966235
2022-01-13 00:37:47.914310 [hotstuff info] 0.966233
2022-01-13 00:37:47.914316 [hotstuff info] 0.966230
2022-01-13 00:37:47.914323 [hotstuff info] 0.966229
2022-01-13 00:37:47.914333 [hotstuff info] 0.966229
2022-01-13 00:37:47.914343 [hotstuff info] 0.966229
2022-01-13 00:37:47.914375 [hotstuff info] 0.966253
2022-01-13 00:37:47.914382 [hotstuff info] 0.966251
2022-01-13 00:37:47.914388 [hotstuff info] 0.966247
2022-01-13 00:37:47.914395 [hotstuff info] 0.966244
2022-01-13 00:37:47.914401 [hotstuff info] 0.966241
2022-01-13 00:37:47.914407 [hotstuff info] 0.966236
2022-01-13 00:37:47.914413 [hotstuff info] 0.966233
2022-01-13 00:37:47.914420 [hotstuff info] 0.966231
2022-01-13 00:37:47.914429 [hotstuff info] 0.966231
2022-01-13 00:37:47.914437 [hotstuff info] 0.966230
2022-01-13 00:37:47.914447 [hotstuff info] 0.966231
2022-01-13 00:37:47.914456 [hotstuff info] 0.966231
2022-01-13 00:37:47.914463 [hotstuff info] 0.966227
2022-01-13 00:37:47.914471 [hotstuff info] 0.966227
2022-01-13 00:37:47.914478 [hotstuff info] 0.966225
2022-01-13 00:37:47.914487 [hotstuff info] 0.966225
2022-01-13 00:37:47.914496 [hotstuff info] 0.966225
2022-01-13 00:37:47.914503 [hotstuff info] 0.966223
2022-01-13 00:37:47.914512 [hotstuff info] 0.966223
2022-01-13 00:37:47.914523 [hotstuff info] 0.966221
2022-01-13 00:37:47.914532 [hotstuff info] 0.966222
2022-01-13 00:37:47.914539 [hotstuff info] 0.966220
2022-01-13 00:37:47.914548 [hotstuff info] 0.966221
2022-01-13 00:37:47.914559 [hotstuff info] 0.966222
2022-01-13 00:37:47.914566 [hotstuff info] 0.966221
2022-01-13 00:37:47.914576 [hotstuff info] 0.966222
2022-01-13 00:37:47.914585 [hotstuff info] 0.966219
2022-01-13 00:37:47.914594 [hotstuff info] 0.966219
2022-01-13 00:37:47.914600 [hotstuff info] 0.966216
2022-01-13 00:37:47.914606 [hotstuff info] 0.966214
2022-01-13 00:37:47.914613 [hotstuff info] 0.966211
2022-01-13 00:37:47.914622 [hotstuff info] 0.966212
2022-01-13 00:37:47.914632 [hotstuff info] 0.966212
2022-01-13 00:37:47.914638 [hotstuff info] 0.966208
2022-01-13 00:37:47.914644 [hotstuff info] 0.966205
2022-01-13 00:37:47.914650 [hotstuff info] 0.966202
2022-01-13 00:37:47.914656 [hotstuff info] 0.966199
2022-01-13 00:37:47.914663 [hotstuff info] 0.966197
2022-01-13 00:37:47.914669 [hotstuff info] 0.966193
2022-01-13 00:37:47.914676 [hotstuff info] 0.966192
2022-01-13 00:37:47.914682 [hotstuff info] 0.966187
2022-01-13 00:37:47.914689 [hotstuff info] 0.966184
2022-01-13 00:37:47.914695 [hotstuff info] 0.966181
2022-01-13 00:37:47.914702 [hotstuff info] 0.966179
2022-01-13 00:37:47.914708 [hotstuff info] 0.966177
2022-01-13 00:37:47.914716 [hotstuff info] 0.966175
2022-01-13 00:37:47.914722 [hotstuff info] 0.966169
2022-01-13 00:37:47.914730 [hotstuff info] 0.966168
2022-01-13 00:37:47.961834 [hotstuff info] 1.013262
2022-01-13 00:37:47.961857 [hotstuff info] 1.013276
2022-01-13 00:37:47.961869 [hotstuff info] 1.013279
2022-01-13 00:37:47.961882 [hotstuff info] 1.013284
2022-01-13 00:37:47.961894 [hotstuff info] 1.013285
2022-01-13 00:37:47.961906 [hotstuff info] 1.013289
2022-01-13 00:37:47.961917 [hotstuff info] 1.013290
2022-01-13 00:37:47.961929 [hotstuff info] 1.013293
2022-01-13 00:37:47.961941 [hotstuff info] 1.013296
2022-01-13 00:37:47.961952 [hotstuff info] 1.013299
2022-01-13 00:37:47.961965 [hotstuff info] 1.013302
2022-01-13 00:37:47.961976 [hotstuff info] 1.013302
2022-01-13 00:37:47.961987 [hotstuff info] 1.013304
2022-01-13 00:37:47.961999 [hotstuff info] 1.013307
2022-01-13 00:37:47.962010 [hotstuff info] 1.013309
2022-01-13 00:37:47.962023 [hotstuff info] 1.013313
2022-01-13 00:37:47.962035 [hotstuff info] 1.013316
2022-01-13 00:37:47.962048 [hotstuff info] 1.013320
2022-01-13 00:37:47.962059 [hotstuff info] 1.013322
2022-01-13 00:37:47.962072 [hotstuff info] 1.013326
2022-01-13 00:37:47.962084 [hotstuff info] 1.013328
2022-01-13 00:37:47.962095 [hotstuff info] 1.013330
2022-01-13 00:37:47.962106 [hotstuff info] 1.013333
2022-01-13 00:37:47.962117 [hotstuff info] 1.013335
2022-01-13 00:37:47.962128 [hotstuff info] 1.013337
2022-01-13 00:37:47.962473 [hotstuff info] 1.013672
2022-01-13 00:37:47.962492 [hotstuff info] 1.013682
2022-01-13 00:37:47.962508 [hotstuff info] 1.013687
2022-01-13 00:37:47.962520 [hotstuff info] 1.013691
2022-01-13 00:37:47.962532 [hotstuff info] 1.013694
2022-01-13 00:37:47.962543 [hotstuff info] 1.013696
2022-01-13 00:37:47.962925 [hotstuff info] 1.014068
2022-01-13 00:37:47.962938 [hotstuff info] 1.014074
2022-01-13 00:37:47.962945 [hotstuff info] 1.014070
2022-01-13 00:37:47.962952 [hotstuff info] 1.014067
2022-01-13 00:37:47.962958 [hotstuff info] 1.014065
2022-01-13 00:37:47.962965 [hotstuff info] 1.014062
2022-01-13 00:37:47.962973 [hotstuff info] 1.014061
2022-01-13 00:37:47.962979 [hotstuff info] 1.014059
2022-01-13 00:37:47.964641 [hotstuff info] 1.015711
2022-01-13 00:37:47.964662 [hotstuff info] 1.015721
2022-01-13 00:37:47.964669 [hotstuff info] 1.015720
2022-01-13 00:37:47.964676 [hotstuff info] 1.015718
2022-01-13 00:37:47.964685 [hotstuff info] 1.015716
2022-01-13 00:37:47.964692 [hotstuff info] 1.015715
2022-01-13 00:37:47.964699 [hotstuff info] 1.015713
2022-01-13 00:37:47.964707 [hotstuff info] 1.015711
2022-01-13 00:37:47.964715 [hotstuff info] 1.015709
2022-01-13 00:37:47.964745 [hotstuff info] 1.015730
2022-01-13 00:37:47.964755 [hotstuff info] 1.015730
2022-01-13 00:37:47.964762 [hotstuff info] 1.015729
2022-01-13 00:37:47.964770 [hotstuff info] 1.015727
2022-01-13 00:37:47.964777 [hotstuff info] 1.015725
2022-01-13 00:37:47.964784 [hotstuff info] 1.015724
2022-01-13 00:37:47.964791 [hotstuff info] 1.015721
2022-01-13 00:37:47.964798 [hotstuff info] 1.015717
2022-01-13 00:37:47.964804 [hotstuff info] 1.015714
2022-01-13 00:37:47.964811 [hotstuff info] 1.015712
2022-01-13 00:37:47.964819 [hotstuff info] 1.015711
2022-01-13 00:37:47.964826 [hotstuff info] 1.015711
2022-01-13 00:37:47.964834 [hotstuff info] 1.015709
2022-01-13 00:37:47.964842 [hotstuff info] 1.015703
2022-01-13 00:37:47.964848 [hotstuff info] 1.015701
2022-01-13 00:37:47.964856 [hotstuff info] 1.015699
2022-01-13 00:37:47.964862 [hotstuff info] 1.015697
2022-01-13 00:37:47.964870 [hotstuff info] 1.015695
2022-01-13 00:37:47.964876 [hotstuff info] 1.015693
2022-01-13 00:37:47.964885 [hotstuff info] 1.015692
2022-01-13 00:37:47.964892 [hotstuff info] 1.015688
2022-01-13 00:37:47.964899 [hotstuff info] 1.015686
2022-01-13 00:37:47.964906 [hotstuff info] 1.015684
2022-01-13 00:37:47.964916 [hotstuff info] 1.015685
2022-01-13 00:37:47.964922 [hotstuff info] 1.015683
2022-01-13 00:37:47.964932 [hotstuff info] 1.015683
2022-01-13 00:37:47.964940 [hotstuff info] 1.015682
2022-01-13 00:37:47.964949 [hotstuff info] 1.015680
2022-01-13 00:37:47.964959 [hotstuff info] 1.015681
2022-01-13 00:37:47.964969 [hotstuff info] 1.015683
2022-01-13 00:37:47.964977 [hotstuff info] 1.015681
2022-01-13 00:37:47.964985 [hotstuff info] 1.015680
2022-01-13 00:37:47.964994 [hotstuff info] 1.015681
2022-01-13 00:37:47.965004 [hotstuff info] 1.015682
2022-01-13 00:37:47.965013 [hotstuff info] 1.015682
2022-01-13 00:37:47.965025 [hotstuff info] 1.015683
2022-01-13 00:37:47.965035 [hotstuff info] 1.015684
2022-01-13 00:37:47.965042 [hotstuff info] 1.015682
2022-01-13 00:37:47.965048 [hotstuff info] 1.015675
2022-01-13 00:37:47.965055 [hotstuff info] 1.015672
2022-01-13 00:37:47.965061 [hotstuff info] 1.015670
2022-01-13 00:37:47.965068 [hotstuff info] 1.015668
2022-01-13 00:37:47.965075 [hotstuff info] 1.015665
2022-01-13 00:37:47.965083 [hotstuff info] 1.015664
2022-01-13 00:37:47.965089 [hotstuff info] 1.015662
2022-01-13 00:37:47.965097 [hotstuff info] 1.015660
2022-01-13 00:37:48.581275 [hotstuff info] 0.667193
2022-01-13 00:37:48.581313 [hotstuff info] 0.667221
2022-01-13 00:37:48.581326 [hotstuff info] 0.667223
2022-01-13 00:37:48.581341 [hotstuff info] 0.667231
2022-01-13 00:37:48.581353 [hotstuff info] 0.667230
2022-01-13 00:37:48.581368 [hotstuff info] 0.667237
2022-01-13 00:37:48.581380 [hotstuff info] 0.667240
2022-01-13 00:37:48.581395 [hotstuff info] 0.667246
2022-01-13 00:37:48.581408 [hotstuff info] 0.667252
2022-01-13 00:37:48.581421 [hotstuff info] 0.667257
2022-01-13 00:37:48.581434 [hotstuff info] 0.667251
2022-01-13 00:37:48.581448 [hotstuff info] 0.667257
2022-01-13 00:37:48.581460 [hotstuff info] 0.667259
2022-01-13 00:37:48.581473 [hotstuff info] 0.667263
2022-01-13 00:37:48.581485 [hotstuff info] 0.667268
2022-01-13 00:37:48.581495 [hotstuff info] 0.667269
2022-01-13 00:37:48.581508 [hotstuff info] 0.667275
2022-01-13 00:37:48.581521 [hotstuff info] 0.667281
2022-01-13 00:37:48.581532 [hotstuff info] 0.667286
2022-01-13 00:37:48.581546 [hotstuff info] 0.667293
2022-01-13 00:37:48.581559 [hotstuff info] 0.667298
2022-01-13 00:37:48.581574 [hotstuff info] 0.667305
2022-01-13 00:37:48.581587 [hotstuff info] 0.667311
2022-01-13 00:37:48.581600 [hotstuff info] 0.667318
2022-01-13 00:37:48.581612 [hotstuff info] 0.667323
2022-01-13 00:37:48.581626 [hotstuff info] 0.667330
2022-01-13 00:37:48.581875 [hotstuff info] 0.667573
2022-01-13 00:37:48.581903 [hotstuff info] 0.667595
2022-01-13 00:37:48.581920 [hotstuff info] 0.667605
2022-01-13 00:37:48.581934 [hotstuff info] 0.667611
2022-01-13 00:37:48.581947 [hotstuff info] 0.667617
2022-01-13 00:37:48.581961 [hotstuff info] 0.667620
2022-01-13 00:37:48.581976 [hotstuff info] 0.667601
2022-01-13 00:37:48.581986 [hotstuff info] 0.667605
2022-01-13 00:37:48.581997 [hotstuff info] 0.667609
2022-01-13 00:37:48.582010 [hotstuff info] 0.667616
2022-01-13 00:37:48.582019 [hotstuff info] 0.667619
2022-01-13 00:37:48.582029 [hotstuff info] 0.667622
2022-01-13 00:37:48.582036 [hotstuff info] 0.667623
2022-01-13 00:37:48.582043 [hotstuff info] 0.667624
2022-01-13 00:37:48.582053 [hotstuff info] 0.667625
2022-01-13 00:37:48.582063 [hotstuff info] 0.667626
2022-01-13 00:37:48.582072 [hotstuff info] 0.667626
2022-01-13 00:37:48.582080 [hotstuff info] 0.667626
2022-01-13 00:37:48.582090 [hotstuff info] 0.667628
2022-01-13 00:37:48.582097 [hotstuff info] 0.667626
2022-01-13 00:37:48.582103 [hotstuff info] 0.667627
2022-01-13 00:37:48.582112 [hotstuff info] 0.667627
2022-01-13 00:37:48.582118 [hotstuff info] 0.667623
2022-01-13 00:37:48.582126 [hotstuff info] 0.667624
2022-01-13 00:37:48.582133 [hotstuff info] 0.667622
2022-01-13 00:37:48.582139 [hotstuff info] 0.667619
2022-01-13 00:37:48.582147 [hotstuff info] 0.667616
2022-01-13 00:37:48.582158 [hotstuff info] 0.667620
2022-01-13 00:37:48.582164 [hotstuff info] 0.667618
2022-01-13 00:37:48.582189 [hotstuff info] 0.667633
2022-01-13 00:37:48.582199 [hotstuff info] 0.667634
2022-01-13 00:37:48.582207 [hotstuff info] 0.667633
2022-01-13 00:37:48.582214 [hotstuff info] 0.667630
2022-01-13 00:37:48.582225 [hotstuff info] 0.667632
2022-01-13 00:37:48.582235 [hotstuff info] 0.667636
2022-01-13 00:37:48.629299 [hotstuff info] 0.714692
2022-01-13 00:37:48.629325 [hotstuff info] 0.714713
2022-01-13 00:37:48.629339 [hotstuff info] 0.714718
2022-01-13 00:37:48.629352 [hotstuff info] 0.714721
2022-01-13 00:37:48.629364 [hotstuff info] 0.714726
2022-01-13 00:37:48.629376 [hotstuff info] 0.714732
2022-01-13 00:37:48.629389 [hotstuff info] 0.714740
2022-01-13 00:37:48.629403 [hotstuff info] 0.714747
2022-01-13 00:37:48.629416 [hotstuff info] 0.714753
2022-01-13 00:37:48.629428 [hotstuff info] 0.714760
2022-01-13 00:37:48.629440 [hotstuff info] 0.714765
2022-01-13 00:37:48.630096 [hotstuff info] 0.715415
2022-01-13 00:37:48.630111 [hotstuff info] 0.715424
2022-01-13 00:37:48.630118 [hotstuff info] 0.715424
2022-01-13 00:37:48.630125 [hotstuff info] 0.715424
2022-01-13 00:37:48.630132 [hotstuff info] 0.715424
2022-01-13 00:37:48.630138 [hotstuff info] 0.715423
2022-01-13 00:37:48.630146 [hotstuff info] 0.715425
2022-01-13 00:37:48.630153 [hotstuff info] 0.715425
2022-01-13 00:37:48.630161 [hotstuff info] 0.715426
2022-01-13 00:37:48.631891 [hotstuff info] 0.670035
2022-01-13 00:37:48.631932 [hotstuff info] 0.670065
2022-01-13 00:37:48.631941 [hotstuff info] 0.670061
2022-01-13 00:37:48.631948 [hotstuff info] 0.670055
2022-01-13 00:37:48.631954 [hotstuff info] 0.670049
2022-01-13 00:37:48.631961 [hotstuff info] 0.670046
2022-01-13 00:37:48.631967 [hotstuff info] 0.670039
2022-01-13 00:37:48.631974 [hotstuff info] 0.670035
2022-01-13 00:37:48.631981 [hotstuff info] 0.670030
2022-01-13 00:37:48.631987 [hotstuff info] 0.670023
2022-01-13 00:37:48.631995 [hotstuff info] 0.670020
2022-01-13 00:37:48.632001 [hotstuff info] 0.670017
2022-01-13 00:37:48.632009 [hotstuff info] 0.670012
2022-01-13 00:37:48.632015 [hotstuff info] 0.670006
2022-01-13 00:37:48.632022 [hotstuff info] 0.670000
2022-01-13 00:37:48.632028 [hotstuff info] 0.669994
2022-01-13 00:37:48.632034 [hotstuff info] 0.669987
2022-01-13 00:37:48.632041 [hotstuff info] 0.669983
2022-01-13 00:37:48.632048 [hotstuff info] 0.669978
2022-01-13 00:37:48.632058 [hotstuff info] 0.669976
2022-01-13 00:37:48.632068 [hotstuff info] 0.669973
2022-01-13 00:37:48.632079 [hotstuff info] 0.669975
2022-01-13 00:37:48.632089 [hotstuff info] 0.669973
2022-01-13 00:37:48.632101 [hotstuff info] 0.669974
2022-01-13 00:37:48.632111 [hotstuff info] 0.669970
2022-01-13 00:37:48.632117 [hotstuff info] 0.669626
2022-01-13 00:37:48.632124 [hotstuff info] 0.669618
2022-01-13 00:37:48.632131 [hotstuff info] 0.669612
2022-01-13 00:37:48.632138 [hotstuff info] 0.669607
2022-01-13 00:37:48.632144 [hotstuff info] 0.669603
2022-01-13 00:37:48.632151 [hotstuff info] 0.669598
2022-01-13 00:37:48.632160 [hotstuff info] 0.669222
2022-01-13 00:37:48.632170 [hotstuff info] 0.669226
2022-01-13 00:37:48.632177 [hotstuff info] 0.669226
2022-01-13 00:37:48.632186 [hotstuff info] 0.669228
2022-01-13 00:37:48.632196 [hotstuff info] 0.669233
2022-01-13 00:37:48.632205 [hotstuff info] 0.669232
2022-01-13 00:37:48.632211 [hotstuff info] 0.669233
2022-01-13 00:37:48.632219 [hotstuff info] 0.669232
2022-01-13 00:37:48.714096 [hotstuff info] 0.749435
2022-01-13 00:37:48.714118 [hotstuff info] 0.749450
2022-01-13 00:37:48.714126 [hotstuff info] 0.749451
2022-01-13 00:37:48.714133 [hotstuff info] 0.749450
2022-01-13 00:37:48.714140 [hotstuff info] 0.749449
2022-01-13 00:37:48.714147 [hotstuff info] 0.749449
2022-01-13 00:37:48.714154 [hotstuff info] 0.749447
2022-01-13 00:37:48.714161 [hotstuff info] 0.749446
2022-01-13 00:37:48.714167 [hotstuff info] 0.749422
2022-01-13 00:37:48.714186 [hotstuff info] 0.749432
2022-01-13 00:37:48.714192 [hotstuff info] 0.749430
2022-01-13 00:37:48.714200 [hotstuff info] 0.749431
2022-01-13 00:37:48.714206 [hotstuff info] 0.749430
2022-01-13 00:37:48.714213 [hotstuff info] 0.749429
2022-01-13 00:37:48.714220 [hotstuff info] 0.749430
2022-01-13 00:37:48.714228 [hotstuff info] 0.749431
2022-01-13 00:37:48.714235 [hotstuff info] 0.749432
2022-01-13 00:37:48.714243 [hotstuff info] 0.749433
2022-01-13 00:37:48.714249 [hotstuff info] 0.749431
2022-01-13 00:37:48.714256 [hotstuff info] 0.749430
2022-01-13 00:37:48.714536 [hotstuff info] 0.749703
2022-01-13 00:37:48.714554 [hotstuff info] 0.749714
2022-01-13 00:37:48.714563 [hotstuff info] 0.749715
2022-01-13 00:37:48.714571 [hotstuff info] 0.749716
2022-01-13 00:37:48.714578 [hotstuff info] 0.749716
2022-01-13 00:37:48.714586 [hotstuff info] 0.749718
2022-01-13 00:37:48.714593 [hotstuff info] 0.749717
2022-01-13 00:37:48.714600 [hotstuff info] 0.749717
2022-01-13 00:37:48.714607 [hotstuff info] 0.749716
2022-01-13 00:37:48.714618 [hotstuff info] 0.749721
2022-01-13 00:37:48.714624 [hotstuff info] 0.749720
2022-01-13 00:37:48.714636 [hotstuff info] 0.749721
2022-01-13 00:37:48.714643 [hotstuff info] 0.749721
2022-01-13 00:37:48.714649 [hotstuff info] 0.749719
2022-01-13 00:37:48.714657 [hotstuff info] 0.749718
2022-01-13 00:37:48.714664 [hotstuff info] 0.749717
2022-01-13 00:37:48.714670 [hotstuff info] 0.749713
2022-01-13 00:37:48.714678 [hotstuff info] 0.749711
2022-01-13 00:37:48.714685 [hotstuff info] 0.749709
2022-01-13 00:37:48.714692 [hotstuff info] 0.749708
2022-01-13 00:37:48.714699 [hotstuff info] 0.749706
2022-01-13 00:37:48.714707 [hotstuff info] 0.749704
2022-01-13 00:37:48.714714 [hotstuff info] 0.749704
2022-01-13 00:37:48.714721 [hotstuff info] 0.749698
2022-01-13 00:37:48.714727 [hotstuff info] 0.749694
2022-01-13 00:37:48.714734 [hotstuff info] 0.749694
2022-01-13 00:37:48.714741 [hotstuff info] 0.749693
2022-01-13 00:37:48.714748 [hotstuff info] 0.749694
2022-01-13 00:37:48.714754 [hotstuff info] 0.749693
2022-01-13 00:37:48.714761 [hotstuff info] 0.749693
2022-01-13 00:37:48.714767 [hotstuff info] 0.749694
2022-01-13 00:37:48.714774 [hotstuff info] 0.749693
2022-01-13 00:37:48.714781 [hotstuff info] 0.749692
2022-01-13 00:37:48.714787 [hotstuff info] 0.749691
2022-01-13 00:37:48.714794 [hotstuff info] 0.749691
2022-01-13 00:37:49.247679 [hotstuff info] 0.666368
2022-01-13 00:37:49.247721 [hotstuff info] 0.666397
2022-01-13 00:37:49.247738 [hotstuff info] 0.666399
2022-01-13 00:37:49.247752 [hotstuff info] 0.666400
2022-01-13 00:37:49.247766 [hotstuff info] 0.666400
2022-01-13 00:37:49.247779 [hotstuff info] 0.666400
2022-01-13 00:37:49.247791 [hotstuff info] 0.666398
2022-01-13 00:37:49.247978 [hotstuff info] 0.666571
2022-01-13 00:37:49.248003 [hotstuff info] 0.666583
2022-01-13 00:37:49.248012 [hotstuff info] 0.666580
2022-01-13 00:37:49.248019 [hotstuff info] 0.666573
2022-01-13 00:37:49.248026 [hotstuff info] 0.666568
2022-01-13 00:37:49.248036 [hotstuff info] 0.666566
2022-01-13 00:37:49.248047 [hotstuff info] 0.666563
2022-01-13 00:37:49.248056 [hotstuff info] 0.666563
2022-01-13 00:37:49.248062 [hotstuff info] 0.666557
2022-01-13 00:37:49.248073 [hotstuff info] 0.666553
2022-01-13 00:37:49.248083 [hotstuff info] 0.666552
2022-01-13 00:37:49.248093 [hotstuff info] 0.666548
2022-01-13 00:37:49.248101 [hotstuff info] 0.666543
2022-01-13 00:37:49.248109 [hotstuff info] 0.666537
2022-01-13 00:37:49.248120 [hotstuff info] 0.666535
2022-01-13 00:37:49.248131 [hotstuff info] 0.666532
2022-01-13 00:37:49.248143 [hotstuff info] 0.666533
2022-01-13 00:37:49.248465 [hotstuff info] 0.666841
2022-01-13 00:37:49.248494 [hotstuff info] 0.666856
2022-01-13 00:37:49.248508 [hotstuff info] 0.666606
2022-01-13 00:37:49.248523 [hotstuff info] 0.666605
2022-01-13 00:37:49.248536 [hotstuff info] 0.666604
2022-01-13 00:37:49.295580 [hotstuff info] 0.713634
2022-01-13 00:37:49.296036 [hotstuff info] 0.714076
2022-01-13 00:37:49.296065 [hotstuff info] 0.714091
2022-01-13 00:37:49.296079 [hotstuff info] 0.714094
2022-01-13 00:37:49.296209 [hotstuff info] 0.714213
2022-01-13 00:37:49.296230 [hotstuff info] 0.714222
2022-01-13 00:37:49.296242 [hotstuff info] 0.714224
2022-01-13 00:37:49.296255 [hotstuff info] 0.714228
2022-01-13 00:37:49.296266 [hotstuff info] 0.714232
2022-01-13 00:37:49.296279 [hotstuff info] 0.714236
2022-01-13 00:37:49.296291 [hotstuff info] 0.714239
2022-01-13 00:37:49.296303 [hotstuff info] 0.714242
2022-01-13 00:37:49.296314 [hotstuff info] 0.714244
2022-01-13 00:37:49.296325 [hotstuff info] 0.714245
2022-01-13 00:37:49.296336 [hotstuff info] 0.714247
2022-01-13 00:37:49.296347 [hotstuff info] 0.714251
2022-01-13 00:37:49.296547 [hotstuff info] 0.714444
2022-01-13 00:37:49.296566 [hotstuff info] 0.714454
2022-01-13 00:37:49.296578 [hotstuff info] 0.714460
2022-01-13 00:37:49.296593 [hotstuff info] 0.714467
2022-01-13 00:37:49.296604 [hotstuff info] 0.714473
2022-01-13 00:37:49.296617 [hotstuff info] 0.714478
2022-01-13 00:37:49.296630 [hotstuff info] 0.714484
2022-01-13 00:37:49.296643 [hotstuff info] 0.714486
2022-01-13 00:37:49.296655 [hotstuff info] 0.714491
2022-01-13 00:37:49.296668 [hotstuff info] 0.714480
2022-01-13 00:37:49.296680 [hotstuff info] 0.714482
2022-01-13 00:37:49.296694 [hotstuff info] 0.714487
2022-01-13 00:37:49.296706 [hotstuff info] 0.714493
2022-01-13 00:37:49.296716 [hotstuff info] 0.714493
2022-01-13 00:37:49.296727 [hotstuff info] 0.714493
2022-01-13 00:37:49.296739 [hotstuff info] 0.714494
2022-01-13 00:37:49.298340 [hotstuff info] 0.669016
2022-01-13 00:37:49.298355 [hotstuff info] 0.669017
2022-01-13 00:37:49.298362 [hotstuff info] 0.669012
2022-01-13 00:37:49.298370 [hotstuff info] 0.669008
2022-01-13 00:37:49.298376 [hotstuff info] 0.669003
2022-01-13 00:37:49.298382 [hotstuff info] 0.668995
2022-01-13 00:37:49.298389 [hotstuff info] 0.668988
2022-01-13 00:37:49.298397 [hotstuff info] 0.668982
2022-01-13 00:37:49.298404 [hotstuff info] 0.668979
2022-01-13 00:37:49.298412 [hotstuff info] 0.668973
2022-01-13 00:37:49.298419 [hotstuff info] 0.668969
2022-01-13 00:37:49.380597 [hotstuff info] 0.750487
2022-01-13 00:37:49.380620 [hotstuff info] 0.750502
2022-01-13 00:37:49.380628 [hotstuff info] 0.750505
2022-01-13 00:37:49.380635 [hotstuff info] 0.750504
2022-01-13 00:37:49.380803 [hotstuff info] 0.750665
2022-01-13 00:37:49.380821 [hotstuff info] 0.750677
2022-01-13 00:37:49.380829 [hotstuff info] 0.750676
2022-01-13 00:37:49.380836 [hotstuff info] 0.750677
2022-01-13 00:37:49.380843 [hotstuff info] 0.750676
2022-01-13 00:37:49.380849 [hotstuff info] 0.748919
2022-01-13 00:37:49.380856 [hotstuff info] 0.748916
2022-01-13 00:37:49.380863 [hotstuff info] 0.748916
2022-01-13 00:37:49.380870 [hotstuff info] 0.748917
2022-01-13 00:37:49.380877 [hotstuff info] 0.748916
2022-01-13 00:37:49.380884 [hotstuff info] 0.748919
2022-01-13 00:37:49.380891 [hotstuff info] 0.748918
2022-01-13 00:37:49.380898 [hotstuff info] 0.748918
2022-01-13 00:37:49.380906 [hotstuff info] 0.748920
2022-01-13 00:37:49.380913 [hotstuff info] 0.748919
2022-01-13 00:37:49.380919 [hotstuff info] 0.748918
2022-01-13 00:37:49.380926 [hotstuff info] 0.748918
2022-01-13 00:37:49.380932 [hotstuff info] 0.748918
2022-01-13 00:37:49.380939 [hotstuff info] 0.748919
2022-01-13 00:37:49.380946 [hotstuff info] 0.748919
2022-01-13 00:37:49.380953 [hotstuff info] 0.748920
2022-01-13 00:37:49.380959 [hotstuff info] 0.748919
2022-01-13 00:37:49.380966 [hotstuff info] 0.748918
2022-01-13 00:37:49.380973 [hotstuff info] 0.748916
2022-01-13 00:37:49.380985 [hotstuff info] 0.748920
2022-01-13 00:37:49.380995 [hotstuff info] 0.748916
2022-01-13 00:37:49.381003 [hotstuff info] 0.748915
2022-01-13 00:37:49.381009 [hotstuff info] 0.748909
2022-01-13 00:37:49.381016 [hotstuff info] 0.748906
2022-01-13 00:37:49.381022 [hotstuff info] 0.748906
2022-01-13 00:37:49.381028 [hotstuff info] 0.748906
2022-01-13 00:37:49.381034 [hotstuff info] 0.748905
2022-01-13 00:37:49.381040 [hotstuff info] 0.748904
2022-01-13 00:37:49.381046 [hotstuff info] 0.748903
2022-01-13 00:37:49.381052 [hotstuff info] 0.748902
2022-01-13 00:37:49.381059 [hotstuff info] 0.748901
2022-01-13 00:37:49.381066 [hotstuff info] 0.748897
2022-01-13 00:37:49.381072 [hotstuff info] 0.748896
2022-01-13 00:37:49.381078 [hotstuff info] 0.748894
2022-01-13 00:37:49.381084 [hotstuff info] 0.748889
2022-01-13 00:37:49.381094 [hotstuff info] 0.748890
2022-01-13 00:37:49.381100 [hotstuff info] 0.748889
2022-01-13 00:37:49.381109 [hotstuff info] 0.748890
2022-01-13 00:37:49.381116 [hotstuff info] 0.748891
2022-01-13 00:37:49.381756 [hotstuff info] 0.667639
2022-01-13 00:37:49.381775 [hotstuff info] 0.667649
2022-01-13 00:37:49.381782 [hotstuff info] 0.667649
2022-01-13 00:37:49.381790 [hotstuff info] 0.667650
2022-01-13 00:37:49.381798 [hotstuff info] 0.667651
2022-01-13 00:37:49.381806 [hotstuff info] 0.667654
2022-01-13 00:37:49.381813 [hotstuff info] 0.667653
2022-01-13 00:37:49.381820 [hotstuff info] 0.667655
2022-01-13 00:37:49.381827 [hotstuff info] 0.667643
2022-01-13 00:37:49.381833 [hotstuff info] 0.667643
2022-01-13 00:37:49.381841 [hotstuff info] 0.667642
2022-01-13 00:37:49.381847 [hotstuff info] 0.667642
2022-01-13 00:37:49.381854 [hotstuff info] 0.667642
2022-01-13 00:37:49.381861 [hotstuff info] 0.667642
2022-01-13 00:37:49.381869 [hotstuff info] 0.667642
2022-01-13 00:37:49.381876 [hotstuff info] 0.667642
2022-01-13 00:37:49.381883 [hotstuff info] 0.667642
2022-01-13 00:37:49.381890 [hotstuff info] 0.667643
2022-01-13 00:37:49.381898 [hotstuff info] 0.667644
2022-01-13 00:37:49.381905 [hotstuff info] 0.667645
2022-01-13 00:37:49.381913 [hotstuff info] 0.667359
2022-01-13 00:37:49.381920 [hotstuff info] 0.667358
2022-01-13 00:37:49.381928 [hotstuff info] 0.667357
2022-01-13 00:37:49.381935 [hotstuff info] 0.667358
2022-01-13 00:37:49.381942 [hotstuff info] 0.667356
2022-01-13 00:37:49.381949 [hotstuff info] 0.667358
2022-01-13 00:37:49.381957 [hotstuff info] 0.667357
2022-01-13 00:37:49.381963 [hotstuff info] 0.667358
2022-01-13 00:37:49.381971 [hotstuff info] 0.667353
2022-01-13 00:37:49.381977 [hotstuff info] 0.667354
2022-01-13 00:37:49.381984 [hotstuff info] 0.667349
2022-01-13 00:37:49.381993 [hotstuff info] 0.667352
2022-01-13 00:37:49.382003 [hotstuff info] 0.667354
2022-01-13 00:37:49.382012 [hotstuff info] 0.667357
2022-01-13 00:37:49.382019 [hotstuff info] 0.667356
2022-01-13 00:37:49.382026 [hotstuff info] 0.667357
2022-01-13 00:37:49.382034 [hotstuff info] 0.667356
2022-01-13 00:37:49.382040 [hotstuff info] 0.667357
2022-01-13 00:37:49.382048 [hotstuff info] 0.667357
2022-01-13 00:37:49.382054 [hotstuff info] 0.667356
2022-01-13 00:37:49.382062 [hotstuff info] 0.667355
2022-01-13 00:37:49.382068 [hotstuff info] 0.667355
2022-01-13 00:37:49.382075 [hotstuff info] 0.667354
2022-01-13 00:37:49.382100 [hotstuff info] 0.667373
2022-01-13 00:37:49.382107 [hotstuff info] 0.667374
2022-01-13 00:37:49.382114 [hotstuff info] 0.667374
2022-01-13 00:37:49.382121 [hotstuff info] 0.667374
2022-01-13 00:37:49.382127 [hotstuff info] 0.667375
2022-01-13 00:37:49.382135 [hotstuff info] 0.667375
2022-01-13 00:37:49.382142 [hotstuff info] 0.667375
2022-01-13 00:37:49.382148 [hotstuff info] 0.667374
2022-01-13 00:37:49.382157 [hotstuff info] 0.667378
2022-01-13 00:37:49.382164 [hotstuff info] 0.667379
2022-01-13 00:37:49.382185 [hotstuff info] 0.667392
2022-01-13 00:37:49.382192 [hotstuff info] 0.667392
2022-01-13 00:37:49.914287 [hotstuff info] 0.666567
2022-01-13 00:37:49.914328 [hotstuff info] 0.666592
2022-01-13 00:37:49.914343 [hotstuff info] 0.666593
2022-01-13 00:37:49.914358 [hotstuff info] 0.666593
2022-01-13 00:37:49.914370 [hotstuff info] 0.666592
2022-01-13 00:37:49.914383 [hotstuff info] 0.666593
2022-01-13 00:37:49.914523 [hotstuff info] 0.666721
2022-01-13 00:37:49.914548 [hotstuff info] 0.666546
2022-01-13 00:37:49.914565 [hotstuff info] 0.666555
2022-01-13 00:37:49.914580 [hotstuff info] 0.666562
2022-01-13 00:37:49.914596 [hotstuff info] 0.666571
2022-01-13 00:37:49.914608 [hotstuff info] 0.666572
2022-01-13 00:37:49.914620 [hotstuff info] 0.666575
2022-01-13 00:37:49.914633 [hotstuff info] 0.666577
2022-01-13 00:37:49.914645 [hotstuff info] 0.666583
2022-01-13 00:37:49.914657 [hotstuff info] 0.666586
2022-01-13 00:37:49.914668 [hotstuff info] 0.666586
2022-01-13 00:37:49.914682 [hotstuff info] 0.666590
2022-01-13 00:37:49.914694 [hotstuff info] 0.666594
2022-01-13 00:37:49.914706 [hotstuff info] 0.666598
2022-01-13 00:37:49.914717 [hotstuff info] 0.666598
2022-01-13 00:37:49.914728 [hotstuff info] 0.666598
2022-01-13 00:37:49.915006 [hotstuff info] 0.666863
2022-01-13 00:37:49.962238 [hotstuff info] 0.714084
2022-01-13 00:37:49.962579 [hotstuff info] 0.714086
2022-01-13 00:37:49.962601 [hotstuff info] 0.714095
2022-01-13 00:37:49.962609 [hotstuff info] 0.714088
2022-01-13 00:37:49.962617 [hotstuff info] 0.714083
2022-01-13 00:37:49.962732 [hotstuff info] 0.714185
2022-01-13 00:37:50.047325 [hotstuff info] 0.751722
2022-01-13 00:37:50.047355 [hotstuff info] 0.751293
2022-01-13 00:37:50.047368 [hotstuff info] 0.751291
2022-01-13 00:37:50.047378 [hotstuff info] 0.751289
2022-01-13 00:37:50.047683 [hotstuff info] 0.751454
2022-01-13 00:37:50.047709 [hotstuff info] 0.751469
2022-01-13 00:37:50.047723 [hotstuff info] 0.751468
2022-01-13 00:37:50.047734 [hotstuff info] 0.751468
2022-01-13 00:37:50.047747 [hotstuff info] 0.751470
2022-01-13 00:37:50.047757 [hotstuff info] 0.751468
2022-01-13 00:37:50.047768 [hotstuff info] 0.751466
2022-01-13 00:37:50.047781 [hotstuff info] 0.751467
2022-01-13 00:37:50.047793 [hotstuff info] 0.751469
2022-01-13 00:37:50.047804 [hotstuff info] 0.751469
2022-01-13 00:37:50.047817 [hotstuff info] 0.751471
2022-01-13 00:37:50.047828 [hotstuff info] 0.751470
2022-01-13 00:37:50.047841 [hotstuff info] 0.751276
2022-01-13 00:37:50.047852 [hotstuff info] 0.751275
2022-01-13 00:37:50.047864 [hotstuff info] 0.751272
2022-01-13 00:37:50.047875 [hotstuff info] 0.751272
2022-01-13 00:37:50.047888 [hotstuff info] 0.751273
2022-01-13 00:37:50.047899 [hotstuff info] 0.751271
2022-01-13 00:37:50.047911 [hotstuff info] 0.751269
2022-01-13 00:37:50.047923 [hotstuff info] 0.751270
2022-01-13 00:37:50.047934 [hotstuff info] 0.751268
2022-01-13 00:37:50.047946 [hotstuff info] 0.751267
2022-01-13 00:37:50.047957 [hotstuff info] 0.751265
2022-01-13 00:37:50.047968 [hotstuff info] 0.751263
2022-01-13 00:37:50.047980 [hotstuff info] 0.751265
2022-01-13 00:37:50.047990 [hotstuff info] 0.751266
2022-01-13 00:37:50.048001 [hotstuff info] 0.751264
2022-01-13 00:37:50.048011 [hotstuff info] 0.751261
2022-01-13 00:37:50.048023 [hotstuff info] 0.749669
2022-01-13 00:37:50.048034 [hotstuff info] 0.749672
2022-01-13 00:37:50.048044 [hotstuff info] 0.749675
2022-01-13 00:37:50.048055 [hotstuff info] 0.749679
2022-01-13 00:37:50.048067 [hotstuff info] 0.749685
2022-01-13 00:37:50.048077 [hotstuff info] 0.749688
2022-01-13 00:37:50.048088 [hotstuff info] 0.749692
2022-01-13 00:37:50.048099 [hotstuff info] 0.749695
2022-01-13 00:37:50.048112 [hotstuff info] 0.749701
2022-01-13 00:37:50.048123 [hotstuff info] 0.749705
2022-01-13 00:37:50.048135 [hotstuff info] 0.749710
2022-01-13 00:37:50.048145 [hotstuff info] 0.667526
2022-01-13 00:37:50.048158 [hotstuff info] 0.667530
2022-01-13 00:37:50.048169 [hotstuff info] 0.667535
2022-01-13 00:37:50.048182 [hotstuff info] 0.667540
2022-01-13 00:37:50.048193 [hotstuff info] 0.667373
2022-01-13 00:37:50.048206 [hotstuff info] 0.667378
2022-01-13 00:37:50.048216 [hotstuff info] 0.667381
2022-01-13 00:37:50.048229 [hotstuff info] 0.667386
2022-01-13 00:37:50.048239 [hotstuff info] 0.667390
2022-01-13 00:37:50.048252 [hotstuff info] 0.667396
2022-01-13 00:37:50.048262 [hotstuff info] 0.667400
2022-01-13 00:37:50.048274 [hotstuff info] 0.667405
2022-01-13 00:37:50.048286 [hotstuff info] 0.667410
2022-01-13 00:37:50.048298 [hotstuff info] 0.667414
2022-01-13 00:37:50.048309 [hotstuff info] 0.667419
2022-01-13 00:37:50.048322 [hotstuff info] 0.667425
2022-01-13 00:37:50.048333 [hotstuff info] 0.667429
2022-01-13 00:37:50.048346 [hotstuff info] 0.667434
2022-01-13 00:37:50.048357 [hotstuff info] 0.667439
2022-01-13 00:37:50.048369 [hotstuff info] 0.667444
2022-01-13 00:37:50.048381 [hotstuff info] 0.667450
2022-01-13 00:37:50.048393 [hotstuff info] 0.667454
2022-01-13 00:37:50.048404 [hotstuff info] 0.667459
2022-01-13 00:37:50.048416 [hotstuff info] 0.667464
2022-01-13 00:37:50.048428 [hotstuff info] 0.667470
2022-01-13 00:37:50.048440 [hotstuff info] 0.667475
2022-01-13 00:37:50.048451 [hotstuff info] 0.667480
2022-01-13 00:37:50.048463 [hotstuff info] 0.667479
2022-01-13 00:37:50.048474 [hotstuff info] 0.667482
2022-01-13 00:37:50.048487 [hotstuff info] 0.667485
2022-01-13 00:37:50.048498 [hotstuff info] 0.667491
2022-01-13 00:37:50.048511 [hotstuff info] 0.667496
2022-01-13 00:37:50.048522 [hotstuff info] 0.667501
2022-01-13 00:37:50.048534 [hotstuff info] 0.667507
2022-01-13 00:37:50.048544 [hotstuff info] 0.667511
2022-01-13 00:37:50.048557 [hotstuff info] 0.667517
2022-01-13 00:37:50.048569 [hotstuff info] 0.667524
2022-01-13 00:37:50.048582 [hotstuff info] 0.667530
2022-01-13 00:37:50.048593 [hotstuff info] 0.667535
2022-01-13 00:37:50.048604 [hotstuff info] 0.667540
2022-01-13 00:37:50.048616 [hotstuff info] 0.667545
2022-01-13 00:37:50.048628 [hotstuff info] 0.667550
2022-01-13 00:37:50.048639 [hotstuff info] 0.667556
2022-01-13 00:37:50.048651 [hotstuff info] 0.667558
2022-01-13 00:37:50.048662 [hotstuff info] 0.667562
2022-01-13 00:37:50.048675 [hotstuff info] 0.667568
2022-01-13 00:37:50.048686 [hotstuff info] 0.667571
2022-01-13 00:37:50.048700 [hotstuff info] 0.667579
2022-01-13 00:37:50.049405 [hotstuff info] 0.667631
2022-01-13 00:37:50.049427 [hotstuff info] 0.667646
2022-01-13 00:37:50.049435 [hotstuff info] 0.667647
2022-01-13 00:37:50.049444 [hotstuff info] 0.667647
2022-01-13 00:37:50.049451 [hotstuff info] 0.667646
2022-01-13 00:37:50.049459 [hotstuff info] 0.667648
2022-01-13 00:37:50.055914 [hotstuff info] 0.674094
2022-01-13 00:37:50.055936 [hotstuff info] 0.674110
2022-01-13 00:37:50.055945 [hotstuff info] 0.674113
2022-01-13 00:37:50.055954 [hotstuff info] 0.674114
2022-01-13 00:37:50.055961 [hotstuff info] 0.674115
2022-01-13 00:37:50.055969 [hotstuff info] 0.674117
2022-01-13 00:37:50.055976 [hotstuff info] 0.674115
2022-01-13 00:37:50.055983 [hotstuff info] 0.674116
2022-01-13 00:37:50.055991 [hotstuff info] 0.674116
2022-01-13 00:37:50.055999 [hotstuff info] 0.674117
2022-01-13 00:37:50.056006 [hotstuff info] 0.674116
2022-01-13 00:37:50.056811 [hotstuff info] 0.674913
2022-01-13 00:37:50.056829 [hotstuff info] 0.674924
2022-01-13 00:37:50.056838 [hotstuff info] 0.674926
2022-01-13 00:37:50.056850 [hotstuff info] 0.674931
2022-01-13 00:37:50.056862 [hotstuff info] 0.674935
2022-01-13 00:37:50.056870 [hotstuff info] 0.674935
2022-01-13 00:37:50.056877 [hotstuff info] 0.674936
2022-01-13 00:37:50.056885 [hotstuff info] 0.674936
2022-01-13 00:37:50.056892 [hotstuff info] 0.674936
2022-01-13 00:37:50.056900 [hotstuff info] 0.674938
2022-01-13 00:37:50.056908 [hotstuff info] 0.674939
2022-01-13 00:37:50.056915 [hotstuff info] 0.674939
2022-01-13 00:37:50.056924 [hotstuff info] 0.674941
2022-01-13 00:37:50.056931 [hotstuff info] 0.674939
2022-01-13 00:37:50.056938 [hotstuff info] 0.674936
2022-01-13 00:37:50.056944 [hotstuff info] 0.674933
2022-01-13 00:37:50.056952 [hotstuff info] 0.674933
2022-01-13 00:37:50.056958 [hotstuff info] 0.674932
2022-01-13 00:37:50.056965 [hotstuff info] 0.674933
2022-01-13 00:37:50.056973 [hotstuff info] 0.674934
2022-01-13 00:37:50.056980 [hotstuff info] 0.674933
2022-01-13 00:37:50.095894 [hotstuff info] 0.713842
2022-01-13 00:37:50.095919 [hotstuff info] 0.713858
2022-01-13 00:37:50.095927 [hotstuff info] 0.713860
2022-01-13 00:37:50.180557 [hotstuff info] 0.798483
2022-01-13 00:37:50.180583 [hotstuff info] 0.798485
2022-01-13 00:37:50.180592 [hotstuff info] 0.798485
2022-01-13 00:37:50.180600 [hotstuff info] 0.798487
2022-01-13 00:37:50.180607 [hotstuff info] 0.798487
2022-01-13 00:37:50.180619 [hotstuff info] 0.798492
2022-01-13 00:37:50.180791 [hotstuff info] 0.798657
2022-01-13 00:37:50.180811 [hotstuff info] 0.798671
2022-01-13 00:37:50.180819 [hotstuff info] 0.798673
2022-01-13 00:37:50.180827 [hotstuff info] 0.798671
2022-01-13 00:37:50.180835 [hotstuff info] 0.798671
2022-01-13 00:37:50.180846 [hotstuff info] 0.798662
2022-01-13 00:37:50.180855 [hotstuff info] 0.798664
2022-01-13 00:37:50.180861 [hotstuff info] 0.798664
2022-01-13 00:37:50.581221 [hotstuff info] 0.666895
2022-01-13 00:37:50.581253 [hotstuff info] 0.666912
2022-01-13 00:37:50.581267 [hotstuff info] 0.666910
2022-01-13 00:37:50.581282 [hotstuff info] 0.666913
2022-01-13 00:37:50.581291 [hotstuff info] 0.666911
2022-01-13 00:37:50.581299 [hotstuff info] 0.666903
2022-01-13 00:37:50.581310 [hotstuff info] 0.666764
2022-01-13 00:37:50.581319 [hotstuff info] 0.666756
2022-01-13 00:37:50.581522 [hotstuff info] 0.666943
2022-01-13 00:37:50.581552 [hotstuff info] 0.666958
2022-01-13 00:37:50.581567 [hotstuff info] 0.666960
