2022-01-13 00:37:46.910389 [net info] starting all threads...
2022-01-13 00:37:46.910513 [net warn] ignoring option name in conf file: block-size
2022-01-13 00:37:46.910522 [net warn] ignoring option name in conf file: nworker
2022-01-13 00:37:46.910526 [net warn] ignoring option name in conf file: repnworker
2022-01-13 00:37:46.910531 [net warn] ignoring option name in conf file: clinworker
2022-01-13 00:37:46.910534 [net warn] ignoring option name in conf file: repburst
2022-01-13 00:37:46.910538 [net warn] ignoring option name in conf file: cliburst
2022-01-13 00:37:46.910542 [net warn] ignoring option name in conf file: pace-maker
2022-01-13 00:37:46.910555 [net info] loaded configuration from hotstuff.conf
2022-01-13 00:37:46.910625 [hotstuff info] nfaulty = 3
2022-01-13 00:37:46.910871 [net info] created <Conn fd=11 addr=<NetAddr 18.188.17.142:20000> mode=active>
2022-01-13 00:37:46.911095 [net info] created <Conn fd=19 addr=<NetAddr 3.142.114.174:20000> mode=active>
2022-01-13 00:37:46.911116 [net info] connected to remote <Conn fd=11 addr=<NetAddr 18.188.17.142:20000> mode=active>
2022-01-13 00:37:46.911305 [net info] created <Conn fd=21 addr=<NetAddr 52.79.253.61:20000> mode=active>
2022-01-13 00:37:46.911491 [net info] created <Conn fd=23 addr=<NetAddr 3.36.103.56:20000> mode=active>
2022-01-13 00:37:46.911654 [net info] created <Conn fd=25 addr=<NetAddr 54.93.131.236:20000> mode=active>
2022-01-13 00:37:46.911668 [net info] connected to remote <Conn fd=19 addr=<NetAddr 3.142.114.174:20000> mode=active>
2022-01-13 00:37:46.911855 [net info] created <Conn fd=27 addr=<NetAddr 3.120.147.128:20000> mode=active>
2022-01-13 00:37:46.912047 [net info] created <Conn fd=29 addr=<NetAddr 54.215.140.88:20000> mode=active>
2022-01-13 00:37:46.912241 [net info] created <Conn fd=31 addr=<NetAddr 54.193.29.119:20000> mode=active>
2022-01-13 00:37:46.912443 [net info] created <Conn fd=33 addr=<NetAddr 3.112.224.96:20000> mode=active>
2022-01-13 00:37:46.912642 [net info] created <Conn fd=35 addr=<NetAddr 54.95.218.99:20000> mode=active>
2022-01-13 00:37:46.962895 [net info] connected to remote <Conn fd=29 addr=<NetAddr 54.215.140.88:20000> mode=active>
2022-01-13 00:37:46.964043 [net info] connected to remote <Conn fd=31 addr=<NetAddr 54.193.29.119:20000> mode=active>
2022-01-13 00:37:47.011177 [net info] connected to remote <Conn fd=25 addr=<NetAddr 54.93.131.236:20000> mode=active>
2022-01-13 00:37:47.011630 [net info] connected to remote <Conn fd=27 addr=<NetAddr 3.120.147.128:20000> mode=active>
2022-01-13 00:37:47.042579 [net info] connected to remote <Conn fd=35 addr=<NetAddr 54.95.218.99:20000> mode=active>
2022-01-13 00:37:47.044055 [net info] connected to remote <Conn fd=33 addr=<NetAddr 3.112.224.96:20000> mode=active>
2022-01-13 00:37:47.071985 [net info] connected to remote <Conn fd=21 addr=<NetAddr 52.79.253.61:20000> mode=active>
2022-01-13 00:37:47.072022 [net info] connected to remote <Conn fd=23 addr=<NetAddr 3.36.103.56:20000> mode=active>
2022-01-13 00:37:47.781645 [hotstuff info] 0.868960
2022-01-13 00:37:47.781680 [hotstuff info] 0.868984
2022-01-13 00:37:47.781688 [hotstuff info] 0.868982
2022-01-13 00:37:47.781695 [hotstuff info] 0.868981
2022-01-13 00:37:47.781704 [hotstuff info] 0.868980
2022-01-13 00:37:47.781716 [hotstuff info] 0.868983
2022-01-13 00:37:47.781724 [hotstuff info] 0.868982
2022-01-13 00:37:47.781973 [hotstuff info] 0.869220
2022-01-13 00:37:47.781992 [hotstuff info] 0.869232
2022-01-13 00:37:47.782004 [hotstuff info] 0.869234
2022-01-13 00:37:47.782011 [hotstuff info] 0.869232
2022-01-13 00:37:47.782018 [hotstuff info] 0.869229
2022-01-13 00:37:47.782027 [hotstuff info] 0.869228
2022-01-13 00:37:47.782033 [hotstuff info] 0.869226
2022-01-13 00:37:47.782042 [hotstuff info] 0.869225
2022-01-13 00:37:47.782049 [hotstuff info] 0.869222
2022-01-13 00:37:47.782056 [hotstuff info] 0.869220
2022-01-13 00:37:47.782065 [hotstuff info] 0.869218
2022-01-13 00:37:47.782073 [hotstuff info] 0.869217
2022-01-13 00:37:47.782080 [hotstuff info] 0.869215
2022-01-13 00:37:47.782089 [hotstuff info] 0.869216
2022-01-13 00:37:47.782097 [hotstuff info] 0.869214
2022-01-13 00:37:47.782103 [hotstuff info] 0.869213
2022-01-13 00:37:47.782111 [hotstuff info] 0.869211
2022-01-13 00:37:47.782118 [hotstuff info] 0.869210
2022-01-13 00:37:47.782124 [hotstuff info] 0.869205
2022-01-13 00:37:47.782133 [hotstuff info] 0.869204
2022-01-13 00:37:47.782140 [hotstuff info] 0.869202
2022-01-13 00:37:47.782146 [hotstuff info] 0.869200
2022-01-13 00:37:47.782153 [hotstuff info] 0.869197
2022-01-13 00:37:47.782160 [hotstuff info] 0.869197
2022-01-13 00:37:47.782167 [hotstuff info] 0.869194
2022-01-13 00:37:47.782191 [hotstuff info] 0.869208
2022-01-13 00:37:47.782223 [hotstuff info] 0.869231
2022-01-13 00:37:47.782232 [hotstuff info] 0.869230
2022-01-13 00:37:47.782238 [hotstuff info] 0.869228
2022-01-13 00:37:47.782250 [hotstuff info] 0.869230
2022-01-13 00:37:47.782257 [hotstuff info] 0.869228
2022-01-13 00:37:47.782268 [hotstuff info] 0.869228
2022-01-13 00:37:47.782276 [hotstuff info] 0.869228
2022-01-13 00:37:47.782286 [hotstuff info] 0.869229
2022-01-13 00:37:47.782293 [hotstuff info] 0.869226
2022-01-13 00:37:47.782301 [hotstuff info] 0.869225
2022-01-13 00:37:47.782307 [hotstuff info] 0.869222
2022-01-13 00:37:47.782317 [hotstuff info] 0.869223
2022-01-13 00:37:47.782323 [hotstuff info] 0.869218
2022-01-13 00:37:47.782332 [hotstuff info] 0.869217
2022-01-13 00:37:47.782342 [hotstuff info] 0.869218
2022-01-13 00:37:47.782352 [hotstuff info] 0.869219
2022-01-13 00:37:47.782362 [hotstuff info] 0.869221
2022-01-13 00:37:47.782372 [hotstuff info] 0.869222
2022-01-13 00:37:47.782383 [hotstuff info] 0.869223
2022-01-13 00:37:47.782394 [hotstuff info] 0.869223
2022-01-13 00:37:47.782406 [hotstuff info] 0.869226
2022-01-13 00:37:47.782419 [hotstuff info] 0.869230
2022-01-13 00:37:47.782428 [hotstuff info] 0.869230
2022-01-13 00:37:47.782439 [hotstuff info] 0.869232
2022-01-13 00:37:47.782451 [hotstuff info] 0.869234
2022-01-13 00:37:47.782464 [hotstuff info] 0.869238
2022-01-13 00:37:47.782475 [hotstuff info] 0.869239
2022-01-13 00:37:47.782488 [hotstuff info] 0.869243
2022-01-13 00:37:47.782499 [hotstuff info] 0.869245
2022-01-13 00:37:47.782512 [hotstuff info] 0.869248
2022-01-13 00:37:47.782523 [hotstuff info] 0.869252
2022-01-13 00:37:47.782536 [hotstuff info] 0.869254
2022-01-13 00:37:47.782552 [hotstuff info] 0.869262
2022-01-13 00:37:47.782566 [hotstuff info] 0.869264
2022-01-13 00:37:47.782578 [hotstuff info] 0.869268
2022-01-13 00:37:47.782592 [hotstuff info] 0.869272
2022-01-13 00:37:47.782604 [hotstuff info] 0.869275
2022-01-13 00:37:47.782617 [hotstuff info] 0.869280
2022-01-13 00:37:47.782631 [hotstuff info] 0.869284
2022-01-13 00:37:47.782644 [hotstuff info] 0.869288
2022-01-13 00:37:47.782657 [hotstuff info] 0.869290
2022-01-13 00:37:47.782667 [hotstuff info] 0.869291
2022-01-13 00:37:47.782673 [hotstuff info] 0.869289
2022-01-13 00:37:47.782681 [hotstuff info] 0.869287
2022-01-13 00:37:47.782688 [hotstuff info] 0.869286
2022-01-13 00:37:47.782696 [hotstuff info] 0.869284
2022-01-13 00:37:47.782703 [hotstuff info] 0.869279
2022-01-13 00:37:47.782710 [hotstuff info] 0.869278
2022-01-13 00:37:47.782718 [hotstuff info] 0.869276
2022-01-13 00:37:47.782725 [hotstuff info] 0.869275
2022-01-13 00:37:47.782733 [hotstuff info] 0.869273
2022-01-13 00:37:47.782740 [hotstuff info] 0.869271
2022-01-13 00:37:47.782747 [hotstuff info] 0.869267
2022-01-13 00:37:47.782755 [hotstuff info] 0.869266
2022-01-13 00:37:47.782762 [hotstuff info] 0.869264
2022-01-13 00:37:47.782769 [hotstuff info] 0.869262
2022-01-13 00:37:47.782776 [hotstuff info] 0.869260
2022-01-13 00:37:47.829343 [hotstuff info] 0.915818
2022-01-13 00:37:47.829364 [hotstuff info] 0.915831
2022-01-13 00:37:47.829373 [hotstuff info] 0.915828
2022-01-13 00:37:47.829379 [hotstuff info] 0.915825
2022-01-13 00:37:47.829386 [hotstuff info] 0.915822
2022-01-13 00:37:47.829393 [hotstuff info] 0.915820
2022-01-13 00:37:47.829400 [hotstuff info] 0.915818
2022-01-13 00:37:47.829406 [hotstuff info] 0.915816
2022-01-13 00:37:47.829413 [hotstuff info] 0.915814
2022-01-13 00:37:47.829478 [hotstuff info] 0.915870
2022-01-13 00:37:47.829486 [hotstuff info] 0.915867
2022-01-13 00:37:47.829494 [hotstuff info] 0.915865
2022-01-13 00:37:47.829500 [hotstuff info] 0.915863
2022-01-13 00:37:47.829508 [hotstuff info] 0.915861
2022-01-13 00:37:47.829516 [hotstuff info] 0.915860
2022-01-13 00:37:47.831395 [hotstuff info] 0.917731
2022-01-13 00:37:47.831417 [hotstuff info] 0.917744
2022-01-13 00:37:47.831425 [hotstuff info] 0.917741
2022-01-13 00:37:47.831432 [hotstuff info] 0.917738
2022-01-13 00:37:47.831440 [hotstuff info] 0.917737
2022-01-13 00:37:47.831448 [hotstuff info] 0.917736
2022-01-13 00:37:47.831456 [hotstuff info] 0.917735
2022-01-13 00:37:47.833427 [hotstuff info] 0.919697
2022-01-13 00:37:47.833448 [hotstuff info] 0.919709
2022-01-13 00:37:47.833456 [hotstuff info] 0.919706
2022-01-13 00:37:47.833463 [hotstuff info] 0.919704
2022-01-13 00:37:47.833470 [hotstuff info] 0.919702
2022-01-13 00:37:47.833477 [hotstuff info] 0.919700
2022-01-13 00:37:47.833485 [hotstuff info] 0.919699
2022-01-13 00:37:47.833493 [hotstuff info] 0.919698
2022-01-13 00:37:47.833505 [hotstuff info] 0.919701
2022-01-13 00:37:47.833513 [hotstuff info] 0.919695
2022-01-13 00:37:47.833519 [hotstuff info] 0.919693
2022-01-13 00:37:47.833527 [hotstuff info] 0.919691
2022-01-13 00:37:47.833537 [hotstuff info] 0.919691
2022-01-13 00:37:47.833544 [hotstuff info] 0.919689
2022-01-13 00:37:47.833551 [hotstuff info] 0.919687
2022-01-13 00:37:47.833558 [hotstuff info] 0.919684
2022-01-13 00:37:47.833566 [hotstuff info] 0.919681
2022-01-13 00:37:47.833585 [hotstuff info] 0.919691
2022-01-13 00:37:47.833593 [hotstuff info] 0.919690
2022-01-13 00:37:47.833600 [hotstuff info] 0.919688
2022-01-13 00:37:47.833607 [hotstuff info] 0.919685
2022-01-13 00:37:47.833614 [hotstuff info] 0.919683
2022-01-13 00:37:47.833620 [hotstuff info] 0.919681
2022-01-13 00:37:47.833627 [hotstuff info] 0.919676
2022-01-13 00:37:47.833634 [hotstuff info] 0.919674
2022-01-13 00:37:47.833641 [hotstuff info] 0.919672
2022-01-13 00:37:47.833649 [hotstuff info] 0.919671
2022-01-13 00:37:47.833656 [hotstuff info] 0.919669
2022-01-13 00:37:47.833663 [hotstuff info] 0.919667
2022-01-13 00:37:47.833669 [hotstuff info] 0.919664
2022-01-13 00:37:47.833675 [hotstuff info] 0.919657
2022-01-13 00:37:47.833681 [hotstuff info] 0.919654
2022-01-13 00:37:47.833690 [hotstuff info] 0.919653
2022-01-13 00:37:47.833697 [hotstuff info] 0.919651
2022-01-13 00:37:47.833704 [hotstuff info] 0.919649
2022-01-13 00:37:47.833711 [hotstuff info] 0.919647
2022-01-13 00:37:47.833719 [hotstuff info] 0.919646
2022-01-13 00:37:47.833726 [hotstuff info] 0.919642
2022-01-13 00:37:47.833734 [hotstuff info] 0.919641
2022-01-13 00:37:47.833741 [hotstuff info] 0.919639
2022-01-13 00:37:47.833748 [hotstuff info] 0.919637
2022-01-13 00:37:47.833755 [hotstuff info] 0.919636
2022-01-13 00:37:47.833763 [hotstuff info] 0.919634
2022-01-13 00:37:47.833769 [hotstuff info] 0.919631
2022-01-13 00:37:47.833776 [hotstuff info] 0.919627
2022-01-13 00:37:47.833782 [hotstuff info] 0.919625
2022-01-13 00:37:47.833790 [hotstuff info] 0.919623
2022-01-13 00:37:47.833796 [hotstuff info] 0.919600
2022-01-13 00:37:47.833803 [hotstuff info] 0.919598
2022-01-13 00:37:47.833810 [hotstuff info] 0.919595
2022-01-13 00:37:47.833817 [hotstuff info] 0.919592
2022-01-13 00:37:47.833823 [hotstuff info] 0.919590
2022-01-13 00:37:47.833830 [hotstuff info] 0.919585
2022-01-13 00:37:47.833837 [hotstuff info] 0.919583
2022-01-13 00:37:47.833848 [hotstuff info] 0.919585
2022-01-13 00:37:47.833858 [hotstuff info] 0.919582
2022-01-13 00:37:47.833867 [hotstuff info] 0.919582
2022-01-13 00:37:47.833874 [hotstuff info] 0.919580
2022-01-13 00:37:47.833883 [hotstuff info] 0.919580
2022-01-13 00:37:47.833891 [hotstuff info] 0.919577
2022-01-13 00:37:47.833900 [hotstuff info] 0.919577
2022-01-13 00:37:47.833906 [hotstuff info] 0.919575
2022-01-13 00:37:47.833913 [hotstuff info] 0.919573
2022-01-13 00:37:48.447993 [hotstuff info] 0.666315
2022-01-13 00:37:48.448037 [hotstuff info] 0.666350
2022-01-13 00:37:48.448045 [hotstuff info] 0.666351
2022-01-13 00:37:48.448053 [hotstuff info] 0.666351
2022-01-13 00:37:48.448068 [hotstuff info] 0.666354
2022-01-13 00:37:48.448083 [hotstuff info] 0.666360
2022-01-13 00:37:48.448091 [hotstuff info] 0.666361
2022-01-13 00:37:48.448321 [hotstuff info] 0.666330
2022-01-13 00:37:48.448350 [hotstuff info] 0.666348
2022-01-13 00:37:48.448362 [hotstuff info] 0.666352
2022-01-13 00:37:48.448373 [hotstuff info] 0.666355
2022-01-13 00:37:48.448385 [hotstuff info] 0.666360
2022-01-13 00:37:48.448396 [hotstuff info] 0.666364
2022-01-13 00:37:48.448414 [hotstuff info] 0.666373
2022-01-13 00:37:48.448448 [hotstuff info] 0.666400
2022-01-13 00:37:48.448459 [hotstuff info] 0.666405
2022-01-13 00:37:48.448481 [hotstuff info] 0.666417
2022-01-13 00:37:48.448495 [hotstuff info] 0.666423
2022-01-13 00:37:48.448514 [hotstuff info] 0.666435
2022-01-13 00:37:48.448534 [hotstuff info] 0.666445
2022-01-13 00:37:48.448546 [hotstuff info] 0.666450
2022-01-13 00:37:48.448566 [hotstuff info] 0.666464
2022-01-13 00:37:48.448579 [hotstuff info] 0.666469
2022-01-13 00:37:48.448601 [hotstuff info] 0.666483
2022-01-13 00:37:48.448640 [hotstuff info] 0.666516
2022-01-13 00:37:48.448663 [hotstuff info] 0.666531
2022-01-13 00:37:48.448683 [hotstuff info] 0.666544
2022-01-13 00:37:48.448694 [hotstuff info] 0.666550
2022-01-13 00:37:48.448710 [hotstuff info] 0.666558
2022-01-13 00:37:48.448729 [hotstuff info] 0.666569
2022-01-13 00:37:48.448738 [hotstuff info] 0.666572
2022-01-13 00:37:48.448759 [hotstuff info] 0.666569
2022-01-13 00:37:48.448770 [hotstuff info] 0.666548
2022-01-13 00:37:48.448779 [hotstuff info] 0.666548
2022-01-13 00:37:48.448791 [hotstuff info] 0.666553
2022-01-13 00:37:48.448804 [hotstuff info] 0.666555
2022-01-13 00:37:48.448810 [hotstuff info] 0.666554
2022-01-13 00:37:48.448818 [hotstuff info] 0.666551
2022-01-13 00:37:48.448825 [hotstuff info] 0.666550
2022-01-13 00:37:48.448832 [hotstuff info] 0.666546
2022-01-13 00:37:48.448839 [hotstuff info] 0.666547
2022-01-13 00:37:48.448851 [hotstuff info] 0.666552
2022-01-13 00:37:48.448858 [hotstuff info] 0.666552
2022-01-13 00:37:48.448866 [hotstuff info] 0.666550
2022-01-13 00:37:48.448878 [hotstuff info] 0.666555
2022-01-13 00:37:48.448885 [hotstuff info] 0.666554
2022-01-13 00:37:48.448896 [hotstuff info] 0.666556
2022-01-13 00:37:48.448904 [hotstuff info] 0.666554
2022-01-13 00:37:48.448911 [hotstuff info] 0.666549
2022-01-13 00:37:48.448918 [hotstuff info] 0.666547
2022-01-13 00:37:48.448925 [hotstuff info] 0.666544
2022-01-13 00:37:48.495988 [hotstuff info] 0.713595
2022-01-13 00:37:48.496040 [hotstuff info] 0.713635
2022-01-13 00:37:48.496080 [hotstuff info] 0.713662
2022-01-13 00:37:48.496098 [hotstuff info] 0.713672
2022-01-13 00:37:48.496109 [hotstuff info] 0.713671
2022-01-13 00:37:48.496136 [hotstuff info] 0.713681
2022-01-13 00:37:48.496146 [hotstuff info] 0.713684
2022-01-13 00:37:48.496159 [hotstuff info] 0.713686
2022-01-13 00:37:48.496176 [hotstuff info] 0.713689
2022-01-13 00:37:48.496183 [hotstuff info] 0.713685
2022-01-13 00:37:48.496189 [hotstuff info] 0.713679
2022-01-13 00:37:48.496197 [hotstuff info] 0.713676
2022-01-13 00:37:48.496205 [hotstuff info] 0.713671
2022-01-13 00:37:48.496212 [hotstuff info] 0.713662
2022-01-13 00:37:48.496227 [hotstuff info] 0.713663
2022-01-13 00:37:48.496235 [hotstuff info] 0.713658
2022-01-13 00:37:48.496243 [hotstuff info] 0.713653
2022-01-13 00:37:48.496250 [hotstuff info] 0.713649
2022-01-13 00:37:48.497643 [hotstuff info] 0.715027
2022-01-13 00:37:48.497661 [hotstuff info] 0.715032
2022-01-13 00:37:48.497669 [hotstuff info] 0.715027
2022-01-13 00:37:48.497676 [hotstuff info] 0.715021
2022-01-13 00:37:48.497685 [hotstuff info] 0.715019
2022-01-13 00:37:48.497693 [hotstuff info] 0.715021
2022-01-13 00:37:48.497701 [hotstuff info] 0.715022
2022-01-13 00:37:48.499792 [hotstuff info] 0.717105
2022-01-13 00:37:48.499819 [hotstuff info] 0.717124
2022-01-13 00:37:48.499837 [hotstuff info] 0.717135
2022-01-13 00:37:48.499857 [hotstuff info] 0.717147
2022-01-13 00:37:48.499875 [hotstuff info] 0.717158
2022-01-13 00:37:48.499885 [hotstuff info] 0.717160
2022-01-13 00:37:48.499931 [hotstuff info] 0.717200
2022-01-13 00:37:48.499943 [hotstuff info] 0.717205
2022-01-13 00:37:48.499950 [hotstuff info] 0.717205
2022-01-13 00:37:48.499958 [hotstuff info] 0.717204
2022-01-13 00:37:48.499966 [hotstuff info] 0.717205
2022-01-13 00:37:48.499973 [hotstuff info] 0.717206
2022-01-13 00:37:48.499981 [hotstuff info] 0.717206
2022-01-13 00:37:48.499988 [hotstuff info] 0.717206
2022-01-13 00:37:48.499996 [hotstuff info] 0.670633
2022-01-13 00:37:48.500004 [hotstuff info] 0.670632
2022-01-13 00:37:48.500011 [hotstuff info] 0.670633
2022-01-13 00:37:48.500019 [hotstuff info] 0.670634
2022-01-13 00:37:48.500026 [hotstuff info] 0.670634
2022-01-13 00:37:48.500032 [hotstuff info] 0.670634
2022-01-13 00:37:48.500038 [hotstuff info] 0.670632
2022-01-13 00:37:48.500047 [hotstuff info] 0.670635
2022-01-13 00:37:48.500062 [hotstuff info] 0.670644
2022-01-13 00:37:48.500084 [hotstuff info] 0.670599
2022-01-13 00:37:48.500096 [hotstuff info] 0.670603
2022-01-13 00:37:48.500108 [hotstuff info] 0.670609
2022-01-13 00:37:48.500114 [hotstuff info] 0.670608
2022-01-13 00:37:48.500121 [hotstuff info] 0.670607
2022-01-13 00:37:48.500128 [hotstuff info] 0.670606
2022-01-13 00:37:48.500135 [hotstuff info] 0.668719
2022-01-13 00:37:48.500140 [hotstuff info] 0.668716
2022-01-13 00:37:48.500149 [hotstuff info] 0.668718
2022-01-13 00:37:48.500161 [hotstuff info] 0.668722
2022-01-13 00:37:48.500177 [hotstuff info] 0.668731
2022-01-13 00:37:48.500184 [hotstuff info] 0.668729
2022-01-13 00:37:48.500191 [hotstuff info] 0.668728
2022-01-13 00:37:48.581191 [hotstuff info] 0.747743
2022-01-13 00:37:48.581220 [hotstuff info] 0.747766
2022-01-13 00:37:48.581233 [hotstuff info] 0.747771
2022-01-13 00:37:48.581243 [hotstuff info] 0.747775
2022-01-13 00:37:48.581446 [hotstuff info] 0.747970
2022-01-13 00:37:48.581470 [hotstuff info] 0.747986
2022-01-13 00:37:48.581477 [hotstuff info] 0.747986
2022-01-13 00:37:48.581485 [hotstuff info] 0.747981
2022-01-13 00:37:48.581492 [hotstuff info] 0.747980
2022-01-13 00:37:48.581498 [hotstuff info] 0.747979
2022-01-13 00:37:48.581505 [hotstuff info] 0.747979
2022-01-13 00:37:48.581512 [hotstuff info] 0.747976
2022-01-13 00:37:48.581518 [hotstuff info] 0.747976
2022-01-13 00:37:48.581526 [hotstuff info] 0.747975
2022-01-13 00:37:48.581532 [hotstuff info] 0.747976
2022-01-13 00:37:48.581540 [hotstuff info] 0.747975
2022-01-13 00:37:48.581546 [hotstuff info] 0.747962
2022-01-13 00:37:48.581554 [hotstuff info] 0.747963
2022-01-13 00:37:48.581560 [hotstuff info] 0.747962
2022-01-13 00:37:48.581567 [hotstuff info] 0.747962
2022-01-13 00:37:48.581575 [hotstuff info] 0.747962
2022-01-13 00:37:48.581582 [hotstuff info] 0.747962
2022-01-13 00:37:48.581589 [hotstuff info] 0.747963
2022-01-13 00:37:48.581595 [hotstuff info] 0.747963
2022-01-13 00:37:48.581601 [hotstuff info] 0.747962
2022-01-13 00:37:48.581609 [hotstuff info] 0.747961
2022-01-13 00:37:48.581615 [hotstuff info] 0.747961
2022-01-13 00:37:48.581623 [hotstuff info] 0.747961
2022-01-13 00:37:48.581630 [hotstuff info] 0.747962
2022-01-13 00:37:48.581637 [hotstuff info] 0.747962
2022-01-13 00:37:48.581643 [hotstuff info] 0.747962
2022-01-13 00:37:48.581650 [hotstuff info] 0.747962
2022-01-13 00:37:48.581657 [hotstuff info] 0.747961
2022-01-13 00:37:48.581664 [hotstuff info] 0.747960
2022-01-13 00:37:48.581671 [hotstuff info] 0.747962
2022-01-13 00:37:48.581679 [hotstuff info] 0.747960
2022-01-13 00:37:48.581685 [hotstuff info] 0.747959
2022-01-13 00:37:48.581691 [hotstuff info] 0.747959
2022-01-13 00:37:48.581698 [hotstuff info] 0.747959
2022-01-13 00:37:48.581706 [hotstuff info] 0.747959
2022-01-13 00:37:48.581717 [hotstuff info] 0.747962
2022-01-13 00:37:48.581728 [hotstuff info] 0.747966
2022-01-13 00:37:48.581740 [hotstuff info] 0.747972
2022-01-13 00:37:48.581751 [hotstuff info] 0.747976
2022-01-13 00:37:48.581764 [hotstuff info] 0.747982
2022-01-13 00:37:48.581776 [hotstuff info] 0.747987
2022-01-13 00:37:48.581787 [hotstuff info] 0.747992
2022-01-13 00:37:48.581800 [hotstuff info] 0.747997
2022-01-13 00:37:48.581810 [hotstuff info] 0.748001
2022-01-13 00:37:48.581819 [hotstuff info] 0.748003
2022-01-13 00:37:48.581826 [hotstuff info] 0.748004
2022-01-13 00:37:48.581834 [hotstuff info] 0.748005
2022-01-13 00:37:48.581841 [hotstuff info] 0.748005
2022-01-13 00:37:48.581849 [hotstuff info] 0.748003
2022-01-13 00:37:48.581856 [hotstuff info] 0.747999
2022-01-13 00:37:48.581864 [hotstuff info] 0.747997
2022-01-13 00:37:48.581871 [hotstuff info] 0.747997
2022-01-13 00:37:48.581879 [hotstuff info] 0.747997
2022-01-13 00:37:48.581885 [hotstuff info] 0.747996
2022-01-13 00:37:48.581894 [hotstuff info] 0.747996
2022-01-13 00:37:48.581901 [hotstuff info] 0.747996
2022-01-13 00:37:48.581910 [hotstuff info] 0.747997
2022-01-13 00:37:48.581916 [hotstuff info] 0.747995
2022-01-13 00:37:49.114608 [hotstuff info] 0.666573
2022-01-13 00:37:49.114648 [hotstuff info] 0.666605
2022-01-13 00:37:49.114674 [hotstuff info] 0.666622
2022-01-13 00:37:49.114685 [hotstuff info] 0.666619
2022-01-13 00:37:49.114911 [hotstuff info] 0.666829
2022-01-13 00:37:49.114946 [hotstuff info] 0.666856
2022-01-13 00:37:49.114967 [hotstuff info] 0.666862
2022-01-13 00:37:49.114982 [hotstuff info] 0.666633
2022-01-13 00:37:49.115012 [hotstuff info] 0.666642
2022-01-13 00:37:49.115031 [hotstuff info] 0.666661
2022-01-13 00:37:49.115061 [hotstuff info] 0.666677
2022-01-13 00:37:49.115074 [hotstuff info] 0.666678
2022-01-13 00:37:49.115086 [hotstuff info] 0.666674
2022-01-13 00:37:49.115102 [hotstuff info] 0.666657
2022-01-13 00:37:49.115115 [hotstuff info] 0.666657
2022-01-13 00:37:49.115127 [hotstuff info] 0.666656
2022-01-13 00:37:49.115139 [hotstuff info] 0.666646
2022-01-13 00:37:49.115151 [hotstuff info] 0.666638
2022-01-13 00:37:49.115163 [hotstuff info] 0.666630
2022-01-13 00:37:49.115184 [hotstuff info] 0.666640
2022-01-13 00:37:49.115206 [hotstuff info] 0.666640
2022-01-13 00:37:49.115218 [hotstuff info] 0.666641
2022-01-13 00:37:49.115230 [hotstuff info] 0.666630
2022-01-13 00:37:49.115245 [hotstuff info] 0.666606
2022-01-13 00:37:49.115255 [hotstuff info] 0.666594
2022-01-13 00:37:49.115269 [hotstuff info] 0.666587
2022-01-13 00:37:49.115282 [hotstuff info] 0.666589
2022-01-13 00:37:49.115299 [hotstuff info] 0.666590
2022-01-13 00:37:49.115331 [hotstuff info] 0.666604
2022-01-13 00:37:49.115343 [hotstuff info] 0.666607
2022-01-13 00:37:49.115366 [hotstuff info] 0.666609
2022-01-13 00:37:49.115392 [hotstuff info] 0.666624
2022-01-13 00:37:49.115406 [hotstuff info] 0.666628
2022-01-13 00:37:49.115428 [hotstuff info] 0.666639
2022-01-13 00:37:49.115454 [hotstuff info] 0.666651
2022-01-13 00:37:49.115473 [hotstuff info] 0.666664
2022-01-13 00:37:49.115486 [hotstuff info] 0.666669
2022-01-13 00:37:49.162320 [hotstuff info] 0.713496
2022-01-13 00:37:49.162362 [hotstuff info] 0.713531
2022-01-13 00:37:49.162370 [hotstuff info] 0.713532
2022-01-13 00:37:49.162432 [hotstuff info] 0.713581
2022-01-13 00:37:49.162442 [hotstuff info] 0.713585
2022-01-13 00:37:49.162450 [hotstuff info] 0.713586
2022-01-13 00:37:49.162458 [hotstuff info] 0.713581
2022-01-13 00:37:49.162465 [hotstuff info] 0.713581
2022-01-13 00:37:49.162472 [hotstuff info] 0.713577
2022-01-13 00:37:49.162479 [hotstuff info] 0.713576
2022-01-13 00:37:49.162487 [hotstuff info] 0.713577
2022-01-13 00:37:49.162494 [hotstuff info] 0.713577
2022-01-13 00:37:49.162501 [hotstuff info] 0.713577
2022-01-13 00:37:49.162509 [hotstuff info] 0.713577
2022-01-13 00:37:49.162712 [hotstuff info] 0.666674
2022-01-13 00:37:49.162733 [hotstuff info] 0.666655
2022-01-13 00:37:49.162742 [hotstuff info] 0.666646
2022-01-13 00:37:49.166466 [hotstuff info] 0.670358
2022-01-13 00:37:49.166485 [hotstuff info] 0.670356
2022-01-13 00:37:49.166494 [hotstuff info] 0.670349
2022-01-13 00:37:49.166501 [hotstuff info] 0.670342
2022-01-13 00:37:49.166509 [hotstuff info] 0.670343
2022-01-13 00:37:49.166517 [hotstuff info] 0.670335
2022-01-13 00:37:49.166524 [hotstuff info] 0.670335
2022-01-13 00:37:49.166531 [hotstuff info] 0.670334
2022-01-13 00:37:49.166539 [hotstuff info] 0.670334
2022-01-13 00:37:49.166545 [hotstuff info] 0.670334
2022-01-13 00:37:49.166556 [hotstuff info] 0.670330
2022-01-13 00:37:49.166563 [hotstuff info] 0.670330
2022-01-13 00:37:49.166573 [hotstuff info] 0.670330
2022-01-13 00:37:49.166584 [hotstuff info] 0.670334
2022-01-13 00:37:49.166592 [hotstuff info] 0.670329
2022-01-13 00:37:49.166602 [hotstuff info] 0.668943
2022-01-13 00:37:49.166611 [hotstuff info] 0.668944
2022-01-13 00:37:49.166623 [hotstuff info] 0.668947
2022-01-13 00:37:49.166630 [hotstuff info] 0.668947
2022-01-13 00:37:49.166641 [hotstuff info] 0.668949
2022-01-13 00:37:49.166649 [hotstuff info] 0.668948
2022-01-13 00:37:49.166655 [hotstuff info] 0.668946
2022-01-13 00:37:49.247669 [hotstuff info] 0.747851
2022-01-13 00:37:49.247711 [hotstuff info] 0.747875
2022-01-13 00:37:49.247726 [hotstuff info] 0.747876
2022-01-13 00:37:49.247738 [hotstuff info] 0.747864
2022-01-13 00:37:49.247750 [hotstuff info] 0.747866
2022-01-13 00:37:49.247762 [hotstuff info] 0.747836
2022-01-13 00:37:49.247775 [hotstuff info] 0.747832
2022-01-13 00:37:49.247974 [hotstuff info] 0.748024
2022-01-13 00:37:49.248000 [hotstuff info] 0.748043
2022-01-13 00:37:49.248018 [hotstuff info] 0.748053
2022-01-13 00:37:49.248030 [hotstuff info] 0.748057
2022-01-13 00:37:49.248043 [hotstuff info] 0.748064
2022-01-13 00:37:49.248057 [hotstuff info] 0.748069
2022-01-13 00:37:49.248070 [hotstuff info] 0.748074
2022-01-13 00:37:49.248081 [hotstuff info] 0.748078
2022-01-13 00:37:49.248093 [hotstuff info] 0.748082
2022-01-13 00:37:49.248107 [hotstuff info] 0.748089
2022-01-13 00:37:49.248120 [hotstuff info] 0.748095
2022-01-13 00:37:49.248133 [hotstuff info] 0.748101
2022-01-13 00:37:49.248146 [hotstuff info] 0.748109
2022-01-13 00:37:49.248159 [hotstuff info] 0.748112
2022-01-13 00:37:49.248172 [hotstuff info] 0.748110
2022-01-13 00:37:49.248183 [hotstuff info] 0.748100
2022-01-13 00:37:49.248195 [hotstuff info] 0.748100
2022-01-13 00:37:49.248207 [hotstuff info] 0.748099
2022-01-13 00:37:49.248221 [hotstuff info] 0.748107
2022-01-13 00:37:49.248234 [hotstuff info] 0.748113
2022-01-13 00:37:49.248247 [hotstuff info] 0.748120
2022-01-13 00:37:49.248259 [hotstuff info] 0.748125
2022-01-13 00:37:49.248271 [hotstuff info] 0.748131
2022-01-13 00:37:49.248283 [hotstuff info] 0.748136
2022-01-13 00:37:49.248295 [hotstuff info] 0.748135
2022-01-13 00:37:49.248306 [hotstuff info] 0.748133
2022-01-13 00:37:49.248319 [hotstuff info] 0.748136
2022-01-13 00:37:49.248333 [hotstuff info] 0.748143
2022-01-13 00:37:49.248345 [hotstuff info] 0.748144
2022-01-13 00:37:49.248357 [hotstuff info] 0.667139
2022-01-13 00:37:49.248369 [hotstuff info] 0.667139
2022-01-13 00:37:49.248382 [hotstuff info] 0.667139
2022-01-13 00:37:49.248395 [hotstuff info] 0.667140
2022-01-13 00:37:49.248668 [hotstuff info] 0.667199
2022-01-13 00:37:49.248694 [hotstuff info] 0.667218
2022-01-13 00:37:49.248711 [hotstuff info] 0.667227
2022-01-13 00:37:49.248722 [hotstuff info] 0.667232
2022-01-13 00:37:49.248737 [hotstuff info] 0.667240
2022-01-13 00:37:49.248750 [hotstuff info] 0.667246
2022-01-13 00:37:49.248764 [hotstuff info] 0.667253
2022-01-13 00:37:49.248776 [hotstuff info] 0.667257
2022-01-13 00:37:49.248788 [hotstuff info] 0.667263
2022-01-13 00:37:49.248804 [hotstuff info] 0.667272
2022-01-13 00:37:49.248815 [hotstuff info] 0.667276
2022-01-13 00:37:49.248827 [hotstuff info] 0.667282
2022-01-13 00:37:49.248840 [hotstuff info] 0.667286
2022-01-13 00:37:49.248850 [hotstuff info] 0.667291
2022-01-13 00:37:49.248864 [hotstuff info] 0.667297
2022-01-13 00:37:49.248875 [hotstuff info] 0.667301
2022-01-13 00:37:49.248886 [hotstuff info] 0.667306
2022-01-13 00:37:49.248898 [hotstuff info] 0.667310
2022-01-13 00:37:49.248909 [hotstuff info] 0.667314
2022-01-13 00:37:49.248919 [hotstuff info] 0.667318
2022-01-13 00:37:49.248932 [hotstuff info] 0.667324
2022-01-13 00:37:49.248945 [hotstuff info] 0.667330
2022-01-13 00:37:49.248955 [hotstuff info] 0.667334
2022-01-13 00:37:49.248965 [hotstuff info] 0.667337
2022-01-13 00:37:49.248979 [hotstuff info] 0.667343
2022-01-13 00:37:49.248990 [hotstuff info] 0.667348
2022-01-13 00:37:49.249002 [hotstuff info] 0.667352
2022-01-13 00:37:49.249014 [hotstuff info] 0.667359
2022-01-13 00:37:49.249027 [hotstuff info] 0.667364
2022-01-13 00:37:49.249039 [hotstuff info] 0.667368
2022-01-13 00:37:49.249053 [hotstuff info] 0.667376
2022-01-13 00:37:49.249065 [hotstuff info] 0.667381
2022-01-13 00:37:49.249077 [hotstuff info] 0.667386
2022-01-13 00:37:49.249090 [hotstuff info] 0.667393
2022-01-13 00:37:49.249103 [hotstuff info] 0.667398
2022-01-13 00:37:49.249115 [hotstuff info] 0.667400
2022-01-13 00:37:49.249128 [hotstuff info] 0.667401
2022-01-13 00:37:49.249141 [hotstuff info] 0.667403
2022-01-13 00:37:49.249152 [hotstuff info] 0.667402
2022-01-13 00:37:49.249164 [hotstuff info] 0.667401
2022-01-13 00:37:49.249176 [hotstuff info] 0.667401
2022-01-13 00:37:49.249190 [hotstuff info] 0.667404
2022-01-13 00:37:49.249202 [hotstuff info] 0.667404
2022-01-13 00:37:49.249213 [hotstuff info] 0.667403
2022-01-13 00:37:49.249224 [hotstuff info] 0.667406
2022-01-13 00:37:49.249237 [hotstuff info] 0.667412
2022-01-13 00:37:49.249249 [hotstuff info] 0.667416
2022-01-13 00:37:49.249287 [hotstuff info] 0.667447
2022-01-13 00:37:49.249300 [hotstuff info] 0.667451
2022-01-13 00:37:49.249312 [hotstuff info] 0.667457
2022-01-13 00:37:49.249324 [hotstuff info] 0.667461
2022-01-13 00:37:49.249338 [hotstuff info] 0.667469
2022-01-13 00:37:49.249349 [hotstuff info] 0.667472
2022-01-13 00:37:49.249363 [hotstuff info] 0.667478
2022-01-13 00:37:49.249375 [hotstuff info] 0.667481
2022-01-13 00:37:49.249389 [hotstuff info] 0.667489
2022-01-13 00:37:49.249403 [hotstuff info] 0.667494
2022-01-13 00:37:49.249417 [hotstuff info] 0.667501
2022-01-13 00:37:49.249429 [hotstuff info] 0.667505
2022-01-13 00:37:49.781296 [hotstuff info] 0.666648
2022-01-13 00:37:49.781335 [hotstuff info] 0.666662
2022-01-13 00:37:49.781349 [hotstuff info] 0.666665
2022-01-13 00:37:49.781358 [hotstuff info] 0.666650
2022-01-13 00:37:49.781591 [hotstuff info] 0.666647
2022-01-13 00:37:49.781622 [hotstuff info] 0.666656
2022-01-13 00:37:49.781639 [hotstuff info] 0.666659
2022-01-13 00:37:49.781654 [hotstuff info] 0.666653
2022-01-13 00:37:49.781667 [hotstuff info] 0.666637
2022-01-13 00:37:49.781679 [hotstuff info] 0.666624
2022-01-13 00:37:49.781868 [hotstuff info] 0.666795
2022-01-13 00:37:49.781891 [hotstuff info] 0.666807
2022-01-13 00:37:49.781903 [hotstuff info] 0.666803
2022-01-13 00:37:49.781915 [hotstuff info] 0.666801
2022-01-13 00:37:49.781927 [hotstuff info] 0.666801
2022-01-13 00:37:49.781934 [hotstuff info] 0.666797
2022-01-13 00:37:49.781943 [hotstuff info] 0.666793
2022-01-13 00:37:49.781956 [hotstuff info] 0.666794
2022-01-13 00:37:49.781964 [hotstuff info] 0.666781
2022-01-13 00:37:49.781977 [hotstuff info] 0.666772
2022-01-13 00:37:49.781985 [hotstuff info] 0.666769
2022-01-13 00:37:49.781994 [hotstuff info] 0.666766
2022-01-13 00:37:49.782001 [hotstuff info] 0.666758
2022-01-13 00:37:49.782010 [hotstuff info] 0.666757
2022-01-13 00:37:49.782020 [hotstuff info] 0.666753
2022-01-13 00:37:49.782029 [hotstuff info] 0.666748
2022-01-13 00:37:49.782035 [hotstuff info] 0.666737
2022-01-13 00:37:49.782043 [hotstuff info] 0.666713
2022-01-13 00:37:49.782049 [hotstuff info] 0.666708
2022-01-13 00:37:49.782057 [hotstuff info] 0.666693
2022-01-13 00:37:49.782064 [hotstuff info] 0.666673
2022-01-13 00:37:49.782075 [hotstuff info] 0.666670
2022-01-13 00:37:49.782082 [hotstuff info] 0.666655
2022-01-13 00:37:49.782093 [hotstuff info] 0.666640
2022-01-13 00:37:49.829047 [hotstuff info] 0.713575
2022-01-13 00:37:49.829418 [hotstuff info] 0.713933
2022-01-13 00:37:49.829437 [hotstuff info] 0.713941
2022-01-13 00:37:49.829445 [hotstuff info] 0.667085
2022-01-13 00:37:49.829457 [hotstuff info] 0.667088
2022-01-13 00:37:49.829465 [hotstuff info] 0.667088
2022-01-13 00:37:49.829471 [hotstuff info] 0.667030
2022-01-13 00:37:49.829479 [hotstuff info] 0.667029
2022-01-13 00:37:49.829486 [hotstuff info] 0.667028
2022-01-13 00:37:49.829495 [hotstuff info] 0.667030
2022-01-13 00:37:49.829505 [hotstuff info] 0.667034
2022-01-13 00:37:49.829809 [hotstuff info] 0.667329
2022-01-13 00:37:49.829835 [hotstuff info] 0.667349
2022-01-13 00:37:49.829849 [hotstuff info] 0.667355
2022-01-13 00:37:49.829861 [hotstuff info] 0.667360
2022-01-13 00:37:49.829875 [hotstuff info] 0.667367
2022-01-13 00:37:49.829888 [hotstuff info] 0.667373
2022-01-13 00:37:49.829901 [hotstuff info] 0.667168
2022-01-13 00:37:49.829914 [hotstuff info] 0.667172
2022-01-13 00:37:49.829927 [hotstuff info] 0.667177
2022-01-13 00:37:49.914151 [hotstuff info] 0.747667
2022-01-13 00:37:49.914206 [hotstuff info] 0.747712
2022-01-13 00:37:49.914214 [hotstuff info] 0.747714
2022-01-13 00:37:49.914221 [hotstuff info] 0.747713
2022-01-13 00:37:49.914227 [hotstuff info] 0.747712
2022-01-13 00:37:49.914235 [hotstuff info] 0.747713
2022-01-13 00:37:49.914242 [hotstuff info] 0.747712
2022-01-13 00:37:49.914250 [hotstuff info] 0.747713
2022-01-13 00:37:49.914258 [hotstuff info] 0.747713
2022-01-13 00:37:49.914265 [hotstuff info] 0.747710
2022-01-13 00:37:49.914586 [hotstuff info] 0.748024
2022-01-13 00:37:49.914605 [hotstuff info] 0.748034
2022-01-13 00:37:49.914614 [hotstuff info] 0.748032
2022-01-13 00:37:49.914621 [hotstuff info] 0.748030
2022-01-13 00:37:49.914628 [hotstuff info] 0.748028
2022-01-13 00:37:49.914637 [hotstuff info] 0.748026
2022-01-13 00:37:49.914644 [hotstuff info] 0.748022
2022-01-13 00:37:49.914653 [hotstuff info] 0.748023
2022-01-13 00:37:49.914660 [hotstuff info] 0.748020
2022-01-13 00:37:49.914667 [hotstuff info] 0.748020
2022-01-13 00:37:49.914673 [hotstuff info] 0.748019
2022-01-13 00:37:49.914680 [hotstuff info] 0.748015
2022-01-13 00:37:49.914686 [hotstuff info] 0.666978
2022-01-13 00:37:49.914694 [hotstuff info] 0.666969
2022-01-13 00:37:49.914701 [hotstuff info] 0.666965
2022-01-13 00:37:49.914708 [hotstuff info] 0.666960
2022-01-13 00:37:49.914716 [hotstuff info] 0.666955
2022-01-13 00:37:49.914723 [hotstuff info] 0.666949
2022-01-13 00:37:49.914729 [hotstuff info] 0.666943
2022-01-13 00:37:49.914737 [hotstuff info] 0.666738
2022-01-13 00:37:49.914743 [hotstuff info] 0.666728
2022-01-13 00:37:49.914751 [hotstuff info] 0.666722
2022-01-13 00:37:49.914758 [hotstuff info] 0.666716
2022-01-13 00:37:49.914766 [hotstuff info] 0.666710
2022-01-13 00:37:49.914773 [hotstuff info] 0.666704
2022-01-13 00:37:49.914781 [hotstuff info] 0.666701
2022-01-13 00:37:49.914788 [hotstuff info] 0.666696
2022-01-13 00:37:49.915129 [hotstuff info] 0.667023
2022-01-13 00:37:49.915146 [hotstuff info] 0.667027
2022-01-13 00:37:49.915153 [hotstuff info] 0.667023
2022-01-13 00:37:49.915159 [hotstuff info] 0.667015
2022-01-13 00:37:49.915167 [hotstuff info] 0.667009
2022-01-13 00:37:49.915173 [hotstuff info] 0.667003
2022-01-13 00:37:49.915180 [hotstuff info] 0.666998
2022-01-13 00:37:49.915188 [hotstuff info] 0.666994
2022-01-13 00:37:49.915195 [hotstuff info] 0.666990
2022-01-13 00:37:49.915202 [hotstuff info] 0.666983
2022-01-13 00:37:49.915209 [hotstuff info] 0.666978
2022-01-13 00:37:49.915215 [hotstuff info] 0.666971
2022-01-13 00:37:49.915222 [hotstuff info] 0.666964
2022-01-13 00:37:49.915229 [hotstuff info] 0.666959
2022-01-13 00:37:49.915236 [hotstuff info] 0.666955
2022-01-13 00:37:49.915242 [hotstuff info] 0.666949
2022-01-13 00:37:49.915249 [hotstuff info] 0.666946
2022-01-13 00:37:49.915256 [hotstuff info] 0.666939
2022-01-13 00:37:49.915262 [hotstuff info] 0.666931
2022-01-13 00:37:49.915268 [hotstuff info] 0.666924
2022-01-13 00:37:49.915275 [hotstuff info] 0.666919
2022-01-13 00:37:49.915281 [hotstuff info] 0.666914
2022-01-13 00:37:49.915288 [hotstuff info] 0.666908
2022-01-13 00:37:49.915295 [hotstuff info] 0.666901
2022-01-13 00:37:49.915301 [hotstuff info] 0.666894
2022-01-13 00:37:49.915307 [hotstuff info] 0.666615
2022-01-13 00:37:49.915314 [hotstuff info] 0.666605
2022-01-13 00:37:49.962676 [hotstuff info] 0.713956
2022-01-13 00:37:49.962694 [hotstuff info] 0.713960
2022-01-13 00:37:49.962702 [hotstuff info] 0.713953
2022-01-13 00:37:49.962709 [hotstuff info] 0.713946
2022-01-13 00:37:49.962715 [hotstuff info] 0.713941
2022-01-13 00:37:49.962723 [hotstuff info] 0.713936
2022-01-13 00:37:49.962729 [hotstuff info] 0.713927
2022-01-13 00:37:49.962736 [hotstuff info] 0.713922
2022-01-13 00:37:49.962743 [hotstuff info] 0.713918
2022-01-13 00:37:49.962749 [hotstuff info] 0.713911
2022-01-13 00:37:49.962756 [hotstuff info] 0.713907
2022-01-13 00:37:49.962763 [hotstuff info] 0.713900
2022-01-13 00:37:49.962770 [hotstuff info] 0.713896
2022-01-13 00:37:49.962776 [hotstuff info] 0.713891
2022-01-13 00:37:49.962782 [hotstuff info] 0.713886
2022-01-13 00:37:49.962788 [hotstuff info] 0.713881
2022-01-13 00:37:49.963112 [hotstuff info] 0.714194
2022-01-13 00:37:49.963130 [hotstuff info] 0.714199
2022-01-13 00:37:49.963136 [hotstuff info] 0.714192
2022-01-13 00:37:49.963143 [hotstuff info] 0.714190
2022-01-13 00:37:49.963150 [hotstuff info] 0.714187
2022-01-13 00:37:49.963158 [hotstuff info] 0.714180
2022-01-13 00:37:49.963165 [hotstuff info] 0.714176
2022-01-13 00:37:49.963172 [hotstuff info] 0.714171
2022-01-13 00:37:49.963178 [hotstuff info] 0.714166
2022-01-13 00:37:49.963186 [hotstuff info] 0.714161
2022-01-13 00:37:49.963193 [hotstuff info] 0.714155
2022-01-13 00:37:49.963199 [hotstuff info] 0.714148
2022-01-13 00:37:49.963207 [hotstuff info] 0.714143
2022-01-13 00:37:49.963214 [hotstuff info] 0.714138
2022-01-13 00:37:49.963220 [hotstuff info] 0.714131
2022-01-13 00:37:49.963227 [hotstuff info] 0.714126
2022-01-13 00:37:49.963234 [hotstuff info] 0.714120
2022-01-13 00:37:49.963241 [hotstuff info] 0.714115
2022-01-13 00:37:49.963248 [hotstuff info] 0.714108
2022-01-13 00:37:49.963256 [hotstuff info] 0.714105
2022-01-13 00:37:49.963262 [hotstuff info] 0.714099
2022-01-13 00:37:49.963269 [hotstuff info] 0.714095
2022-01-13 00:37:49.963276 [hotstuff info] 0.714088
2022-01-13 00:37:49.963283 [hotstuff info] 0.714081
2022-01-13 00:37:49.963289 [hotstuff info] 0.714078
2022-01-13 00:37:49.963297 [hotstuff info] 0.714074
2022-01-13 00:37:49.963304 [hotstuff info] 0.714069
2022-01-13 00:37:49.963311 [hotstuff info] 0.714064
2022-01-13 00:37:49.963317 [hotstuff info] 0.714031
2022-01-13 00:37:49.963324 [hotstuff info] 0.714025
2022-01-13 00:37:49.963330 [hotstuff info] 0.714019
2022-01-13 00:37:49.963337 [hotstuff info] 0.714015
2022-01-13 00:37:49.963348 [hotstuff info] 0.714010
2022-01-13 00:37:50.047432 [hotstuff info] 0.798084
2022-01-13 00:37:50.047475 [hotstuff info] 0.798114
2022-01-13 00:37:50.047485 [hotstuff info] 0.798112
2022-01-13 00:37:50.047491 [hotstuff info] 0.798104
2022-01-13 00:37:50.047625 [hotstuff info] 0.798224
2022-01-13 00:37:50.047645 [hotstuff info] 0.798230
2022-01-13 00:37:50.047654 [hotstuff info] 0.798226
2022-01-13 00:37:50.047660 [hotstuff info] 0.798220
2022-01-13 00:37:50.448203 [hotstuff info] 0.666870
2022-01-13 00:37:50.448231 [hotstuff info] 0.666884
2022-01-13 00:37:50.448240 [hotstuff info] 0.666883
2022-01-13 00:37:50.448368 [hotstuff info] 0.667003
2022-01-13 00:37:50.448386 [hotstuff info] 0.666767
2022-01-13 00:37:50.448394 [hotstuff info] 0.666756
2022-01-13 00:37:50.448403 [hotstuff info] 0.666750
2022-01-13 00:37:50.448482 [hotstuff info] 0.666816
2022-01-13 00:37:50.448495 [hotstuff info] 0.666818
2022-01-13 00:37:50.448502 [hotstuff info] 0.666813
2022-01-13 00:37:50.448669 [hotstuff info] 0.666780
