2022-01-13 00:37:46.817639 [net info] starting all threads...
2022-01-13 00:37:46.817754 [net warn] ignoring option name in conf file: block-size
2022-01-13 00:37:46.817763 [net warn] ignoring option name in conf file: nworker
2022-01-13 00:37:46.817767 [net warn] ignoring option name in conf file: repnworker
2022-01-13 00:37:46.817771 [net warn] ignoring option name in conf file: clinworker
2022-01-13 00:37:46.817775 [net warn] ignoring option name in conf file: repburst
2022-01-13 00:37:46.817779 [net warn] ignoring option name in conf file: cliburst
2022-01-13 00:37:46.817782 [net warn] ignoring option name in conf file: pace-maker
2022-01-13 00:37:46.817795 [net info] loaded configuration from hotstuff.conf
2022-01-13 00:37:46.817866 [hotstuff info] nfaulty = 3
2022-01-13 00:37:46.818092 [net info] created <Conn fd=11 addr=<NetAddr 18.188.17.142:20000> mode=active>
2022-01-13 00:37:46.818309 [net info] created <Conn fd=19 addr=<NetAddr 3.142.114.174:20000> mode=active>
2022-01-13 00:37:46.818330 [net info] connected to remote <Conn fd=11 addr=<NetAddr 18.188.17.142:20000> mode=active>
2022-01-13 00:37:46.818492 [net info] created <Conn fd=21 addr=<NetAddr 52.79.253.61:20000> mode=active>
2022-01-13 00:37:46.818661 [net info] created <Conn fd=23 addr=<NetAddr 3.36.103.56:20000> mode=active>
2022-01-13 00:37:46.818837 [net info] created <Conn fd=25 addr=<NetAddr 54.93.131.236:20000> mode=active>
2022-01-13 00:37:46.818850 [net info] connected to remote <Conn fd=19 addr=<NetAddr 3.142.114.174:20000> mode=active>
2022-01-13 00:37:46.819036 [net info] created <Conn fd=27 addr=<NetAddr 3.120.147.128:20000> mode=active>
2022-01-13 00:37:46.819222 [net info] created <Conn fd=29 addr=<NetAddr 54.215.140.88:20000> mode=active>
2022-01-13 00:37:46.819406 [net info] created <Conn fd=31 addr=<NetAddr 54.193.29.119:20000> mode=active>
2022-01-13 00:37:46.819593 [net info] created <Conn fd=33 addr=<NetAddr 3.112.224.96:20000> mode=active>
2022-01-13 00:37:46.819781 [net info] created <Conn fd=35 addr=<NetAddr 54.95.218.99:20000> mode=active>
2022-01-13 00:37:46.870187 [net info] connected to remote <Conn fd=31 addr=<NetAddr 54.193.29.119:20000> mode=active>
2022-01-13 00:37:46.871015 [net info] connected to remote <Conn fd=29 addr=<NetAddr 54.215.140.88:20000> mode=active>
2022-01-13 00:37:46.918495 [net info] connected to remote <Conn fd=25 addr=<NetAddr 54.93.131.236:20000> mode=active>
2022-01-13 00:37:46.918750 [net info] connected to remote <Conn fd=27 addr=<NetAddr 3.120.147.128:20000> mode=active>
2022-01-13 00:37:46.950723 [net info] connected to remote <Conn fd=35 addr=<NetAddr 54.95.218.99:20000> mode=active>
2022-01-13 00:37:46.951076 [net info] connected to remote <Conn fd=33 addr=<NetAddr 3.112.224.96:20000> mode=active>
2022-01-13 00:37:46.978018 [net info] connected to remote <Conn fd=21 addr=<NetAddr 52.79.253.61:20000> mode=active>
2022-01-13 00:37:46.978895 [net info] connected to remote <Conn fd=23 addr=<NetAddr 3.36.103.56:20000> mode=active>
2022-01-13 00:37:47.514695 [hotstuff info] 0.694872
2022-01-13 00:37:47.514742 [hotstuff info] 0.694908
2022-01-13 00:37:47.514756 [hotstuff info] 0.694913
2022-01-13 00:37:47.514776 [hotstuff info] 0.694924
2022-01-13 00:37:47.514789 [hotstuff info] 0.694928
2022-01-13 00:37:47.514805 [hotstuff info] 0.694935
2022-01-13 00:37:47.514818 [hotstuff info] 0.694940
2022-01-13 00:37:47.514830 [hotstuff info] 0.694941
2022-01-13 00:37:47.514842 [hotstuff info] 0.694944
2022-01-13 00:37:47.514855 [hotstuff info] 0.694948
2022-01-13 00:37:47.514884 [hotstuff info] 0.694968
2022-01-13 00:37:47.514895 [hotstuff info] 0.694968
2022-01-13 00:37:47.514908 [hotstuff info] 0.694973
2022-01-13 00:37:47.514921 [hotstuff info] 0.694976
2022-01-13 00:37:47.514933 [hotstuff info] 0.694979
2022-01-13 00:37:47.514945 [hotstuff info] 0.694983
2022-01-13 00:37:47.514956 [hotstuff info] 0.694986
2022-01-13 00:37:47.514969 [hotstuff info] 0.694987
2022-01-13 00:37:47.514982 [hotstuff info] 0.694990
2022-01-13 00:37:47.514992 [hotstuff info] 0.694991
2022-01-13 00:37:47.515004 [hotstuff info] 0.694994
2022-01-13 00:37:47.515014 [hotstuff info] 0.694995
2022-01-13 00:37:47.515025 [hotstuff info] 0.694998
2022-01-13 00:37:47.515036 [hotstuff info] 0.695000
2022-01-13 00:37:47.515048 [hotstuff info] 0.695003
2022-01-13 00:37:47.646943 [hotstuff info] 0.826887
2022-01-13 00:37:47.646983 [hotstuff info] 0.826918
2022-01-13 00:37:47.646996 [hotstuff info] 0.826924
2022-01-13 00:37:47.647003 [hotstuff info] 0.826922
2022-01-13 00:37:47.647011 [hotstuff info] 0.826921
2022-01-13 00:37:47.647020 [hotstuff info] 0.826920
2022-01-13 00:37:47.647028 [hotstuff info] 0.826920
2022-01-13 00:37:47.647037 [hotstuff info] 0.826918
2022-01-13 00:37:47.647076 [hotstuff info] 0.826948
2022-01-13 00:37:47.647083 [hotstuff info] 0.826946
2022-01-13 00:37:47.647089 [hotstuff info] 0.826944
2022-01-13 00:37:47.647098 [hotstuff info] 0.826943
2022-01-13 00:37:47.647104 [hotstuff info] 0.826941
2022-01-13 00:37:47.647115 [hotstuff info] 0.826940
2022-01-13 00:37:47.647121 [hotstuff info] 0.826937
2022-01-13 00:37:47.647128 [hotstuff info] 0.826935
2022-01-13 00:37:47.647133 [hotstuff info] 0.826932
2022-01-13 00:37:47.647141 [hotstuff info] 0.826930
2022-01-13 00:37:47.647147 [hotstuff info] 0.826927
2022-01-13 00:37:47.647155 [hotstuff info] 0.826926
2022-01-13 00:37:47.647163 [hotstuff info] 0.826923
2022-01-13 00:37:47.647170 [hotstuff info] 0.826922
2022-01-13 00:37:47.647178 [hotstuff info] 0.826921
2022-01-13 00:37:47.647187 [hotstuff info] 0.826921
2022-01-13 00:37:47.647195 [hotstuff info] 0.826920
2022-01-13 00:37:47.647203 [hotstuff info] 0.826920
2022-01-13 00:37:47.647210 [hotstuff info] 0.826917
2022-01-13 00:37:47.647217 [hotstuff info] 0.826914
2022-01-13 00:37:47.647224 [hotstuff info] 0.826911
2022-01-13 00:37:47.647231 [hotstuff info] 0.826908
2022-01-13 00:37:47.647238 [hotstuff info] 0.826906
2022-01-13 00:37:47.647245 [hotstuff info] 0.826905
2022-01-13 00:37:47.647251 [hotstuff info] 0.826902
2022-01-13 00:37:47.647258 [hotstuff info] 0.826901
2022-01-13 00:37:47.647265 [hotstuff info] 0.826896
2022-01-13 00:37:47.647275 [hotstuff info] 0.826897
2022-01-13 00:37:47.647283 [hotstuff info] 0.826896
2022-01-13 00:37:47.647290 [hotstuff info] 0.826894
2022-01-13 00:37:47.647297 [hotstuff info] 0.826892
2022-01-13 00:37:47.647304 [hotstuff info] 0.826891
2022-01-13 00:37:47.647316 [hotstuff info] 0.826894
2022-01-13 00:37:47.647323 [hotstuff info] 0.826891
2022-01-13 00:37:47.647330 [hotstuff info] 0.826889
2022-01-13 00:37:47.647337 [hotstuff info] 0.826887
2022-01-13 00:37:47.647344 [hotstuff info] 0.826884
2022-01-13 00:37:47.647351 [hotstuff info] 0.826882
2022-01-13 00:37:47.647357 [hotstuff info] 0.826879
2022-01-13 00:37:47.647364 [hotstuff info] 0.826878
2022-01-13 00:37:47.647749 [hotstuff info] 0.827251
2022-01-13 00:37:47.647767 [hotstuff info] 0.827260
2022-01-13 00:37:47.647774 [hotstuff info] 0.827258
2022-01-13 00:37:47.647780 [hotstuff info] 0.827256
2022-01-13 00:37:47.647788 [hotstuff info] 0.827255
2022-01-13 00:37:47.647796 [hotstuff info] 0.827255
2022-01-13 00:37:47.647802 [hotstuff info] 0.827248
2022-01-13 00:37:47.647810 [hotstuff info] 0.827247
2022-01-13 00:37:47.647817 [hotstuff info] 0.827244
2022-01-13 00:37:47.647825 [hotstuff info] 0.827243
2022-01-13 00:37:47.647831 [hotstuff info] 0.827241
2022-01-13 00:37:47.647838 [hotstuff info] 0.827239
2022-01-13 00:37:47.647848 [hotstuff info] 0.827237
2022-01-13 00:37:47.647856 [hotstuff info] 0.827237
2022-01-13 00:37:47.647866 [hotstuff info] 0.827237
2022-01-13 00:37:47.647873 [hotstuff info] 0.827235
2022-01-13 00:37:47.647880 [hotstuff info] 0.827234
2022-01-13 00:37:47.647888 [hotstuff info] 0.827233
2022-01-13 00:37:47.647893 [hotstuff info] 0.827230
2022-01-13 00:37:47.647901 [hotstuff info] 0.827226
2022-01-13 00:37:47.647908 [hotstuff info] 0.827225
2022-01-13 00:37:47.647915 [hotstuff info] 0.827222
2022-01-13 00:37:47.647921 [hotstuff info] 0.827220
2022-01-13 00:37:47.647928 [hotstuff info] 0.827218
2022-01-13 00:37:47.647934 [hotstuff info] 0.827215
2022-01-13 00:37:47.647942 [hotstuff info] 0.827213
2022-01-13 00:37:47.647948 [hotstuff info] 0.827210
2022-01-13 00:37:47.647955 [hotstuff info] 0.827206
2022-01-13 00:37:47.647964 [hotstuff info] 0.827206
2022-01-13 00:37:47.647971 [hotstuff info] 0.827205
2022-01-13 00:37:47.647977 [hotstuff info] 0.827202
2022-01-13 00:37:47.647984 [hotstuff info] 0.827199
2022-01-13 00:37:47.647991 [hotstuff info] 0.827197
2022-01-13 00:37:47.647997 [hotstuff info] 0.827195
2022-01-13 00:37:47.648004 [hotstuff info] 0.827192
2022-01-13 00:37:47.648012 [hotstuff info] 0.827190
2022-01-13 00:37:47.648017 [hotstuff info] 0.827187
2022-01-13 00:37:47.648024 [hotstuff info] 0.827185
2022-01-13 00:37:47.648030 [hotstuff info] 0.827182
2022-01-13 00:37:47.648036 [hotstuff info] 0.827179
2022-01-13 00:37:47.648042 [hotstuff info] 0.827176
2022-01-13 00:37:47.648048 [hotstuff info] 0.827171
2022-01-13 00:37:47.648054 [hotstuff info] 0.827167
2022-01-13 00:37:47.648061 [hotstuff info] 0.827165
2022-01-13 00:37:47.648069 [hotstuff info] 0.827165
2022-01-13 00:37:47.648076 [hotstuff info] 0.827163
2022-01-13 00:37:47.648083 [hotstuff info] 0.827161
2022-01-13 00:37:47.648090 [hotstuff info] 0.827158
2022-01-13 00:37:47.648098 [hotstuff info] 0.827156
2022-01-13 00:37:47.694794 [hotstuff info] 0.873842
2022-01-13 00:37:47.694817 [hotstuff info] 0.873856
2022-01-13 00:37:47.694826 [hotstuff info] 0.873854
2022-01-13 00:37:47.694832 [hotstuff info] 0.873851
2022-01-13 00:37:47.694839 [hotstuff info] 0.873850
2022-01-13 00:37:47.694845 [hotstuff info] 0.873846
2022-01-13 00:37:47.694852 [hotstuff info] 0.873844
2022-01-13 00:37:47.694880 [hotstuff info] 0.873862
2022-01-13 00:37:47.694886 [hotstuff info] 0.873859
2022-01-13 00:37:47.694892 [hotstuff info] 0.873857
2022-01-13 00:37:47.694899 [hotstuff info] 0.873854
2022-01-13 00:37:47.694906 [hotstuff info] 0.873852
2022-01-13 00:37:47.694913 [hotstuff info] 0.873850
2022-01-13 00:37:47.694939 [hotstuff info] 0.873866
2022-01-13 00:37:47.694947 [hotstuff info] 0.873865
2022-01-13 00:37:47.694954 [hotstuff info] 0.873863
2022-01-13 00:37:47.694960 [hotstuff info] 0.873860
2022-01-13 00:37:47.694967 [hotstuff info] 0.873857
2022-01-13 00:37:47.694973 [hotstuff info] 0.873855
2022-01-13 00:37:47.694979 [hotstuff info] 0.873851
2022-01-13 00:37:47.694986 [hotstuff info] 0.873843
2022-01-13 00:37:47.694992 [hotstuff info] 0.873840
2022-01-13 00:37:47.694998 [hotstuff info] 0.873838
2022-01-13 00:37:47.695005 [hotstuff info] 0.873836
2022-01-13 00:37:47.695011 [hotstuff info] 0.873833
2022-01-13 00:37:47.697545 [hotstuff info] 0.876358
2022-01-13 00:37:47.697566 [hotstuff info] 0.876370
2022-01-13 00:37:47.697576 [hotstuff info] 0.876368
2022-01-13 00:37:47.697584 [hotstuff info] 0.876367
2022-01-13 00:37:47.698771 [hotstuff info] 0.877545
2022-01-13 00:37:47.698792 [hotstuff info] 0.877558
2022-01-13 00:37:47.698801 [hotstuff info] 0.877558
2022-01-13 00:37:47.698809 [hotstuff info] 0.877557
2022-01-13 00:37:47.698816 [hotstuff info] 0.877556
2022-01-13 00:37:47.698822 [hotstuff info] 0.877551
2022-01-13 00:37:47.698829 [hotstuff info] 0.877548
2022-01-13 00:37:47.698838 [hotstuff info] 0.877548
2022-01-13 00:37:47.698846 [hotstuff info] 0.877546
2022-01-13 00:37:47.698854 [hotstuff info] 0.877546
2022-01-13 00:37:47.698870 [hotstuff info] 0.877554
2022-01-13 00:37:47.698876 [hotstuff info] 0.877551
2022-01-13 00:37:47.698884 [hotstuff info] 0.877549
2022-01-13 00:37:47.698891 [hotstuff info] 0.877545
2022-01-13 00:37:47.698898 [hotstuff info] 0.877543
2022-01-13 00:37:47.698904 [hotstuff info] 0.877541
2022-01-13 00:37:47.698911 [hotstuff info] 0.877533
2022-01-13 00:37:47.698917 [hotstuff info] 0.877530
2022-01-13 00:37:47.698924 [hotstuff info] 0.877527
2022-01-13 00:37:47.698930 [hotstuff info] 0.877525
2022-01-13 00:37:47.698936 [hotstuff info] 0.877522
2022-01-13 00:37:47.698943 [hotstuff info] 0.877520
2022-01-13 00:37:47.698950 [hotstuff info] 0.877517
2022-01-13 00:37:47.698957 [hotstuff info] 0.877513
2022-01-13 00:37:48.047460 [hotstuff info] 0.532720
2022-01-13 00:37:48.047494 [hotstuff info] 0.532740
2022-01-13 00:37:48.047504 [hotstuff info] 0.532738
2022-01-13 00:37:48.047511 [hotstuff info] 0.532723
2022-01-13 00:37:48.047518 [hotstuff info] 0.532714
2022-01-13 00:37:48.047525 [hotstuff info] 0.532708
2022-01-13 00:37:48.047532 [hotstuff info] 0.532703
2022-01-13 00:37:48.047538 [hotstuff info] 0.532698
2022-01-13 00:37:48.047546 [hotstuff info] 0.532692
2022-01-13 00:37:48.047753 [hotstuff info] 0.532871
2022-01-13 00:37:48.047779 [hotstuff info] 0.532886
2022-01-13 00:37:48.047791 [hotstuff info] 0.532885
2022-01-13 00:37:48.047804 [hotstuff info] 0.532885
2022-01-13 00:37:48.047816 [hotstuff info] 0.532885
2022-01-13 00:37:48.047828 [hotstuff info] 0.532884
2022-01-13 00:37:48.047840 [hotstuff info] 0.532885
2022-01-13 00:37:48.047852 [hotstuff info] 0.532884
2022-01-13 00:37:48.047863 [hotstuff info] 0.532882
2022-01-13 00:37:48.047874 [hotstuff info] 0.532883
2022-01-13 00:37:48.047885 [hotstuff info] 0.532882
2022-01-13 00:37:48.047895 [hotstuff info] 0.532882
2022-01-13 00:37:48.047906 [hotstuff info] 0.532882
2022-01-13 00:37:48.047917 [hotstuff info] 0.532882
2022-01-13 00:37:48.047929 [hotstuff info] 0.532883
2022-01-13 00:37:48.047939 [hotstuff info] 0.532881
2022-01-13 00:37:48.313446 [hotstuff info] 0.666466
2022-01-13 00:37:48.313481 [hotstuff info] 0.666487
2022-01-13 00:37:48.313494 [hotstuff info] 0.666491
2022-01-13 00:37:48.313504 [hotstuff info] 0.666493
2022-01-13 00:37:48.313511 [hotstuff info] 0.666492
2022-01-13 00:37:48.313518 [hotstuff info] 0.666490
2022-01-13 00:37:48.313525 [hotstuff info] 0.666490
2022-01-13 00:37:48.313756 [hotstuff info] 0.666681
2022-01-13 00:37:48.313773 [hotstuff info] 0.666692
2022-01-13 00:37:48.313782 [hotstuff info] 0.666694
2022-01-13 00:37:48.313788 [hotstuff info] 0.666692
2022-01-13 00:37:48.313795 [hotstuff info] 0.666691
2022-01-13 00:37:48.313801 [hotstuff info] 0.666688
2022-01-13 00:37:48.313808 [hotstuff info] 0.666688
2022-01-13 00:37:48.313815 [hotstuff info] 0.666688
2022-01-13 00:37:48.313821 [hotstuff info] 0.666688
2022-01-13 00:37:48.313828 [hotstuff info] 0.666689
2022-01-13 00:37:48.313835 [hotstuff info] 0.666690
2022-01-13 00:37:48.313843 [hotstuff info] 0.666689
2022-01-13 00:37:48.313850 [hotstuff info] 0.666688
2022-01-13 00:37:48.313857 [hotstuff info] 0.666688
2022-01-13 00:37:48.313863 [hotstuff info] 0.666686
2022-01-13 00:37:48.313869 [hotstuff info] 0.666683
2022-01-13 00:37:48.313875 [hotstuff info] 0.666681
2022-01-13 00:37:48.313881 [hotstuff info] 0.666679
2022-01-13 00:37:48.313887 [hotstuff info] 0.666679
2022-01-13 00:37:48.313893 [hotstuff info] 0.666676
2022-01-13 00:37:48.313900 [hotstuff info] 0.666676
2022-01-13 00:37:48.313906 [hotstuff info] 0.666676
2022-01-13 00:37:48.313913 [hotstuff info] 0.666676
2022-01-13 00:37:48.313919 [hotstuff info] 0.666676
2022-01-13 00:37:48.313925 [hotstuff info] 0.666675
2022-01-13 00:37:48.313932 [hotstuff info] 0.666675
2022-01-13 00:37:48.313938 [hotstuff info] 0.666675
2022-01-13 00:37:48.313946 [hotstuff info] 0.666672
2022-01-13 00:37:48.313951 [hotstuff info] 0.666670
2022-01-13 00:37:48.313957 [hotstuff info] 0.666669
2022-01-13 00:37:48.313964 [hotstuff info] 0.666668
2022-01-13 00:37:48.313970 [hotstuff info] 0.666666
2022-01-13 00:37:48.313976 [hotstuff info] 0.666660
2022-01-13 00:37:48.313982 [hotstuff info] 0.666659
2022-01-13 00:37:48.313989 [hotstuff info] 0.666659
2022-01-13 00:37:48.313995 [hotstuff info] 0.666658
2022-01-13 00:37:48.314001 [hotstuff info] 0.666658
2022-01-13 00:37:48.314008 [hotstuff info] 0.666658
2022-01-13 00:37:48.314014 [hotstuff info] 0.666658
2022-01-13 00:37:48.314020 [hotstuff info] 0.666657
2022-01-13 00:37:48.314026 [hotstuff info] 0.666657
2022-01-13 00:37:48.361627 [hotstuff info] 0.713861
2022-01-13 00:37:48.361703 [hotstuff info] 0.713930
2022-01-13 00:37:48.361710 [hotstuff info] 0.713930
2022-01-13 00:37:48.361890 [hotstuff info] 0.714103
2022-01-13 00:37:48.361905 [hotstuff info] 0.714110
2022-01-13 00:37:48.361912 [hotstuff info] 0.714110
2022-01-13 00:37:48.361919 [hotstuff info] 0.714109
2022-01-13 00:37:48.361925 [hotstuff info] 0.714109
2022-01-13 00:37:48.361932 [hotstuff info] 0.714108
2022-01-13 00:37:48.361954 [hotstuff info] 0.714124
2022-01-13 00:37:48.361961 [hotstuff info] 0.714123
2022-01-13 00:37:48.361967 [hotstuff info] 0.714120
2022-01-13 00:37:48.361974 [hotstuff info] 0.714118
2022-01-13 00:37:48.361980 [hotstuff info] 0.714115
2022-01-13 00:37:48.361987 [hotstuff info] 0.714115
2022-01-13 00:37:48.362194 [hotstuff info] 0.714315
2022-01-13 00:37:48.362211 [hotstuff info] 0.714325
2022-01-13 00:37:48.362218 [hotstuff info] 0.714326
2022-01-13 00:37:48.362226 [hotstuff info] 0.714326
2022-01-13 00:37:48.362233 [hotstuff info] 0.714325
2022-01-13 00:37:48.362241 [hotstuff info] 0.714327
2022-01-13 00:37:48.362248 [hotstuff info] 0.714327
2022-01-13 00:37:48.362255 [hotstuff info] 0.714327
2022-01-13 00:37:48.362262 [hotstuff info] 0.714329
2022-01-13 00:37:48.362268 [hotstuff info] 0.714328
2022-01-13 00:37:48.362275 [hotstuff info] 0.714328
2022-01-13 00:37:48.362282 [hotstuff info] 0.714328
2022-01-13 00:37:48.362288 [hotstuff info] 0.714326
2022-01-13 00:37:48.362296 [hotstuff info] 0.714325
2022-01-13 00:37:48.362302 [hotstuff info] 0.714325
2022-01-13 00:37:48.362309 [hotstuff info] 0.714327
2022-01-13 00:37:48.362315 [hotstuff info] 0.714326
2022-01-13 00:37:48.362322 [hotstuff info] 0.714325
2022-01-13 00:37:48.362328 [hotstuff info] 0.714324
2022-01-13 00:37:48.362335 [hotstuff info] 0.714324
2022-01-13 00:37:48.362341 [hotstuff info] 0.714324
2022-01-13 00:37:48.362348 [hotstuff info] 0.714324
2022-01-13 00:37:48.362354 [hotstuff info] 0.714324
2022-01-13 00:37:48.362360 [hotstuff info] 0.714325
2022-01-13 00:37:48.362367 [hotstuff info] 0.714325
2022-01-13 00:37:48.362373 [hotstuff info] 0.714326
2022-01-13 00:37:48.362380 [hotstuff info] 0.714327
2022-01-13 00:37:48.362387 [hotstuff info] 0.714328
2022-01-13 00:37:48.362394 [hotstuff info] 0.714326
2022-01-13 00:37:48.362400 [hotstuff info] 0.714325
2022-01-13 00:37:48.362407 [hotstuff info] 0.714324
2022-01-13 00:37:48.362414 [hotstuff info] 0.714325
2022-01-13 00:37:48.362421 [hotstuff info] 0.714323
2022-01-13 00:37:48.362427 [hotstuff info] 0.714324
2022-01-13 00:37:48.362434 [hotstuff info] 0.667618
2022-01-13 00:37:48.362440 [hotstuff info] 0.667616
2022-01-13 00:37:48.362447 [hotstuff info] 0.667616
2022-01-13 00:37:48.364346 [hotstuff info] 0.669509
2022-01-13 00:37:48.364367 [hotstuff info] 0.669523
2022-01-13 00:37:48.364376 [hotstuff info] 0.669524
2022-01-13 00:37:48.364382 [hotstuff info] 0.669504
2022-01-13 00:37:48.364389 [hotstuff info] 0.669504
2022-01-13 00:37:48.364396 [hotstuff info] 0.669505
2022-01-13 00:37:48.364403 [hotstuff info] 0.669505
2022-01-13 00:37:48.364410 [hotstuff info] 0.669506
2022-01-13 00:37:48.364416 [hotstuff info] 0.669505
2022-01-13 00:37:48.364423 [hotstuff info] 0.669504
2022-01-13 00:37:48.364429 [hotstuff info] 0.669483
2022-01-13 00:37:48.364436 [hotstuff info] 0.669482
2022-01-13 00:37:48.364442 [hotstuff info] 0.669483
2022-01-13 00:37:48.364449 [hotstuff info] 0.669483
2022-01-13 00:37:48.364457 [hotstuff info] 0.669484
2022-01-13 00:37:48.364463 [hotstuff info] 0.669485
2022-01-13 00:37:48.364469 [hotstuff info] 0.669485
2022-01-13 00:37:48.364476 [hotstuff info] 0.669485
2022-01-13 00:37:48.364482 [hotstuff info] 0.669485
2022-01-13 00:37:48.364489 [hotstuff info] 0.669485
2022-01-13 00:37:48.364496 [hotstuff info] 0.669486
2022-01-13 00:37:48.364501 [hotstuff info] 0.669485
2022-01-13 00:37:48.364508 [hotstuff info] 0.666943
2022-01-13 00:37:48.365372 [hotstuff info] 0.667797
2022-01-13 00:37:48.365392 [hotstuff info] 0.667810
2022-01-13 00:37:48.365403 [hotstuff info] 0.667812
2022-01-13 00:37:48.365411 [hotstuff info] 0.666620
2022-01-13 00:37:48.365417 [hotstuff info] 0.666617
2022-01-13 00:37:48.365424 [hotstuff info] 0.666616
2022-01-13 00:37:48.365431 [hotstuff info] 0.666616
2022-01-13 00:37:48.365437 [hotstuff info] 0.666616
2022-01-13 00:37:48.365444 [hotstuff info] 0.666617
2022-01-13 00:37:48.365451 [hotstuff info] 0.666614
2022-01-13 00:37:48.365456 [hotstuff info] 0.666612
2022-01-13 00:37:48.365464 [hotstuff info] 0.666612
2022-01-13 00:37:48.365471 [hotstuff info] 0.666601
2022-01-13 00:37:48.365479 [hotstuff info] 0.666603
2022-01-13 00:37:48.365485 [hotstuff info] 0.666603
2022-01-13 00:37:48.365493 [hotstuff info] 0.666603
2022-01-13 00:37:48.365499 [hotstuff info] 0.666602
2022-01-13 00:37:48.365506 [hotstuff info] 0.666602
2022-01-13 00:37:48.365514 [hotstuff info] 0.666604
2022-01-13 00:37:48.365520 [hotstuff info] 0.666604
2022-01-13 00:37:48.365526 [hotstuff info] 0.666604
2022-01-13 00:37:48.365534 [hotstuff info] 0.666605
2022-01-13 00:37:48.365540 [hotstuff info] 0.666605
2022-01-13 00:37:48.365548 [hotstuff info] 0.666605
2022-01-13 00:37:48.365554 [hotstuff info] 0.666605
2022-01-13 00:37:48.365561 [hotstuff info] 0.666606
2022-01-13 00:37:48.365568 [hotstuff info] 0.666603
2022-01-13 00:37:48.713947 [hotstuff info] 0.666455
2022-01-13 00:37:48.713979 [hotstuff info] 0.666476
2022-01-13 00:37:48.713989 [hotstuff info] 0.666479
2022-01-13 00:37:48.713997 [hotstuff info] 0.666480
2022-01-13 00:37:48.714008 [hotstuff info] 0.666484
2022-01-13 00:37:48.714016 [hotstuff info] 0.666486
2022-01-13 00:37:48.714024 [hotstuff info] 0.666486
2022-01-13 00:37:48.714030 [hotstuff info] 0.666486
2022-01-13 00:37:48.714038 [hotstuff info] 0.666487
2022-01-13 00:37:48.714239 [hotstuff info] 0.666462
2022-01-13 00:37:48.714262 [hotstuff info] 0.666471
2022-01-13 00:37:48.714273 [hotstuff info] 0.666470
2022-01-13 00:37:48.714286 [hotstuff info] 0.666470
2022-01-13 00:37:48.714310 [hotstuff info] 0.666483
2022-01-13 00:37:48.714323 [hotstuff info] 0.666484
2022-01-13 00:37:48.714335 [hotstuff info] 0.666484
2022-01-13 00:37:48.714346 [hotstuff info] 0.666485
2022-01-13 00:37:48.714358 [hotstuff info] 0.666485
2022-01-13 00:37:48.714369 [hotstuff info] 0.666485
2022-01-13 00:37:48.714380 [hotstuff info] 0.666486
2022-01-13 00:37:48.714391 [hotstuff info] 0.666486
2022-01-13 00:37:48.714403 [hotstuff info] 0.666487
2022-01-13 00:37:48.714413 [hotstuff info] 0.666485
2022-01-13 00:37:48.714425 [hotstuff info] 0.666487
2022-01-13 00:37:48.714628 [hotstuff info] 0.666678
2022-01-13 00:37:48.980277 [hotstuff info] 0.666802
2022-01-13 00:37:48.980307 [hotstuff info] 0.666815
2022-01-13 00:37:48.980318 [hotstuff info] 0.666815
2022-01-13 00:37:48.980460 [hotstuff info] 0.666950
2022-01-13 00:37:48.980477 [hotstuff info] 0.666960
2022-01-13 00:37:48.980484 [hotstuff info] 0.666960
2022-01-13 00:37:48.980490 [hotstuff info] 0.666960
2022-01-13 00:37:48.980498 [hotstuff info] 0.666725
2022-01-13 00:37:48.980504 [hotstuff info] 0.666723
2022-01-13 00:37:48.980511 [hotstuff info] 0.666723
2022-01-13 00:37:48.980517 [hotstuff info] 0.666723
2022-01-13 00:37:48.980523 [hotstuff info] 0.666722
2022-01-13 00:37:48.980529 [hotstuff info] 0.666723
2022-01-13 00:37:48.980536 [hotstuff info] 0.666722
2022-01-13 00:37:48.980542 [hotstuff info] 0.666722
2022-01-13 00:37:48.980549 [hotstuff info] 0.666721
2022-01-13 00:37:48.980556 [hotstuff info] 0.666721
2022-01-13 00:37:48.980562 [hotstuff info] 0.666720
2022-01-13 00:37:48.980568 [hotstuff info] 0.666718
2022-01-13 00:37:48.980574 [hotstuff info] 0.666718
2022-01-13 00:37:48.980580 [hotstuff info] 0.666718
2022-01-13 00:37:48.980587 [hotstuff info] 0.666718
2022-01-13 00:37:48.980593 [hotstuff info] 0.666718
2022-01-13 00:37:48.980600 [hotstuff info] 0.666719
2022-01-13 00:37:48.980606 [hotstuff info] 0.666719
2022-01-13 00:37:48.980624 [hotstuff info] 0.666732
2022-01-13 00:37:48.980630 [hotstuff info] 0.666732
2022-01-13 00:37:48.980637 [hotstuff info] 0.666731
2022-01-13 00:37:48.980643 [hotstuff info] 0.666731
2022-01-13 00:37:48.980650 [hotstuff info] 0.666732
2022-01-13 00:37:48.980656 [hotstuff info] 0.666731
2022-01-13 00:37:48.980663 [hotstuff info] 0.666731
2022-01-13 00:37:48.980669 [hotstuff info] 0.666731
2022-01-13 00:37:48.980674 [hotstuff info] 0.666730
2022-01-13 00:37:48.980681 [hotstuff info] 0.666731
2022-01-13 00:37:48.980688 [hotstuff info] 0.666732
2022-01-13 00:37:48.980695 [hotstuff info] 0.666733
2022-01-13 00:37:48.980702 [hotstuff info] 0.666733
2022-01-13 00:37:48.980709 [hotstuff info] 0.666734
2022-01-13 00:37:48.980728 [hotstuff info] 0.666747
2022-01-13 00:37:48.980735 [hotstuff info] 0.666748
2022-01-13 00:37:48.980742 [hotstuff info] 0.666748
2022-01-13 00:37:48.980748 [hotstuff info] 0.666748
2022-01-13 00:37:48.980755 [hotstuff info] 0.666748
2022-01-13 00:37:48.980762 [hotstuff info] 0.666749
2022-01-13 00:37:48.980768 [hotstuff info] 0.666748
2022-01-13 00:37:48.980775 [hotstuff info] 0.666749
2022-01-13 00:37:48.980782 [hotstuff info] 0.666750
2022-01-13 00:37:48.980788 [hotstuff info] 0.619137
2022-01-13 00:37:48.980794 [hotstuff info] 0.619085
2022-01-13 00:37:48.980800 [hotstuff info] 0.619085
2022-01-13 00:37:48.981178 [hotstuff info] 0.619274
2022-01-13 00:37:48.981198 [hotstuff info] 0.619288
2022-01-13 00:37:48.981207 [hotstuff info] 0.619290
2022-01-13 00:37:48.981214 [hotstuff info] 0.619290
2022-01-13 00:37:49.028233 [hotstuff info] 0.666302
2022-01-13 00:37:49.028311 [hotstuff info] 0.666358
2022-01-13 00:37:49.028361 [hotstuff info] 0.666401
2022-01-13 00:37:49.028370 [hotstuff info] 0.666404
2022-01-13 00:37:49.028376 [hotstuff info] 0.666404
2022-01-13 00:37:49.028383 [hotstuff info] 0.666404
2022-01-13 00:37:49.028389 [hotstuff info] 0.666403
2022-01-13 00:37:49.028395 [hotstuff info] 0.666402
2022-01-13 00:37:49.028401 [hotstuff info] 0.666190
2022-01-13 00:37:49.028407 [hotstuff info] 0.666190
2022-01-13 00:37:49.028414 [hotstuff info] 0.666189
2022-01-13 00:37:49.028421 [hotstuff info] 0.666189
2022-01-13 00:37:49.028427 [hotstuff info] 0.666188
2022-01-13 00:37:49.028434 [hotstuff info] 0.666187
2022-01-13 00:37:49.028441 [hotstuff info] 0.666187
2022-01-13 00:37:49.028447 [hotstuff info] 0.666186
2022-01-13 00:37:49.028455 [hotstuff info] 0.666188
2022-01-13 00:37:49.028462 [hotstuff info] 0.666188
2022-01-13 00:37:49.028469 [hotstuff info] 0.666187
2022-01-13 00:37:49.028476 [hotstuff info] 0.666188
2022-01-13 00:37:49.028482 [hotstuff info] 0.666187
2022-01-13 00:37:49.028489 [hotstuff info] 0.666188
2022-01-13 00:37:49.028495 [hotstuff info] 0.666187
2022-01-13 00:37:49.028501 [hotstuff info] 0.666186
2022-01-13 00:37:49.028508 [hotstuff info] 0.666187
2022-01-13 00:37:49.028515 [hotstuff info] 0.666188
2022-01-13 00:37:49.028535 [hotstuff info] 0.666202
2022-01-13 00:37:49.028543 [hotstuff info] 0.666202
2022-01-13 00:37:49.028549 [hotstuff info] 0.666203
2022-01-13 00:37:49.028555 [hotstuff info] 0.666202
2022-01-13 00:37:49.028561 [hotstuff info] 0.666201
2022-01-13 00:37:49.028567 [hotstuff info] 0.666201
2022-01-13 00:37:49.028574 [hotstuff info] 0.666201
2022-01-13 00:37:49.028580 [hotstuff info] 0.666202
2022-01-13 00:37:49.028587 [hotstuff info] 0.666200
2022-01-13 00:37:49.028593 [hotstuff info] 0.666201
2022-01-13 00:37:49.028599 [hotstuff info] 0.666200
2022-01-13 00:37:49.028605 [hotstuff info] 0.666200
2022-01-13 00:37:49.028611 [hotstuff info] 0.666198
2022-01-13 00:37:49.028617 [hotstuff info] 0.666198
2022-01-13 00:37:49.028624 [hotstuff info] 0.666197
2022-01-13 00:37:49.028629 [hotstuff info] 0.666197
2022-01-13 00:37:49.028636 [hotstuff info] 0.666196
2022-01-13 00:37:49.028642 [hotstuff info] 0.666196
2022-01-13 00:37:49.028649 [hotstuff info] 0.666196
2022-01-13 00:37:49.029031 [hotstuff info] 0.664665
2022-01-13 00:37:49.029048 [hotstuff info] 0.664673
2022-01-13 00:37:49.029057 [hotstuff info] 0.664675
2022-01-13 00:37:49.029064 [hotstuff info] 0.664675
2022-01-13 00:37:49.029071 [hotstuff info] 0.664676
2022-01-13 00:37:49.029079 [hotstuff info] 0.664677
2022-01-13 00:37:49.029085 [hotstuff info] 0.664675
2022-01-13 00:37:49.029091 [hotstuff info] 0.664675
2022-01-13 00:37:49.029098 [hotstuff info] 0.664677
2022-01-13 00:37:49.029105 [hotstuff info] 0.664676
2022-01-13 00:37:49.029112 [hotstuff info] 0.664677
2022-01-13 00:37:49.029119 [hotstuff info] 0.664677
2022-01-13 00:37:49.029126 [hotstuff info] 0.664678
2022-01-13 00:37:49.029133 [hotstuff info] 0.664677
2022-01-13 00:37:49.029141 [hotstuff info] 0.664679
2022-01-13 00:37:49.029148 [hotstuff info] 0.664679
2022-01-13 00:37:49.029154 [hotstuff info] 0.664680
2022-01-13 00:37:49.029161 [hotstuff info] 0.664679
2022-01-13 00:37:49.029167 [hotstuff info] 0.664679
2022-01-13 00:37:49.029174 [hotstuff info] 0.664680
2022-01-13 00:37:49.029180 [hotstuff info] 0.664680
2022-01-13 00:37:49.029187 [hotstuff info] 0.664680
2022-01-13 00:37:49.029194 [hotstuff info] 0.664681
2022-01-13 00:37:49.029200 [hotstuff info] 0.663809
2022-01-13 00:37:49.029206 [hotstuff info] 0.663805
2022-01-13 00:37:49.029213 [hotstuff info] 0.663804
2022-01-13 00:37:49.029219 [hotstuff info] 0.663803
2022-01-13 00:37:49.029226 [hotstuff info] 0.663803
2022-01-13 00:37:49.029233 [hotstuff info] 0.663802
2022-01-13 00:37:49.029239 [hotstuff info] 0.663802
2022-01-13 00:37:49.029245 [hotstuff info] 0.663801
2022-01-13 00:37:49.029251 [hotstuff info] 0.663802
2022-01-13 00:37:49.029257 [hotstuff info] 0.663802
2022-01-13 00:37:49.029263 [hotstuff info] 0.663800
2022-01-13 00:37:49.029270 [hotstuff info] 0.663800
2022-01-13 00:37:49.029276 [hotstuff info] 0.663799
2022-01-13 00:37:49.029282 [hotstuff info] 0.663798
2022-01-13 00:37:49.029289 [hotstuff info] 0.663797
2022-01-13 00:37:49.029308 [hotstuff info] 0.663810
2022-01-13 00:37:49.113071 [hotstuff info] 0.747566
2022-01-13 00:37:49.113092 [hotstuff info] 0.747579
2022-01-13 00:37:49.113104 [hotstuff info] 0.747584
2022-01-13 00:37:49.113111 [hotstuff info] 0.747585
2022-01-13 00:37:49.113118 [hotstuff info] 0.747584
2022-01-13 00:37:49.113125 [hotstuff info] 0.747586
2022-01-13 00:37:49.113131 [hotstuff info] 0.747585
2022-01-13 00:37:49.113312 [hotstuff info] 0.747759
2022-01-13 00:37:49.113332 [hotstuff info] 0.747771
2022-01-13 00:37:49.113340 [hotstuff info] 0.747773
2022-01-13 00:37:49.113348 [hotstuff info] 0.747775
2022-01-13 00:37:49.380523 [hotstuff info] 0.666545
2022-01-13 00:37:49.380652 [hotstuff info] 0.666664
2022-01-13 00:37:49.380679 [hotstuff info] 0.666683
2022-01-13 00:37:49.380692 [hotstuff info] 0.666685
2022-01-13 00:37:49.380703 [hotstuff info] 0.666687
2022-01-13 00:37:49.380715 [hotstuff info] 0.666692
2022-01-13 00:37:49.380727 [hotstuff info] 0.666698
2022-01-13 00:37:49.380737 [hotstuff info] 0.666701
2022-01-13 00:37:49.380749 [hotstuff info] 0.666705
2022-01-13 00:37:49.380978 [hotstuff info] 0.666717
2022-01-13 00:37:49.380994 [hotstuff info] 0.666722
2022-01-13 00:37:49.381002 [hotstuff info] 0.666718
2022-01-13 00:37:49.381011 [hotstuff info] 0.666715
2022-01-13 00:37:49.381019 [hotstuff info] 0.666697
2022-01-13 00:37:49.381026 [hotstuff info] 0.666694
2022-01-13 00:37:49.381033 [hotstuff info] 0.666687
2022-01-13 00:37:49.381039 [hotstuff info] 0.666682
2022-01-13 00:37:49.381046 [hotstuff info] 0.666678
2022-01-13 00:37:49.381053 [hotstuff info] 0.666675
2022-01-13 00:37:49.381061 [hotstuff info] 0.666672
2022-01-13 00:37:49.381067 [hotstuff info] 0.666666
2022-01-13 00:37:49.381074 [hotstuff info] 0.666664
2022-01-13 00:37:49.381080 [hotstuff info] 0.666658
2022-01-13 00:37:49.381088 [hotstuff info] 0.666655
2022-01-13 00:37:49.381094 [hotstuff info] 0.666446
2022-01-13 00:37:49.646639 [hotstuff info] 0.666333
2022-01-13 00:37:49.646687 [hotstuff info] 0.666371
2022-01-13 00:37:49.646822 [hotstuff info] 0.666498
2022-01-13 00:37:49.646881 [hotstuff info] 0.666405
2022-01-13 00:37:49.646914 [hotstuff info] 0.666430
2022-01-13 00:37:49.646930 [hotstuff info] 0.666441
2022-01-13 00:37:49.646984 [hotstuff info] 0.666488
2022-01-13 00:37:49.646998 [hotstuff info] 0.666496
2022-01-13 00:37:49.647011 [hotstuff info] 0.666501
2022-01-13 00:37:49.647022 [hotstuff info] 0.666506
2022-01-13 00:37:49.647034 [hotstuff info] 0.666513
2022-01-13 00:37:49.647045 [hotstuff info] 0.666516
2022-01-13 00:37:49.647057 [hotstuff info] 0.666522
2022-01-13 00:37:49.647067 [hotstuff info] 0.666525
2022-01-13 00:37:49.647096 [hotstuff info] 0.666548
2022-01-13 00:37:49.647107 [hotstuff info] 0.666553
2022-01-13 00:37:49.647126 [hotstuff info] 0.666559
2022-01-13 00:37:49.647138 [hotstuff info] 0.666571
2022-01-13 00:37:49.647159 [hotstuff info] 0.666587
2022-01-13 00:37:49.647176 [hotstuff info] 0.666597
2022-01-13 00:37:49.647193 [hotstuff info] 0.666606
2022-01-13 00:37:49.647202 [hotstuff info] 0.666610
2022-01-13 00:37:49.647213 [hotstuff info] 0.666615
2022-01-13 00:37:49.647230 [hotstuff info] 0.666624
2022-01-13 00:37:49.647250 [hotstuff info] 0.666637
2022-01-13 00:37:49.647264 [hotstuff info] 0.666634
2022-01-13 00:37:49.647277 [hotstuff info] 0.666641
2022-01-13 00:37:49.647287 [hotstuff info] 0.666645
2022-01-13 00:37:49.647298 [hotstuff info] 0.666649
2022-01-13 00:37:49.647313 [hotstuff info] 0.666657
2022-01-13 00:37:49.647331 [hotstuff info] 0.666669
2022-01-13 00:37:49.647342 [hotstuff info] 0.666674
2022-01-13 00:37:49.647354 [hotstuff info] 0.666680
2022-01-13 00:37:49.647600 [hotstuff info] 0.666919
2022-01-13 00:37:49.647621 [hotstuff info] 0.666933
2022-01-13 00:37:49.647631 [hotstuff info] 0.666936
2022-01-13 00:37:49.647638 [hotstuff info] 0.666938
2022-01-13 00:37:49.647646 [hotstuff info] 0.666938
2022-01-13 00:37:49.647653 [hotstuff info] 0.666939
2022-01-13 00:37:49.647660 [hotstuff info] 0.666925
2022-01-13 00:37:49.647667 [hotstuff info] 0.666927
2022-01-13 00:37:49.647675 [hotstuff info] 0.666927
2022-01-13 00:37:49.647682 [hotstuff info] 0.666928
2022-01-13 00:37:49.647689 [hotstuff info] 0.666928
2022-01-13 00:37:49.647697 [hotstuff info] 0.666929
2022-01-13 00:37:49.647702 [hotstuff info] 0.666929
2022-01-13 00:37:49.647710 [hotstuff info] 0.666930
2022-01-13 00:37:49.647717 [hotstuff info] 0.666930
2022-01-13 00:37:49.647724 [hotstuff info] 0.666930
2022-01-13 00:37:49.647731 [hotstuff info] 0.666932
2022-01-13 00:37:49.647742 [hotstuff info] 0.666936
2022-01-13 00:37:49.647749 [hotstuff info] 0.666551
2022-01-13 00:37:49.647762 [hotstuff info] 0.666555
2022-01-13 00:37:49.647768 [hotstuff info] 0.666555
2022-01-13 00:37:49.647775 [hotstuff info] 0.666554
2022-01-13 00:37:49.647782 [hotstuff info] 0.619525
2022-01-13 00:37:49.647797 [hotstuff info] 0.619477
2022-01-13 00:37:49.694626 [hotstuff info] 0.666257
2022-01-13 00:37:49.694651 [hotstuff info] 0.666275
2022-01-13 00:37:49.694661 [hotstuff info] 0.666280
2022-01-13 00:37:49.694672 [hotstuff info] 0.666285
2022-01-13 00:37:49.694680 [hotstuff info] 0.666286
2022-01-13 00:37:49.694687 [hotstuff info] 0.666287
2022-01-13 00:37:49.694946 [hotstuff info] 0.666539
2022-01-13 00:37:49.694963 [hotstuff info] 0.666550
2022-01-13 00:37:49.694971 [hotstuff info] 0.666552
2022-01-13 00:37:49.694979 [hotstuff info] 0.666552
2022-01-13 00:37:49.694986 [hotstuff info] 0.666554
2022-01-13 00:37:49.694994 [hotstuff info] 0.666554
2022-01-13 00:37:49.695001 [hotstuff info] 0.666555
2022-01-13 00:37:49.695009 [hotstuff info] 0.666554
2022-01-13 00:37:49.695015 [hotstuff info] 0.666554
2022-01-13 00:37:49.695185 [hotstuff info] 0.666717
2022-01-13 00:37:49.695202 [hotstuff info] 0.666727
2022-01-13 00:37:49.695209 [hotstuff info] 0.666728
2022-01-13 00:37:49.695214 [hotstuff info] 0.666727
2022-01-13 00:37:49.695221 [hotstuff info] 0.666726
2022-01-13 00:37:49.695228 [hotstuff info] 0.666729
2022-01-13 00:37:49.695235 [hotstuff info] 0.666728
2022-01-13 00:37:49.695242 [hotstuff info] 0.666729
2022-01-13 00:37:49.695249 [hotstuff info] 0.666730
2022-01-13 00:37:49.695256 [hotstuff info] 0.666715
2022-01-13 00:37:49.695264 [hotstuff info] 0.666716
2022-01-13 00:37:49.695271 [hotstuff info] 0.666717
2022-01-13 00:37:49.695278 [hotstuff info] 0.666718
2022-01-13 00:37:49.695284 [hotstuff info] 0.666718
2022-01-13 00:37:49.695291 [hotstuff info] 0.666717
2022-01-13 00:37:49.695297 [hotstuff info] 0.666717
2022-01-13 00:37:49.695305 [hotstuff info] 0.666719
2022-01-13 00:37:49.695311 [hotstuff info] 0.666719
2022-01-13 00:37:49.695317 [hotstuff info] 0.666719
2022-01-13 00:37:49.695324 [hotstuff info] 0.666719
2022-01-13 00:37:49.695330 [hotstuff info] 0.666721
2022-01-13 00:37:49.695337 [hotstuff info] 0.666720
2022-01-13 00:37:49.695344 [hotstuff info] 0.666721
2022-01-13 00:37:49.695350 [hotstuff info] 0.666721
2022-01-13 00:37:49.695357 [hotstuff info] 0.666722
2022-01-13 00:37:49.695363 [hotstuff info] 0.666722
2022-01-13 00:37:49.695369 [hotstuff info] 0.666722
2022-01-13 00:37:49.695375 [hotstuff info] 0.666721
2022-01-13 00:37:49.695382 [hotstuff info] 0.666335
2022-01-13 00:37:49.695389 [hotstuff info] 0.666333
2022-01-13 00:37:49.695394 [hotstuff info] 0.666332
2022-01-13 00:37:49.695401 [hotstuff info] 0.666330
2022-01-13 00:37:49.695407 [hotstuff info] 0.666330
2022-01-13 00:37:49.695413 [hotstuff info] 0.666330
2022-01-13 00:37:49.695420 [hotstuff info] 0.666330
2022-01-13 00:37:49.695426 [hotstuff info] 0.666329
2022-01-13 00:37:49.695433 [hotstuff info] 0.666329
2022-01-13 00:37:49.695439 [hotstuff info] 0.666328
2022-01-13 00:37:49.779678 [hotstuff info] 0.750561
2022-01-13 00:37:49.779703 [hotstuff info] 0.750577
2022-01-13 00:37:49.779714 [hotstuff info] 0.750582
2022-01-13 00:37:49.779724 [hotstuff info] 0.750585
2022-01-13 00:37:49.779734 [hotstuff info] 0.750587
2022-01-13 00:37:49.779740 [hotstuff info] 0.750587
2022-01-13 00:37:49.779748 [hotstuff info] 0.750588
2022-01-13 00:37:49.779755 [hotstuff info] 0.750588
2022-01-13 00:37:49.779761 [hotstuff info] 0.750587
2022-01-13 00:37:49.779767 [hotstuff info] 0.750587
2022-01-13 00:37:49.779774 [hotstuff info] 0.750589
2022-01-13 00:37:49.779780 [hotstuff info] 0.750588
2022-01-13 00:37:49.779788 [hotstuff info] 0.750588
2022-01-13 00:37:49.779794 [hotstuff info] 0.750589
2022-01-13 00:37:49.779800 [hotstuff info] 0.750588
2022-01-13 00:37:49.779807 [hotstuff info] 0.750589
2022-01-13 00:37:49.779814 [hotstuff info] 0.750589
2022-01-13 00:37:49.779820 [hotstuff info] 0.750589
2022-01-13 00:37:49.780089 [hotstuff info] 0.750851
2022-01-13 00:37:49.780106 [hotstuff info] 0.750863
2022-01-13 00:37:49.780114 [hotstuff info] 0.750864
2022-01-13 00:37:49.780122 [hotstuff info] 0.750865
2022-01-13 00:37:49.780130 [hotstuff info] 0.750867
2022-01-13 00:37:49.780137 [hotstuff info] 0.750867
2022-01-13 00:37:49.780144 [hotstuff info] 0.750868
2022-01-13 00:37:49.780151 [hotstuff info] 0.750870
2022-01-13 00:37:49.780158 [hotstuff info] 0.750870
2022-01-13 00:37:49.780165 [hotstuff info] 0.750858
2022-01-13 00:37:49.780172 [hotstuff info] 0.750860
2022-01-13 00:37:49.780179 [hotstuff info] 0.667088
2022-01-13 00:37:49.780186 [hotstuff info] 0.667084
2022-01-13 00:37:49.780198 [hotstuff info] 0.667089
2022-01-13 00:37:49.780205 [hotstuff info] 0.667089
2022-01-13 00:37:49.780212 [hotstuff info] 0.667087
2022-01-13 00:37:49.780220 [hotstuff info] 0.667089
2022-01-13 00:37:49.780226 [hotstuff info] 0.667086
2022-01-13 00:37:49.780233 [hotstuff info] 0.666902
2022-01-13 00:37:49.780239 [hotstuff info] 0.666900
2022-01-13 00:37:49.780245 [hotstuff info] 0.666898
2022-01-13 00:37:49.780490 [hotstuff info] 0.667135
2022-01-13 00:37:50.047189 [hotstuff info] 0.666638
2022-01-13 00:37:50.047367 [hotstuff info] 0.666689
2022-01-13 00:37:50.047397 [hotstuff info] 0.666706
2022-01-13 00:37:50.047408 [hotstuff info] 0.666706
2022-01-13 00:37:50.047419 [hotstuff info] 0.666705
2022-01-13 00:37:50.047430 [hotstuff info] 0.666705
2022-01-13 00:37:50.047441 [hotstuff info] 0.666706
2022-01-13 00:37:50.047452 [hotstuff info] 0.666705
2022-01-13 00:37:50.047465 [hotstuff info] 0.666705
2022-01-13 00:37:50.047613 [hotstuff info] 0.666620
2022-01-13 00:37:50.047630 [hotstuff info] 0.666629
