2022-01-13 00:37:46.808804 [net info] starting all threads...
2022-01-13 00:37:46.808927 [net warn] ignoring option name in conf file: block-size
2022-01-13 00:37:46.808935 [net warn] ignoring option name in conf file: nworker
2022-01-13 00:37:46.808940 [net warn] ignoring option name in conf file: repnworker
2022-01-13 00:37:46.808944 [net warn] ignoring option name in conf file: clinworker
2022-01-13 00:37:46.808948 [net warn] ignoring option name in conf file: repburst
2022-01-13 00:37:46.808952 [net warn] ignoring option name in conf file: cliburst
2022-01-13 00:37:46.808955 [net warn] ignoring option name in conf file: pace-maker
2022-01-13 00:37:46.808968 [net info] loaded configuration from hotstuff.conf
2022-01-13 00:37:46.809043 [hotstuff info] nfaulty = 3
2022-01-13 00:37:46.809263 [net info] created <Conn fd=11 addr=<NetAddr 18.188.17.142:20000> mode=active>
2022-01-13 00:37:46.809476 [net info] created <Conn fd=19 addr=<NetAddr 3.142.114.174:20000> mode=active>
2022-01-13 00:37:46.809496 [net info] connected to remote <Conn fd=11 addr=<NetAddr 18.188.17.142:20000> mode=active>
2022-01-13 00:37:46.809675 [net info] created <Conn fd=21 addr=<NetAddr 52.79.253.61:20000> mode=active>
2022-01-13 00:37:46.809868 [net info] created <Conn fd=23 addr=<NetAddr 3.36.103.56:20000> mode=active>
2022-01-13 00:37:46.810046 [net info] created <Conn fd=25 addr=<NetAddr 54.93.131.236:20000> mode=active>
2022-01-13 00:37:46.810060 [net info] connected to remote <Conn fd=19 addr=<NetAddr 3.142.114.174:20000> mode=active>
2022-01-13 00:37:46.810216 [net info] created <Conn fd=27 addr=<NetAddr 3.120.147.128:20000> mode=active>
2022-01-13 00:37:46.810380 [net info] created <Conn fd=29 addr=<NetAddr 54.215.140.88:20000> mode=active>
2022-01-13 00:37:46.810541 [net info] created <Conn fd=31 addr=<NetAddr 54.193.29.119:20000> mode=active>
2022-01-13 00:37:46.810709 [net info] created <Conn fd=33 addr=<NetAddr 3.112.224.96:20000> mode=active>
2022-01-13 00:37:46.810905 [net info] created <Conn fd=35 addr=<NetAddr 54.95.218.99:20000> mode=active>
2022-01-13 00:37:46.860050 [net info] connected to remote <Conn fd=29 addr=<NetAddr 54.215.140.88:20000> mode=active>
2022-01-13 00:37:46.862395 [net info] connected to remote <Conn fd=31 addr=<NetAddr 54.193.29.119:20000> mode=active>
2022-01-13 00:37:46.909880 [net info] connected to remote <Conn fd=25 addr=<NetAddr 54.93.131.236:20000> mode=active>
2022-01-13 00:37:46.910139 [net info] connected to remote <Conn fd=27 addr=<NetAddr 3.120.147.128:20000> mode=active>
2022-01-13 00:37:46.942117 [net info] connected to remote <Conn fd=33 addr=<NetAddr 3.112.224.96:20000> mode=active>
2022-01-13 00:37:46.943392 [net info] connected to remote <Conn fd=35 addr=<NetAddr 54.95.218.99:20000> mode=active>
2022-01-13 00:37:46.969859 [net info] connected to remote <Conn fd=21 addr=<NetAddr 52.79.253.61:20000> mode=active>
2022-01-13 00:37:46.970302 [net info] connected to remote <Conn fd=23 addr=<NetAddr 3.36.103.56:20000> mode=active>
2022-01-13 00:37:47.514208 [hotstuff info] 0.703256
2022-01-13 00:37:47.514241 [hotstuff info] 0.703279
2022-01-13 00:37:47.514249 [hotstuff info] 0.703278
2022-01-13 00:37:47.514257 [hotstuff info] 0.703277
2022-01-13 00:37:47.514265 [hotstuff info] 0.703275
2022-01-13 00:37:47.514278 [hotstuff info] 0.703279
2022-01-13 00:37:47.514289 [hotstuff info] 0.703281
2022-01-13 00:37:47.514296 [hotstuff info] 0.703279
2022-01-13 00:37:47.514304 [hotstuff info] 0.703277
2022-01-13 00:37:47.514313 [hotstuff info] 0.703278
2022-01-13 00:37:47.514320 [hotstuff info] 0.703275
2022-01-13 00:37:47.514327 [hotstuff info] 0.703271
2022-01-13 00:37:47.514336 [hotstuff info] 0.703271
2022-01-13 00:37:47.514344 [hotstuff info] 0.703270
2022-01-13 00:37:47.514352 [hotstuff info] 0.703270
2022-01-13 00:37:47.514361 [hotstuff info] 0.703270
2022-01-13 00:37:47.514369 [hotstuff info] 0.703270
2022-01-13 00:37:47.514378 [hotstuff info] 0.703268
2022-01-13 00:37:47.514386 [hotstuff info] 0.703266
2022-01-13 00:37:47.514393 [hotstuff info] 0.703265
2022-01-13 00:37:47.514402 [hotstuff info] 0.703264
2022-01-13 00:37:47.514409 [hotstuff info] 0.703261
2022-01-13 00:37:47.514416 [hotstuff info] 0.703256
2022-01-13 00:37:47.514423 [hotstuff info] 0.703250
2022-01-13 00:37:47.514430 [hotstuff info] 0.703245
2022-01-13 00:37:47.514438 [hotstuff info] 0.703239
2022-01-13 00:37:47.514447 [hotstuff info] 0.703236
2022-01-13 00:37:47.514455 [hotstuff info] 0.703230
2022-01-13 00:37:47.514462 [hotstuff info] 0.703222
2022-01-13 00:37:47.514468 [hotstuff info] 0.703216
2022-01-13 00:37:47.514475 [hotstuff info] 0.703214
2022-01-13 00:37:47.514483 [hotstuff info] 0.703213
2022-01-13 00:37:47.514490 [hotstuff info] 0.703208
2022-01-13 00:37:47.514518 [hotstuff info] 0.703227
2022-01-13 00:37:47.514527 [hotstuff info] 0.703228
2022-01-13 00:37:47.514534 [hotstuff info] 0.703225
2022-01-13 00:37:47.514542 [hotstuff info] 0.703225
2022-01-13 00:37:47.514549 [hotstuff info] 0.703222
2022-01-13 00:37:47.514555 [hotstuff info] 0.703218
2022-01-13 00:37:47.514561 [hotstuff info] 0.703215
2022-01-13 00:37:47.514568 [hotstuff info] 0.703213
2022-01-13 00:37:47.514574 [hotstuff info] 0.703209
2022-01-13 00:37:47.514581 [hotstuff info] 0.703208
2022-01-13 00:37:47.514587 [hotstuff info] 0.703205
2022-01-13 00:37:47.514594 [hotstuff info] 0.703203
2022-01-13 00:37:47.514600 [hotstuff info] 0.703198
2022-01-13 00:37:47.514607 [hotstuff info] 0.703195
2022-01-13 00:37:47.514613 [hotstuff info] 0.703192
2022-01-13 00:37:47.515059 [hotstuff info] 0.703629
2022-01-13 00:37:47.515080 [hotstuff info] 0.703641
2022-01-13 00:37:47.515087 [hotstuff info] 0.703639
2022-01-13 00:37:47.515094 [hotstuff info] 0.703624
2022-01-13 00:37:47.515101 [hotstuff info] 0.703614
2022-01-13 00:37:47.515107 [hotstuff info] 0.703608
2022-01-13 00:37:47.515115 [hotstuff info] 0.703605
2022-01-13 00:37:47.515122 [hotstuff info] 0.703604
2022-01-13 00:37:47.515129 [hotstuff info] 0.703602
2022-01-13 00:37:47.515136 [hotstuff info] 0.703600
2022-01-13 00:37:47.515143 [hotstuff info] 0.703597
2022-01-13 00:37:47.515150 [hotstuff info] 0.703593
2022-01-13 00:37:47.515159 [hotstuff info] 0.703593
2022-01-13 00:37:47.515165 [hotstuff info] 0.703590
2022-01-13 00:37:47.515173 [hotstuff info] 0.703590
2022-01-13 00:37:47.515182 [hotstuff info] 0.703589
2022-01-13 00:37:47.515189 [hotstuff info] 0.703587
2022-01-13 00:37:47.515205 [hotstuff info] 0.703594
2022-01-13 00:37:47.515211 [hotstuff info] 0.703589
2022-01-13 00:37:47.515217 [hotstuff info] 0.703587
2022-01-13 00:37:47.515223 [hotstuff info] 0.703585
2022-01-13 00:37:47.515230 [hotstuff info] 0.703583
2022-01-13 00:37:47.515241 [hotstuff info] 0.703584
2022-01-13 00:37:47.515247 [hotstuff info] 0.703582
2022-01-13 00:37:47.515254 [hotstuff info] 0.703580
2022-01-13 00:37:47.515261 [hotstuff info] 0.703575
2022-01-13 00:37:47.515270 [hotstuff info] 0.703575
2022-01-13 00:37:47.515276 [hotstuff info] 0.703573
2022-01-13 00:37:47.515283 [hotstuff info] 0.703571
2022-01-13 00:37:47.515289 [hotstuff info] 0.703568
2022-01-13 00:37:47.515297 [hotstuff info] 0.703567
2022-01-13 00:37:47.515304 [hotstuff info] 0.703562
2022-01-13 00:37:47.515311 [hotstuff info] 0.703560
2022-01-13 00:37:47.515319 [hotstuff info] 0.703559
2022-01-13 00:37:47.515329 [hotstuff info] 0.703559
2022-01-13 00:37:47.515336 [hotstuff info] 0.703558
2022-01-13 00:37:47.515344 [hotstuff info] 0.703556
2022-01-13 00:37:47.515350 [hotstuff info] 0.703551
2022-01-13 00:37:47.515357 [hotstuff info] 0.703549
2022-01-13 00:37:47.515362 [hotstuff info] 0.703546
2022-01-13 00:37:47.515369 [hotstuff info] 0.703544
2022-01-13 00:37:47.515379 [hotstuff info] 0.703544
2022-01-13 00:37:47.515387 [hotstuff info] 0.703543
2022-01-13 00:37:47.515393 [hotstuff info] 0.703540
2022-01-13 00:37:47.515400 [hotstuff info] 0.703538
2022-01-13 00:37:47.515407 [hotstuff info] 0.703535
2022-01-13 00:37:47.515414 [hotstuff info] 0.703533
2022-01-13 00:37:47.515421 [hotstuff info] 0.703530
2022-01-13 00:37:47.515428 [hotstuff info] 0.703529
2022-01-13 00:37:47.562091 [hotstuff info] 0.750183
2022-01-13 00:37:47.562116 [hotstuff info] 0.750200
2022-01-13 00:37:47.562124 [hotstuff info] 0.750199
2022-01-13 00:37:47.562132 [hotstuff info] 0.750193
2022-01-13 00:37:47.562138 [hotstuff info] 0.750190
2022-01-13 00:37:47.562146 [hotstuff info] 0.750189
2022-01-13 00:37:47.562153 [hotstuff info] 0.750188
2022-01-13 00:37:47.562160 [hotstuff info] 0.750187
2022-01-13 00:37:47.562167 [hotstuff info] 0.750184
2022-01-13 00:37:47.562174 [hotstuff info] 0.750183
2022-01-13 00:37:47.562181 [hotstuff info] 0.750178
2022-01-13 00:37:47.562189 [hotstuff info] 0.750177
2022-01-13 00:37:47.562195 [hotstuff info] 0.750175
2022-01-13 00:37:47.562211 [hotstuff info] 0.750182
2022-01-13 00:37:47.562218 [hotstuff info] 0.750181
2022-01-13 00:37:47.566116 [hotstuff info] 0.754068
2022-01-13 00:37:47.566140 [hotstuff info] 0.754084
2022-01-13 00:37:47.566151 [hotstuff info] 0.754084
2022-01-13 00:37:47.566160 [hotstuff info] 0.754084
2022-01-13 00:37:47.566170 [hotstuff info] 0.754085
2022-01-13 00:37:47.566176 [hotstuff info] 0.754083
2022-01-13 00:37:47.566183 [hotstuff info] 0.754082
2022-01-13 00:37:47.566190 [hotstuff info] 0.754079
2022-01-13 00:37:47.566198 [hotstuff info] 0.754078
2022-01-13 00:37:47.566204 [hotstuff info] 0.754074
2022-01-13 00:37:47.566212 [hotstuff info] 0.754073
2022-01-13 00:37:47.566218 [hotstuff info] 0.754070
2022-01-13 00:37:47.566225 [hotstuff info] 0.754066
2022-01-13 00:37:47.566232 [hotstuff info] 0.754064
2022-01-13 00:37:47.566239 [hotstuff info] 0.754063
2022-01-13 00:37:47.566245 [hotstuff info] 0.754059
2022-01-13 00:37:47.566251 [hotstuff info] 0.754056
2022-01-13 00:37:47.566270 [hotstuff info] 0.754066
2022-01-13 00:37:47.566280 [hotstuff info] 0.754066
2022-01-13 00:37:47.566285 [hotstuff info] 0.754063
2022-01-13 00:37:47.566293 [hotstuff info] 0.754061
2022-01-13 00:37:47.566298 [hotstuff info] 0.754058
2022-01-13 00:37:47.566305 [hotstuff info] 0.754055
2022-01-13 00:37:47.566312 [hotstuff info] 0.754051
2022-01-13 00:37:47.566319 [hotstuff info] 0.754049
2022-01-13 00:37:47.566326 [hotstuff info] 0.754047
2022-01-13 00:37:47.566333 [hotstuff info] 0.754045
2022-01-13 00:37:47.566340 [hotstuff info] 0.754043
2022-01-13 00:37:47.566347 [hotstuff info] 0.754042
2022-01-13 00:37:47.566353 [hotstuff info] 0.754039
2022-01-13 00:37:47.566360 [hotstuff info] 0.754032
2022-01-13 00:37:47.566366 [hotstuff info] 0.754029
2022-01-13 00:37:47.566373 [hotstuff info] 0.754028
2022-01-13 00:37:47.566380 [hotstuff info] 0.754026
2022-01-13 00:37:47.566388 [hotstuff info] 0.754024
2022-01-13 00:37:47.566394 [hotstuff info] 0.754021
2022-01-13 00:37:47.566400 [hotstuff info] 0.754019
2022-01-13 00:37:47.566407 [hotstuff info] 0.754014
2022-01-13 00:37:47.566414 [hotstuff info] 0.754011
2022-01-13 00:37:47.566420 [hotstuff info] 0.754010
2022-01-13 00:37:47.566427 [hotstuff info] 0.754008
2022-01-13 00:37:47.566433 [hotstuff info] 0.754005
2022-01-13 00:37:47.566444 [hotstuff info] 0.754006
2022-01-13 00:37:47.566451 [hotstuff info] 0.754004
2022-01-13 00:37:47.566457 [hotstuff info] 0.754000
2022-01-13 00:37:47.566464 [hotstuff info] 0.753997
2022-01-13 00:37:47.566474 [hotstuff info] 0.753998
2022-01-13 00:37:47.566482 [hotstuff info] 0.753997
2022-01-13 00:37:47.566490 [hotstuff info] 0.753996
2022-01-13 00:37:47.566496 [hotstuff info] 0.753994
2022-01-13 00:37:47.566503 [hotstuff info] 0.753992
2022-01-13 00:37:47.566510 [hotstuff info] 0.753989
2022-01-13 00:37:47.566517 [hotstuff info] 0.753985
2022-01-13 00:37:47.566524 [hotstuff info] 0.753983
2022-01-13 00:37:47.566530 [hotstuff info] 0.753981
2022-01-13 00:37:47.566537 [hotstuff info] 0.753974
2022-01-13 00:37:47.566544 [hotstuff info] 0.753971
2022-01-13 00:37:47.566549 [hotstuff info] 0.753967
2022-01-13 00:37:47.566555 [hotstuff info] 0.753964
2022-01-13 00:37:47.566562 [hotstuff info] 0.753962
2022-01-13 00:37:47.566569 [hotstuff info] 0.753960
2022-01-13 00:37:47.566575 [hotstuff info] 0.753957
2022-01-13 00:37:47.566582 [hotstuff info] 0.753955
2022-01-13 00:37:48.047118 [hotstuff info] 0.532878
2022-01-13 00:37:48.047155 [hotstuff info] 0.532906
2022-01-13 00:37:48.047168 [hotstuff info] 0.532911
2022-01-13 00:37:48.047178 [hotstuff info] 0.532915
2022-01-13 00:37:48.047189 [hotstuff info] 0.532913
2022-01-13 00:37:48.047201 [hotstuff info] 0.532914
2022-01-13 00:37:48.047212 [hotstuff info] 0.532917
2022-01-13 00:37:48.047223 [hotstuff info] 0.532920
2022-01-13 00:37:48.047234 [hotstuff info] 0.532921
2022-01-13 00:37:48.047245 [hotstuff info] 0.532926
2022-01-13 00:37:48.047257 [hotstuff info] 0.532930
2022-01-13 00:37:48.047268 [hotstuff info] 0.532933
2022-01-13 00:37:48.047278 [hotstuff info] 0.532935
2022-01-13 00:37:48.047289 [hotstuff info] 0.532938
2022-01-13 00:37:48.047301 [hotstuff info] 0.532941
2022-01-13 00:37:48.047574 [hotstuff info] 0.533205
2022-01-13 00:37:48.047598 [hotstuff info] 0.533220
2022-01-13 00:37:48.047608 [hotstuff info] 0.533223
2022-01-13 00:37:48.047619 [hotstuff info] 0.533226
2022-01-13 00:37:48.047631 [hotstuff info] 0.533230
2022-01-13 00:37:48.047643 [hotstuff info] 0.533235
2022-01-13 00:37:48.047653 [hotstuff info] 0.533239
2022-01-13 00:37:48.047666 [hotstuff info] 0.533244
2022-01-13 00:37:48.047677 [hotstuff info] 0.533248
2022-01-13 00:37:48.047688 [hotstuff info] 0.533251
2022-01-13 00:37:48.047700 [hotstuff info] 0.533254
2022-01-13 00:37:48.047709 [hotstuff info] 0.533256
2022-01-13 00:37:48.047722 [hotstuff info] 0.533261
2022-01-13 00:37:48.047732 [hotstuff info] 0.533264
2022-01-13 00:37:48.047743 [hotstuff info] 0.533270
2022-01-13 00:37:48.047754 [hotstuff info] 0.533271
2022-01-13 00:37:48.047765 [hotstuff info] 0.533276
2022-01-13 00:37:48.047776 [hotstuff info] 0.533259
2022-01-13 00:37:48.047788 [hotstuff info] 0.533261
2022-01-13 00:37:48.047800 [hotstuff info] 0.533267
2022-01-13 00:37:48.047812 [hotstuff info] 0.533270
2022-01-13 00:37:48.047821 [hotstuff info] 0.533274
2022-01-13 00:37:48.047834 [hotstuff info] 0.533279
2022-01-13 00:37:48.047845 [hotstuff info] 0.533284
2022-01-13 00:37:48.047857 [hotstuff info] 0.533289
2022-01-13 00:37:48.047868 [hotstuff info] 0.533294
2022-01-13 00:37:48.047880 [hotstuff info] 0.533299
2022-01-13 00:37:48.047888 [hotstuff info] 0.533302
2022-01-13 00:37:48.047901 [hotstuff info] 0.533308
2022-01-13 00:37:48.047912 [hotstuff info] 0.533312
2022-01-13 00:37:48.047924 [hotstuff info] 0.533318
2022-01-13 00:37:48.047936 [hotstuff info] 0.533324
2022-01-13 00:37:48.047948 [hotstuff info] 0.533329
2022-01-13 00:37:48.047959 [hotstuff info] 0.532881
2022-01-13 00:37:48.047970 [hotstuff info] 0.532884
2022-01-13 00:37:48.047981 [hotstuff info] 0.532889
2022-01-13 00:37:48.047993 [hotstuff info] 0.532893
2022-01-13 00:37:48.048004 [hotstuff info] 0.532897
2022-01-13 00:37:48.048014 [hotstuff info] 0.532900
2022-01-13 00:37:48.048024 [hotstuff info] 0.532902
2022-01-13 00:37:48.048036 [hotstuff info] 0.532907
2022-01-13 00:37:48.048048 [hotstuff info] 0.532912
2022-01-13 00:37:48.048058 [hotstuff info] 0.532916
2022-01-13 00:37:48.048068 [hotstuff info] 0.532919
2022-01-13 00:37:48.048080 [hotstuff info] 0.532923
2022-01-13 00:37:48.048090 [hotstuff info] 0.532926
2022-01-13 00:37:48.095477 [hotstuff info] 0.580304
2022-01-13 00:37:48.095737 [hotstuff info] 0.580556
2022-01-13 00:37:48.095759 [hotstuff info] 0.580572
2022-01-13 00:37:48.095770 [hotstuff info] 0.580566
2022-01-13 00:37:48.095783 [hotstuff info] 0.580573
2022-01-13 00:37:48.095796 [hotstuff info] 0.580579
2022-01-13 00:37:48.095807 [hotstuff info] 0.580585
2022-01-13 00:37:48.099025 [hotstuff info] 0.583795
2022-01-13 00:37:48.099043 [hotstuff info] 0.583803
2022-01-13 00:37:48.099052 [hotstuff info] 0.583805
2022-01-13 00:37:48.099063 [hotstuff info] 0.583809
2022-01-13 00:37:48.099069 [hotstuff info] 0.583810
2022-01-13 00:37:48.099076 [hotstuff info] 0.583808
2022-01-13 00:37:48.099083 [hotstuff info] 0.583808
2022-01-13 00:37:48.099090 [hotstuff info] 0.583807
2022-01-13 00:37:48.099100 [hotstuff info] 0.583812
2022-01-13 00:37:48.099110 [hotstuff info] 0.583814
2022-01-13 00:37:48.099117 [hotstuff info] 0.583813
2022-01-13 00:37:48.099125 [hotstuff info] 0.583814
2022-01-13 00:37:48.099132 [hotstuff info] 0.583814
2022-01-13 00:37:48.099140 [hotstuff info] 0.583813
2022-01-13 00:37:48.099165 [hotstuff info] 0.583829
2022-01-13 00:37:48.099173 [hotstuff info] 0.583830
2022-01-13 00:37:48.099179 [hotstuff info] 0.583831
2022-01-13 00:37:48.099186 [hotstuff info] 0.583830
2022-01-13 00:37:48.099195 [hotstuff info] 0.583833
2022-01-13 00:37:48.099203 [hotstuff info] 0.583835
2022-01-13 00:37:48.099212 [hotstuff info] 0.583834
2022-01-13 00:37:48.099219 [hotstuff info] 0.583833
2022-01-13 00:37:48.099225 [hotstuff info] 0.583832
2022-01-13 00:37:48.099234 [hotstuff info] 0.583834
2022-01-13 00:37:48.099240 [hotstuff info] 0.583834
2022-01-13 00:37:48.099247 [hotstuff info] 0.583834
2022-01-13 00:37:48.099253 [hotstuff info] 0.583833
2022-01-13 00:37:48.099261 [hotstuff info] 0.583834
2022-01-13 00:37:48.099267 [hotstuff info] 0.583833
2022-01-13 00:37:48.180378 [hotstuff info] 0.618263
2022-01-13 00:37:48.180406 [hotstuff info] 0.618284
2022-01-13 00:37:48.180417 [hotstuff info] 0.618286
2022-01-13 00:37:48.180426 [hotstuff info] 0.618289
2022-01-13 00:37:48.180437 [hotstuff info] 0.618292
2022-01-13 00:37:48.180447 [hotstuff info] 0.618295
2022-01-13 00:37:48.180614 [hotstuff info] 0.618454
2022-01-13 00:37:48.180633 [hotstuff info] 0.618467
2022-01-13 00:37:48.180643 [hotstuff info] 0.618469
2022-01-13 00:37:48.180653 [hotstuff info] 0.618473
2022-01-13 00:37:48.180665 [hotstuff info] 0.618477
2022-01-13 00:37:48.180675 [hotstuff info] 0.618480
2022-01-13 00:37:48.180684 [hotstuff info] 0.618482
2022-01-13 00:37:48.180695 [hotstuff info] 0.618477
2022-01-13 00:37:48.180705 [hotstuff info] 0.618480
2022-01-13 00:37:48.180714 [hotstuff info] 0.614575
2022-01-13 00:37:48.180726 [hotstuff info] 0.614576
2022-01-13 00:37:48.180736 [hotstuff info] 0.614577
2022-01-13 00:37:48.180745 [hotstuff info] 0.614576
2022-01-13 00:37:48.180755 [hotstuff info] 0.614579
2022-01-13 00:37:48.180765 [hotstuff info] 0.614582
2022-01-13 00:37:48.180774 [hotstuff info] 0.614585
2022-01-13 00:37:48.180784 [hotstuff info] 0.614587
2022-01-13 00:37:48.180794 [hotstuff info] 0.614590
2022-01-13 00:37:48.180806 [hotstuff info] 0.614594
2022-01-13 00:37:48.180816 [hotstuff info] 0.614598
2022-01-13 00:37:48.180828 [hotstuff info] 0.614604
2022-01-13 00:37:48.180837 [hotstuff info] 0.614606
2022-01-13 00:37:48.180849 [hotstuff info] 0.614611
2022-01-13 00:37:48.180858 [hotstuff info] 0.614615
2022-01-13 00:37:48.180869 [hotstuff info] 0.614618
2022-01-13 00:37:48.180880 [hotstuff info] 0.614611
2022-01-13 00:37:48.180891 [hotstuff info] 0.614613
2022-01-13 00:37:48.180900 [hotstuff info] 0.614616
2022-01-13 00:37:48.180911 [hotstuff info] 0.614619
2022-01-13 00:37:48.180921 [hotstuff info] 0.614623
2022-01-13 00:37:48.180932 [hotstuff info] 0.614627
2022-01-13 00:37:48.180943 [hotstuff info] 0.614632
2022-01-13 00:37:48.180953 [hotstuff info] 0.614636
2022-01-13 00:37:48.180963 [hotstuff info] 0.614638
2022-01-13 00:37:48.180974 [hotstuff info] 0.614642
2022-01-13 00:37:48.180984 [hotstuff info] 0.614645
2022-01-13 00:37:48.180994 [hotstuff info] 0.614648
2022-01-13 00:37:48.181003 [hotstuff info] 0.614652
2022-01-13 00:37:48.181014 [hotstuff info] 0.614655
2022-01-13 00:37:48.181022 [hotstuff info] 0.614657
2022-01-13 00:37:48.181032 [hotstuff info] 0.614659
2022-01-13 00:37:48.181042 [hotstuff info] 0.614663
2022-01-13 00:37:48.181052 [hotstuff info] 0.614666
2022-01-13 00:37:48.181062 [hotstuff info] 0.614670
2022-01-13 00:37:48.181074 [hotstuff info] 0.614674
2022-01-13 00:37:48.181084 [hotstuff info] 0.614678
2022-01-13 00:37:48.181095 [hotstuff info] 0.614682
2022-01-13 00:37:48.181104 [hotstuff info] 0.614684
2022-01-13 00:37:48.181115 [hotstuff info] 0.614689
2022-01-13 00:37:48.181126 [hotstuff info] 0.614693
2022-01-13 00:37:48.181137 [hotstuff info] 0.614694
2022-01-13 00:37:48.181148 [hotstuff info] 0.614698
2022-01-13 00:37:48.181160 [hotstuff info] 0.614703
2022-01-13 00:37:48.181169 [hotstuff info] 0.614706
2022-01-13 00:37:48.181181 [hotstuff info] 0.614709
2022-01-13 00:37:48.181191 [hotstuff info] 0.614710
2022-01-13 00:37:48.181202 [hotstuff info] 0.614713
2022-01-13 00:37:48.181212 [hotstuff info] 0.614716
2022-01-13 00:37:48.181223 [hotstuff info] 0.614720
2022-01-13 00:37:48.181640 [hotstuff info] 0.615130
2022-01-13 00:37:48.181661 [hotstuff info] 0.615145
2022-01-13 00:37:48.181671 [hotstuff info] 0.615148
2022-01-13 00:37:48.181683 [hotstuff info] 0.615153
2022-01-13 00:37:48.181693 [hotstuff info] 0.615156
2022-01-13 00:37:48.181704 [hotstuff info] 0.615161
2022-01-13 00:37:48.181713 [hotstuff info] 0.615166
2022-01-13 00:37:48.181724 [hotstuff info] 0.615170
2022-01-13 00:37:48.181734 [hotstuff info] 0.615173
2022-01-13 00:37:48.181744 [hotstuff info] 0.615176
2022-01-13 00:37:48.181754 [hotstuff info] 0.615180
2022-01-13 00:37:48.181765 [hotstuff info] 0.615184
2022-01-13 00:37:48.181775 [hotstuff info] 0.615187
2022-01-13 00:37:48.713630 [hotstuff info] 0.666477
2022-01-13 00:37:48.713673 [hotstuff info] 0.666506
2022-01-13 00:37:48.713687 [hotstuff info] 0.666511
2022-01-13 00:37:48.713831 [hotstuff info] 0.666643
2022-01-13 00:37:48.713855 [hotstuff info] 0.666655
2022-01-13 00:37:48.713870 [hotstuff info] 0.666659
2022-01-13 00:37:48.713885 [hotstuff info] 0.666664
2022-01-13 00:37:48.713897 [hotstuff info] 0.666664
2022-01-13 00:37:48.713909 [hotstuff info] 0.666665
2022-01-13 00:37:48.713922 [hotstuff info] 0.666666
2022-01-13 00:37:48.713934 [hotstuff info] 0.666667
2022-01-13 00:37:48.713946 [hotstuff info] 0.666670
2022-01-13 00:37:48.713959 [hotstuff info] 0.666671
2022-01-13 00:37:48.713970 [hotstuff info] 0.666670
2022-01-13 00:37:48.713981 [hotstuff info] 0.666670
2022-01-13 00:37:48.714180 [hotstuff info] 0.666584
2022-01-13 00:37:48.714209 [hotstuff info] 0.666602
2022-01-13 00:37:48.714224 [hotstuff info] 0.666606
2022-01-13 00:37:48.714239 [hotstuff info] 0.666609
2022-01-13 00:37:48.714252 [hotstuff info] 0.666611
2022-01-13 00:37:48.714262 [hotstuff info] 0.666610
2022-01-13 00:37:48.714273 [hotstuff info] 0.666609
2022-01-13 00:37:48.714286 [hotstuff info] 0.666610
2022-01-13 00:37:48.714297 [hotstuff info] 0.666610
2022-01-13 00:37:48.714308 [hotstuff info] 0.666610
2022-01-13 00:37:48.761748 [hotstuff info] 0.714038
2022-01-13 00:37:48.761773 [hotstuff info] 0.714052
2022-01-13 00:37:48.761781 [hotstuff info] 0.714050
2022-01-13 00:37:48.761788 [hotstuff info] 0.714047
2022-01-13 00:37:48.761795 [hotstuff info] 0.714042
2022-01-13 00:37:48.761803 [hotstuff info] 0.714039
2022-01-13 00:37:48.761810 [hotstuff info] 0.714036
2022-01-13 00:37:48.761816 [hotstuff info] 0.714029
2022-01-13 00:37:48.761822 [hotstuff info] 0.714024
2022-01-13 00:37:48.761830 [hotstuff info] 0.714020
2022-01-13 00:37:48.761837 [hotstuff info] 0.714017
2022-01-13 00:37:48.761848 [hotstuff info] 0.714016
2022-01-13 00:37:48.761855 [hotstuff info] 0.714011
2022-01-13 00:37:48.761863 [hotstuff info] 0.714008
2022-01-13 00:37:48.761870 [hotstuff info] 0.714003
2022-01-13 00:37:48.761877 [hotstuff info] 0.713998
2022-01-13 00:37:48.761884 [hotstuff info] 0.713996
2022-01-13 00:37:48.762161 [hotstuff info] 0.714262
2022-01-13 00:37:48.762179 [hotstuff info] 0.714269
2022-01-13 00:37:48.762186 [hotstuff info] 0.714265
2022-01-13 00:37:48.762195 [hotstuff info] 0.714260
2022-01-13 00:37:48.762204 [hotstuff info] 0.714258
2022-01-13 00:37:48.762214 [hotstuff info] 0.714256
2022-01-13 00:37:48.762234 [hotstuff info] 0.714266
2022-01-13 00:37:48.762242 [hotstuff info] 0.714262
2022-01-13 00:37:48.762248 [hotstuff info] 0.714257
2022-01-13 00:37:48.762254 [hotstuff info] 0.714253
2022-01-13 00:37:48.762263 [hotstuff info] 0.714250
2022-01-13 00:37:48.762272 [hotstuff info] 0.714250
2022-01-13 00:37:48.762281 [hotstuff info] 0.714246
2022-01-13 00:37:48.762288 [hotstuff info] 0.714241
2022-01-13 00:37:48.762296 [hotstuff info] 0.714240
2022-01-13 00:37:48.762303 [hotstuff info] 0.714236
2022-01-13 00:37:48.762311 [hotstuff info] 0.714232
2022-01-13 00:37:48.762316 [hotstuff info] 0.714228
2022-01-13 00:37:48.762324 [hotstuff info] 0.714224
2022-01-13 00:37:48.846371 [hotstuff info] 0.750869
2022-01-13 00:37:48.846405 [hotstuff info] 0.750647
2022-01-13 00:37:48.846415 [hotstuff info] 0.750647
2022-01-13 00:37:48.846424 [hotstuff info] 0.750643
2022-01-13 00:37:48.846435 [hotstuff info] 0.750641
2022-01-13 00:37:48.846617 [hotstuff info] 0.750811
2022-01-13 00:37:48.846642 [hotstuff info] 0.750825
2022-01-13 00:37:48.846655 [hotstuff info] 0.747613
2022-01-13 00:37:48.846665 [hotstuff info] 0.747614
2022-01-13 00:37:48.846678 [hotstuff info] 0.747616
2022-01-13 00:37:48.846689 [hotstuff info] 0.747620
2022-01-13 00:37:48.846701 [hotstuff info] 0.747626
2022-01-13 00:37:48.846711 [hotstuff info] 0.747629
2022-01-13 00:37:48.846723 [hotstuff info] 0.747634
2022-01-13 00:37:48.846735 [hotstuff info] 0.747635
2022-01-13 00:37:48.846746 [hotstuff info] 0.747637
2022-01-13 00:37:48.846757 [hotstuff info] 0.747641
2022-01-13 00:37:48.846768 [hotstuff info] 0.747644
2022-01-13 00:37:48.846780 [hotstuff info] 0.747649
2022-01-13 00:37:48.846793 [hotstuff info] 0.747653
2022-01-13 00:37:48.846805 [hotstuff info] 0.747641
2022-01-13 00:37:48.846817 [hotstuff info] 0.747645
2022-01-13 00:37:48.846828 [hotstuff info] 0.747649
2022-01-13 00:37:48.846838 [hotstuff info] 0.747653
2022-01-13 00:37:48.846849 [hotstuff info] 0.747655
2022-01-13 00:37:48.846872 [hotstuff info] 0.747670
2022-01-13 00:37:48.846882 [hotstuff info] 0.747671
2022-01-13 00:37:48.846894 [hotstuff info] 0.747676
2022-01-13 00:37:48.846904 [hotstuff info] 0.747680
2022-01-13 00:37:48.846914 [hotstuff info] 0.747682
2022-01-13 00:37:48.846925 [hotstuff info] 0.747687
2022-01-13 00:37:48.846936 [hotstuff info] 0.747691
2022-01-13 00:37:48.846946 [hotstuff info] 0.747693
2022-01-13 00:37:48.846957 [hotstuff info] 0.747697
2022-01-13 00:37:48.846969 [hotstuff info] 0.747703
2022-01-13 00:37:48.846980 [hotstuff info] 0.747708
2022-01-13 00:37:48.847289 [hotstuff info] 0.666884
2022-01-13 00:37:48.847307 [hotstuff info] 0.666891
2022-01-13 00:37:48.847313 [hotstuff info] 0.666889
2022-01-13 00:37:48.847322 [hotstuff info] 0.666886
2022-01-13 00:37:48.847330 [hotstuff info] 0.666885
2022-01-13 00:37:48.847340 [hotstuff info] 0.666884
2022-01-13 00:37:48.847347 [hotstuff info] 0.666716
2022-01-13 00:37:48.847354 [hotstuff info] 0.666713
2022-01-13 00:37:48.847363 [hotstuff info] 0.666711
2022-01-13 00:37:48.847374 [hotstuff info] 0.666712
2022-01-13 00:37:48.847384 [hotstuff info] 0.666710
2022-01-13 00:37:48.847393 [hotstuff info] 0.666711
2022-01-13 00:37:48.847401 [hotstuff info] 0.666707
2022-01-13 00:37:48.847410 [hotstuff info] 0.666707
2022-01-13 00:37:48.847417 [hotstuff info] 0.666704
2022-01-13 00:37:48.847427 [hotstuff info] 0.666702
2022-01-13 00:37:48.847434 [hotstuff info] 0.666698
2022-01-13 00:37:48.847442 [hotstuff info] 0.666699
2022-01-13 00:37:48.847450 [hotstuff info] 0.666696
2022-01-13 00:37:48.847456 [hotstuff info] 0.666693
2022-01-13 00:37:48.847463 [hotstuff info] 0.666690
2022-01-13 00:37:48.847471 [hotstuff info] 0.666688
2022-01-13 00:37:48.847477 [hotstuff info] 0.666684
2022-01-13 00:37:48.847485 [hotstuff info] 0.666680
2022-01-13 00:37:48.847493 [hotstuff info] 0.666678
2022-01-13 00:37:48.847500 [hotstuff info] 0.666673
2022-01-13 00:37:48.847509 [hotstuff info] 0.666674
2022-01-13 00:37:48.847517 [hotstuff info] 0.666669
2022-01-13 00:37:48.847523 [hotstuff info] 0.666665
2022-01-13 00:37:48.847530 [hotstuff info] 0.666662
2022-01-13 00:37:48.847536 [hotstuff info] 0.666658
2022-01-13 00:37:48.847542 [hotstuff info] 0.666654
2022-01-13 00:37:48.847549 [hotstuff info] 0.666649
2022-01-13 00:37:48.847557 [hotstuff info] 0.666647
2022-01-13 00:37:48.894740 [hotstuff info] 0.713819
2022-01-13 00:37:48.894814 [hotstuff info] 0.713883
2022-01-13 00:37:48.894826 [hotstuff info] 0.713885
2022-01-13 00:37:48.894838 [hotstuff info] 0.713885
2022-01-13 00:37:48.894850 [hotstuff info] 0.713888
2022-01-13 00:37:48.894857 [hotstuff info] 0.713885
2022-01-13 00:37:48.894878 [hotstuff info] 0.713896
2022-01-13 00:37:48.894887 [hotstuff info] 0.713894
2022-01-13 00:37:48.894894 [hotstuff info] 0.713891
2022-01-13 00:37:48.894901 [hotstuff info] 0.713889
2022-01-13 00:37:48.894908 [hotstuff info] 0.713887
2022-01-13 00:37:48.894915 [hotstuff info] 0.713885
2022-01-13 00:37:48.894924 [hotstuff info] 0.713883
2022-01-13 00:37:48.895167 [hotstuff info] 0.714116
2022-01-13 00:37:48.895191 [hotstuff info] 0.714130
2022-01-13 00:37:48.895202 [hotstuff info] 0.714130
2022-01-13 00:37:48.895215 [hotstuff info] 0.714133
2022-01-13 00:37:48.895229 [hotstuff info] 0.714135
2022-01-13 00:37:48.895241 [hotstuff info] 0.714138
2022-01-13 00:37:48.895252 [hotstuff info] 0.714139
2022-01-13 00:37:48.895294 [hotstuff info] 0.714169
2022-01-13 00:37:48.895309 [hotstuff info] 0.714173
2022-01-13 00:37:48.895322 [hotstuff info] 0.714175
2022-01-13 00:37:48.895332 [hotstuff info] 0.714174
2022-01-13 00:37:48.895341 [hotstuff info] 0.714174
2022-01-13 00:37:48.895353 [hotstuff info] 0.714172
2022-01-13 00:37:48.895364 [hotstuff info] 0.714175
2022-01-13 00:37:48.895376 [hotstuff info] 0.714176
2022-01-13 00:37:48.895388 [hotstuff info] 0.714177
2022-01-13 00:37:48.895403 [hotstuff info] 0.714181
2022-01-13 00:37:48.895413 [hotstuff info] 0.714182
2022-01-13 00:37:48.895425 [hotstuff info] 0.713766
2022-01-13 00:37:48.895461 [hotstuff info] 0.713791
2022-01-13 00:37:48.895474 [hotstuff info] 0.713792
2022-01-13 00:37:48.895484 [hotstuff info] 0.713792
2022-01-13 00:37:48.895496 [hotstuff info] 0.713793
2022-01-13 00:37:48.895507 [hotstuff info] 0.713795
2022-01-13 00:37:48.895519 [hotstuff info] 0.713797
2022-01-13 00:37:48.895531 [hotstuff info] 0.713798
2022-01-13 00:37:48.895544 [hotstuff info] 0.713802
2022-01-13 00:37:48.895558 [hotstuff info] 0.713806
2022-01-13 00:37:48.895569 [hotstuff info] 0.713806
2022-01-13 00:37:48.895582 [hotstuff info] 0.713808
2022-01-13 00:37:48.895594 [hotstuff info] 0.713809
2022-01-13 00:37:49.380102 [hotstuff info] 0.666430
2022-01-13 00:37:49.380326 [hotstuff info] 0.666640
2022-01-13 00:37:49.380453 [hotstuff info] 0.666754
2022-01-13 00:37:49.380477 [hotstuff info] 0.666624
2022-01-13 00:37:49.380490 [hotstuff info] 0.666622
2022-01-13 00:37:49.380502 [hotstuff info] 0.666618
2022-01-13 00:37:49.380514 [hotstuff info] 0.666618
2022-01-13 00:37:49.380527 [hotstuff info] 0.666620
2022-01-13 00:37:49.380539 [hotstuff info] 0.666619
2022-01-13 00:37:49.380550 [hotstuff info] 0.666617
2022-01-13 00:37:49.380562 [hotstuff info] 0.666618
2022-01-13 00:37:49.380573 [hotstuff info] 0.666616
2022-01-13 00:37:49.380585 [hotstuff info] 0.666616
2022-01-13 00:37:49.380597 [hotstuff info] 0.666617
2022-01-13 00:37:49.380608 [hotstuff info] 0.666616
2022-01-13 00:37:49.380619 [hotstuff info] 0.666412
2022-01-13 00:37:49.380631 [hotstuff info] 0.666409
2022-01-13 00:37:49.380641 [hotstuff info] 0.666404
2022-01-13 00:37:49.380652 [hotstuff info] 0.666401
2022-01-13 00:37:49.380664 [hotstuff info] 0.666403
2022-01-13 00:37:49.380925 [hotstuff info] 0.666653
2022-01-13 00:37:49.380952 [hotstuff info] 0.666668
2022-01-13 00:37:49.380966 [hotstuff info] 0.666670
2022-01-13 00:37:49.380978 [hotstuff info] 0.666671
2022-01-13 00:37:49.380987 [hotstuff info] 0.666670
2022-01-13 00:37:49.512854 [hotstuff info] 0.751082
2022-01-13 00:37:49.512887 [hotstuff info] 0.751107
2022-01-13 00:37:49.512898 [hotstuff info] 0.751111
2022-01-13 00:37:49.512928 [hotstuff info] 0.751135
2022-01-13 00:37:49.513090 [hotstuff info] 0.751288
2022-01-13 00:37:49.513114 [hotstuff info] 0.751305
2022-01-13 00:37:49.513128 [hotstuff info] 0.751312
2022-01-13 00:37:49.513140 [hotstuff info] 0.751319
2022-01-13 00:37:49.513154 [hotstuff info] 0.751325
2022-01-13 00:37:49.513165 [hotstuff info] 0.751329
2022-01-13 00:37:49.513176 [hotstuff info] 0.751330
2022-01-13 00:37:49.513185 [hotstuff info] 0.751331
2022-01-13 00:37:49.513198 [hotstuff info] 0.751336
2022-01-13 00:37:49.513207 [hotstuff info] 0.751338
2022-01-13 00:37:49.513219 [hotstuff info] 0.751343
2022-01-13 00:37:49.513228 [hotstuff info] 0.751346
2022-01-13 00:37:49.513238 [hotstuff info] 0.751347
2022-01-13 00:37:49.513248 [hotstuff info] 0.751069
2022-01-13 00:37:49.513257 [hotstuff info] 0.751072
2022-01-13 00:37:49.513269 [hotstuff info] 0.751075
2022-01-13 00:37:49.513279 [hotstuff info] 0.751075
2022-01-13 00:37:49.513289 [hotstuff info] 0.751077
2022-01-13 00:37:49.513301 [hotstuff info] 0.751080
2022-01-13 00:37:49.513313 [hotstuff info] 0.751072
2022-01-13 00:37:49.513324 [hotstuff info] 0.751076
2022-01-13 00:37:49.513336 [hotstuff info] 0.751083
2022-01-13 00:37:49.513347 [hotstuff info] 0.751086
2022-01-13 00:37:49.513357 [hotstuff info] 0.751087
2022-01-13 00:37:49.513370 [hotstuff info] 0.751091
2022-01-13 00:37:49.513380 [hotstuff info] 0.751093
2022-01-13 00:37:49.513391 [hotstuff info] 0.751095
2022-01-13 00:37:49.513403 [hotstuff info] 0.751101
2022-01-13 00:37:49.513415 [hotstuff info] 0.751105
2022-01-13 00:37:49.513424 [hotstuff info] 0.751109
2022-01-13 00:37:49.513436 [hotstuff info] 0.751112
2022-01-13 00:37:49.513448 [hotstuff info] 0.751118
2022-01-13 00:37:49.513813 [hotstuff info] 0.667409
2022-01-13 00:37:49.513838 [hotstuff info] 0.667424
2022-01-13 00:37:49.513848 [hotstuff info] 0.667424
2022-01-13 00:37:49.513859 [hotstuff info] 0.667425
2022-01-13 00:37:49.513871 [hotstuff info] 0.667426
2022-01-13 00:37:49.513883 [hotstuff info] 0.667243
2022-01-13 00:37:49.513895 [hotstuff info] 0.667242
2022-01-13 00:37:49.513907 [hotstuff info] 0.667244
2022-01-13 00:37:49.513918 [hotstuff info] 0.667241
2022-01-13 00:37:49.513928 [hotstuff info] 0.667240
2022-01-13 00:37:49.513941 [hotstuff info] 0.667241
2022-01-13 00:37:49.513954 [hotstuff info] 0.667244
2022-01-13 00:37:49.513966 [hotstuff info] 0.667244
2022-01-13 00:37:49.513976 [hotstuff info] 0.667242
2022-01-13 00:37:49.513989 [hotstuff info] 0.667244
2022-01-13 00:37:49.514001 [hotstuff info] 0.667245
2022-01-13 00:37:49.514013 [hotstuff info] 0.667247
2022-01-13 00:37:49.514022 [hotstuff info] 0.667243
2022-01-13 00:37:49.514035 [hotstuff info] 0.667243
2022-01-13 00:37:49.514045 [hotstuff info] 0.667243
2022-01-13 00:37:49.514056 [hotstuff info] 0.667240
2022-01-13 00:37:49.514066 [hotstuff info] 0.667240
2022-01-13 00:37:49.514078 [hotstuff info] 0.667241
2022-01-13 00:37:49.514090 [hotstuff info] 0.667242
2022-01-13 00:37:49.514102 [hotstuff info] 0.667231
2022-01-13 00:37:49.514113 [hotstuff info] 0.667232
2022-01-13 00:37:49.514124 [hotstuff info] 0.667232
2022-01-13 00:37:49.514133 [hotstuff info] 0.667231
2022-01-13 00:37:49.514144 [hotstuff info] 0.667231
2022-01-13 00:37:49.514155 [hotstuff info] 0.667231
2022-01-13 00:37:49.514164 [hotstuff info] 0.667229
2022-01-13 00:37:49.514173 [hotstuff info] 0.667228
2022-01-13 00:37:49.514183 [hotstuff info] 0.667227
2022-01-13 00:37:49.514194 [hotstuff info] 0.667227
2022-01-13 00:37:49.514206 [hotstuff info] 0.667228
2022-01-13 00:37:49.514216 [hotstuff info] 0.667227
2022-01-13 00:37:49.514227 [hotstuff info] 0.666921
2022-01-13 00:37:49.514236 [hotstuff info] 0.666924
2022-01-13 00:37:49.514249 [hotstuff info] 0.666929
2022-01-13 00:37:49.514259 [hotstuff info] 0.666930
2022-01-13 00:37:49.514271 [hotstuff info] 0.666933
2022-01-13 00:37:49.514284 [hotstuff info] 0.666937
2022-01-13 00:37:49.561170 [hotstuff info] 0.713816
2022-01-13 00:37:49.561192 [hotstuff info] 0.713830
2022-01-13 00:37:49.561201 [hotstuff info] 0.713827
2022-01-13 00:37:49.561208 [hotstuff info] 0.713826
2022-01-13 00:37:49.561355 [hotstuff info] 0.713963
2022-01-13 00:37:49.561400 [hotstuff info] 0.714000
2022-01-13 00:37:49.561411 [hotstuff info] 0.714002
2022-01-13 00:37:49.561421 [hotstuff info] 0.714005
2022-01-13 00:37:49.561469 [hotstuff info] 0.714043
2022-01-13 00:37:49.561480 [hotstuff info] 0.714048
2022-01-13 00:37:49.561487 [hotstuff info] 0.714045
2022-01-13 00:37:49.561494 [hotstuff info] 0.714045
2022-01-13 00:37:49.561504 [hotstuff info] 0.714048
2022-01-13 00:37:49.561514 [hotstuff info] 0.714052
2022-01-13 00:37:49.561524 [hotstuff info] 0.714054
2022-01-13 00:37:49.561531 [hotstuff info] 0.714055
2022-01-13 00:37:49.561539 [hotstuff info] 0.714055
2022-01-13 00:37:49.561547 [hotstuff info] 0.714055
2022-01-13 00:37:49.561558 [hotstuff info] 0.714059
2022-01-13 00:37:49.561568 [hotstuff info] 0.714060
2022-01-13 00:37:49.561578 [hotstuff info] 0.714063
2022-01-13 00:37:49.561588 [hotstuff info] 0.714066
2022-01-13 00:37:49.561601 [hotstuff info] 0.714071
2022-01-13 00:37:49.561609 [hotstuff info] 0.714074
2022-01-13 00:37:49.561620 [hotstuff info] 0.714078
2022-01-13 00:37:49.561630 [hotstuff info] 0.714082
2022-01-13 00:37:49.561893 [hotstuff info] 0.714337
2022-01-13 00:37:49.561910 [hotstuff info] 0.714348
2022-01-13 00:37:49.561921 [hotstuff info] 0.667151
2022-01-13 00:37:49.561934 [hotstuff info] 0.667109
2022-01-13 00:37:49.561947 [hotstuff info] 0.667110
2022-01-13 00:37:49.561958 [hotstuff info] 0.667110
2022-01-13 00:37:49.561969 [hotstuff info] 0.667112
2022-01-13 00:37:49.561977 [hotstuff info] 0.667101
2022-01-13 00:37:49.561984 [hotstuff info] 0.667098
2022-01-13 00:37:49.561991 [hotstuff info] 0.667098
2022-01-13 00:37:49.561999 [hotstuff info] 0.667099
2022-01-13 00:37:49.562009 [hotstuff info] 0.667102
2022-01-13 00:37:49.562021 [hotstuff info] 0.667107
2022-01-13 00:37:49.562031 [hotstuff info] 0.667108
2022-01-13 00:37:49.562039 [hotstuff info] 0.667108
2022-01-13 00:37:49.562048 [hotstuff info] 0.666860
2022-01-13 00:37:49.562060 [hotstuff info] 0.666860
2022-01-13 00:37:49.562070 [hotstuff info] 0.666856
2022-01-13 00:37:49.562081 [hotstuff info] 0.666853
2022-01-13 00:37:49.562092 [hotstuff info] 0.666853
2022-01-13 00:37:49.562102 [hotstuff info] 0.666852
2022-01-13 00:37:49.562110 [hotstuff info] 0.666848
2022-01-13 00:37:49.562117 [hotstuff info] 0.666809
2022-01-13 00:37:49.562124 [hotstuff info] 0.666803
2022-01-13 00:37:49.645875 [hotstuff info] 0.750545
2022-01-13 00:37:49.645904 [hotstuff info] 0.750563
2022-01-13 00:37:49.645917 [hotstuff info] 0.750566
2022-01-13 00:37:49.645926 [hotstuff info] 0.750564
2022-01-13 00:37:49.645935 [hotstuff info] 0.750560
2022-01-13 00:37:49.645942 [hotstuff info] 0.750556
2022-01-13 00:37:49.645953 [hotstuff info] 0.750551
2022-01-13 00:37:49.645960 [hotstuff info] 0.750548
2022-01-13 00:37:49.645967 [hotstuff info] 0.750543
2022-01-13 00:37:49.646164 [hotstuff info] 0.750705
2022-01-13 00:37:49.646187 [hotstuff info] 0.750715
2022-01-13 00:37:49.646200 [hotstuff info] 0.750717
2022-01-13 00:37:49.646213 [hotstuff info] 0.750719
2022-01-13 00:37:49.646232 [hotstuff info] 0.750728
2022-01-13 00:37:49.646244 [hotstuff info] 0.750726
2022-01-13 00:37:49.646251 [hotstuff info] 0.750722
2022-01-13 00:37:49.646259 [hotstuff info] 0.750717
2022-01-13 00:37:49.646266 [hotstuff info] 0.750710
2022-01-13 00:37:49.646273 [hotstuff info] 0.750706
2022-01-13 00:37:49.646281 [hotstuff info] 0.750701
2022-01-13 00:37:49.646292 [hotstuff info] 0.750701
2022-01-13 00:37:49.646301 [hotstuff info] 0.750698
2022-01-13 00:37:50.046789 [hotstuff info] 0.666649
2022-01-13 00:37:50.047069 [hotstuff info] 0.666717
2022-01-13 00:37:50.047092 [hotstuff info] 0.666616
2022-01-13 00:37:50.047104 [hotstuff info] 0.666615
2022-01-13 00:37:50.047115 [hotstuff info] 0.666615
2022-01-13 00:37:50.047126 [hotstuff info] 0.666614
2022-01-13 00:37:50.047272 [hotstuff info] 0.666747
2022-01-13 00:37:50.047292 [hotstuff info] 0.666755
2022-01-13 00:37:50.047302 [hotstuff info] 0.666753
2022-01-13 00:37:50.047311 [hotstuff info] 0.666751
2022-01-13 00:37:50.047322 [hotstuff info] 0.666751
