2022-01-13 00:37:47.621545 [net info] starting all threads...
2022-01-13 00:37:47.621658 [net warn] ignoring option name in conf file: block-size
2022-01-13 00:37:47.621667 [net warn] ignoring option name in conf file: nworker
2022-01-13 00:37:47.621671 [net warn] ignoring option name in conf file: repnworker
2022-01-13 00:37:47.621675 [net warn] ignoring option name in conf file: clinworker
2022-01-13 00:37:47.621679 [net warn] ignoring option name in conf file: repburst
2022-01-13 00:37:47.621683 [net warn] ignoring option name in conf file: cliburst
2022-01-13 00:37:47.621687 [net warn] ignoring option name in conf file: pace-maker
2022-01-13 00:37:47.621700 [net info] loaded configuration from hotstuff.conf
2022-01-13 00:37:47.621767 [hotstuff info] nfaulty = 3
2022-01-13 00:37:47.621991 [net info] created <Conn fd=11 addr=<NetAddr 18.188.17.142:20000> mode=active>
2022-01-13 00:37:47.622221 [net info] created <Conn fd=19 addr=<NetAddr 3.142.114.174:20000> mode=active>
2022-01-13 00:37:47.622245 [net info] connected to remote <Conn fd=11 addr=<NetAddr 18.188.17.142:20000> mode=active>
2022-01-13 00:37:47.622420 [net info] created <Conn fd=21 addr=<NetAddr 52.79.253.61:20000> mode=active>
2022-01-13 00:37:47.622603 [net info] created <Conn fd=23 addr=<NetAddr 3.36.103.56:20000> mode=active>
2022-01-13 00:37:47.622793 [net info] created <Conn fd=25 addr=<NetAddr 54.93.131.236:20000> mode=active>
2022-01-13 00:37:47.622806 [net info] connected to remote <Conn fd=19 addr=<NetAddr 3.142.114.174:20000> mode=active>
2022-01-13 00:37:47.622987 [net info] created <Conn fd=27 addr=<NetAddr 3.120.147.128:20000> mode=active>
2022-01-13 00:37:47.623174 [net info] created <Conn fd=29 addr=<NetAddr 54.215.140.88:20000> mode=active>
2022-01-13 00:37:47.623362 [net info] created <Conn fd=31 addr=<NetAddr 54.193.29.119:20000> mode=active>
2022-01-13 00:37:47.623564 [net info] created <Conn fd=33 addr=<NetAddr 3.112.224.96:20000> mode=active>
2022-01-13 00:37:47.623760 [net info] created <Conn fd=35 addr=<NetAddr 54.95.218.99:20000> mode=active>
2022-01-13 00:37:47.672870 [net info] connected to remote <Conn fd=29 addr=<NetAddr 54.215.140.88:20000> mode=active>
2022-01-13 00:37:47.674006 [net info] connected to remote <Conn fd=31 addr=<NetAddr 54.193.29.119:20000> mode=active>
2022-01-13 00:37:47.722408 [net info] connected to remote <Conn fd=25 addr=<NetAddr 54.93.131.236:20000> mode=active>
2022-01-13 00:37:47.722738 [net info] connected to remote <Conn fd=27 addr=<NetAddr 3.120.147.128:20000> mode=active>
2022-01-13 00:37:47.754934 [net info] connected to remote <Conn fd=33 addr=<NetAddr 3.112.224.96:20000> mode=active>
2022-01-13 00:37:47.755924 [net info] connected to remote <Conn fd=35 addr=<NetAddr 54.95.218.99:20000> mode=active>
2022-01-13 00:37:47.782353 [net info] connected to remote <Conn fd=23 addr=<NetAddr 3.36.103.56:20000> mode=active>
2022-01-13 00:37:47.782988 [net info] connected to remote <Conn fd=21 addr=<NetAddr 52.79.253.61:20000> mode=active>
2022-01-13 00:37:48.182037 [hotstuff info] 0.558230
2022-01-13 00:37:48.182073 [hotstuff info] 0.558256
2022-01-13 00:37:48.182083 [hotstuff info] 0.558257
2022-01-13 00:37:48.182090 [hotstuff info] 0.558254
2022-01-13 00:37:48.182098 [hotstuff info] 0.558253
2022-01-13 00:37:48.182109 [hotstuff info] 0.558256
2022-01-13 00:37:48.182117 [hotstuff info] 0.558254
2022-01-13 00:37:48.182123 [hotstuff info] 0.558251
2022-01-13 00:37:48.182131 [hotstuff info] 0.558250
2022-01-13 00:37:48.182138 [hotstuff info] 0.558247
2022-01-13 00:37:48.182145 [hotstuff info] 0.558245
2022-01-13 00:37:48.182151 [hotstuff info] 0.558241
2022-01-13 00:37:48.182158 [hotstuff info] 0.558240
2022-01-13 00:37:48.182164 [hotstuff info] 0.558237
2022-01-13 00:37:48.182198 [hotstuff info] 0.558261
2022-01-13 00:37:48.182205 [hotstuff info] 0.558260
2022-01-13 00:37:48.182213 [hotstuff info] 0.558258
2022-01-13 00:37:48.182220 [hotstuff info] 0.558254
2022-01-13 00:37:48.182229 [hotstuff info] 0.558254
2022-01-13 00:37:48.182235 [hotstuff info] 0.558251
2022-01-13 00:37:48.182242 [hotstuff info] 0.558249
2022-01-13 00:37:48.182250 [hotstuff info] 0.558248
2022-01-13 00:37:48.182521 [hotstuff info] 0.558510
2022-01-13 00:37:48.182538 [hotstuff info] 0.558519
2022-01-13 00:37:48.182546 [hotstuff info] 0.558518
2022-01-13 00:37:48.182553 [hotstuff info] 0.558514
2022-01-13 00:37:48.182561 [hotstuff info] 0.558513
2022-01-13 00:37:48.182568 [hotstuff info] 0.558512
2022-01-13 00:37:48.182576 [hotstuff info] 0.558510
2022-01-13 00:37:48.182583 [hotstuff info] 0.558508
2022-01-13 00:37:48.182591 [hotstuff info] 0.558507
2022-01-13 00:37:48.182597 [hotstuff info] 0.558505
2022-01-13 00:37:48.182605 [hotstuff info] 0.558502
2022-01-13 00:37:48.182638 [hotstuff info] 0.558526
2022-01-13 00:37:48.182645 [hotstuff info] 0.558524
2022-01-13 00:37:48.182652 [hotstuff info] 0.558522
2022-01-13 00:37:48.182658 [hotstuff info] 0.558520
2022-01-13 00:37:48.182665 [hotstuff info] 0.558517
2022-01-13 00:37:48.182672 [hotstuff info] 0.558513
2022-01-13 00:37:48.182679 [hotstuff info] 0.558511
2022-01-13 00:37:48.182686 [hotstuff info] 0.558508
2022-01-13 00:37:48.182692 [hotstuff info] 0.558506
2022-01-13 00:37:48.182699 [hotstuff info] 0.558505
2022-01-13 00:37:48.182706 [hotstuff info] 0.558502
2022-01-13 00:37:48.182713 [hotstuff info] 0.558500
2022-01-13 00:37:48.182719 [hotstuff info] 0.558496
2022-01-13 00:37:48.182727 [hotstuff info] 0.558494
2022-01-13 00:37:48.182733 [hotstuff info] 0.558491
2022-01-13 00:37:48.182740 [hotstuff info] 0.558489
2022-01-13 00:37:48.182746 [hotstuff info] 0.558487
2022-01-13 00:37:48.182753 [hotstuff info] 0.558484
2022-01-13 00:37:48.182759 [hotstuff info] 0.558481
2022-01-13 00:37:48.182765 [hotstuff info] 0.558477
2022-01-13 00:37:48.182771 [hotstuff info] 0.558474
2022-01-13 00:37:48.182777 [hotstuff info] 0.558470
2022-01-13 00:37:48.182784 [hotstuff info] 0.558469
2022-01-13 00:37:48.182791 [hotstuff info] 0.558466
2022-01-13 00:37:48.182798 [hotstuff info] 0.558464
2022-01-13 00:37:48.182804 [hotstuff info] 0.558462
2022-01-13 00:37:48.182811 [hotstuff info] 0.558457
2022-01-13 00:37:48.182817 [hotstuff info] 0.558455
2022-01-13 00:37:48.182824 [hotstuff info] 0.558452
2022-01-13 00:37:48.182830 [hotstuff info] 0.558450
2022-01-13 00:37:48.182837 [hotstuff info] 0.558447
2022-01-13 00:37:48.182843 [hotstuff info] 0.558445
2022-01-13 00:37:48.182853 [hotstuff info] 0.558445
2022-01-13 00:37:48.182859 [hotstuff info] 0.558441
2022-01-13 00:37:48.182865 [hotstuff info] 0.558439
2022-01-13 00:37:48.182872 [hotstuff info] 0.558436
2022-01-13 00:37:48.182880 [hotstuff info] 0.558435
2022-01-13 00:37:48.182887 [hotstuff info] 0.558433
2022-01-13 00:37:48.182894 [hotstuff info] 0.558431
2022-01-13 00:37:48.182901 [hotstuff info] 0.558429
2022-01-13 00:37:48.182908 [hotstuff info] 0.558425
2022-01-13 00:37:48.182914 [hotstuff info] 0.558422
2022-01-13 00:37:48.182922 [hotstuff info] 0.558421
2022-01-13 00:37:48.182928 [hotstuff info] 0.558419
2022-01-13 00:37:48.182935 [hotstuff info] 0.558417
2022-01-13 00:37:48.182943 [hotstuff info] 0.558416
2022-01-13 00:37:48.182950 [hotstuff info] 0.558410
2022-01-13 00:37:48.182957 [hotstuff info] 0.558409
2022-01-13 00:37:48.182964 [hotstuff info] 0.558407
2022-01-13 00:37:48.182971 [hotstuff info] 0.558406
2022-01-13 00:37:48.182978 [hotstuff info] 0.558403
2022-01-13 00:37:48.182984 [hotstuff info] 0.558401
2022-01-13 00:37:48.182991 [hotstuff info] 0.558396
2022-01-13 00:37:48.182998 [hotstuff info] 0.558394
2022-01-13 00:37:48.183004 [hotstuff info] 0.558392
2022-01-13 00:37:48.183011 [hotstuff info] 0.558390
2022-01-13 00:37:48.183018 [hotstuff info] 0.558388
2022-01-13 00:37:48.183025 [hotstuff info] 0.558386
2022-01-13 00:37:48.183032 [hotstuff info] 0.558385
2022-01-13 00:37:48.183039 [hotstuff info] 0.558381
2022-01-13 00:37:48.183046 [hotstuff info] 0.558379
2022-01-13 00:37:48.183053 [hotstuff info] 0.558376
2022-01-13 00:37:48.183059 [hotstuff info] 0.558374
2022-01-13 00:37:48.183066 [hotstuff info] 0.558372
2022-01-13 00:37:48.183073 [hotstuff info] 0.558369
2022-01-13 00:37:48.183080 [hotstuff info] 0.558367
2022-01-13 00:37:48.183086 [hotstuff info] 0.558365
2022-01-13 00:37:48.183093 [hotstuff info] 0.558362
2022-01-13 00:37:48.183100 [hotstuff info] 0.558359
2022-01-13 00:37:48.183107 [hotstuff info] 0.558357
2022-01-13 00:37:48.183114 [hotstuff info] 0.558355
2022-01-13 00:37:48.232725 [hotstuff info] 0.607957
2022-01-13 00:37:48.232748 [hotstuff info] 0.607971
2022-01-13 00:37:48.232756 [hotstuff info] 0.607970
2022-01-13 00:37:48.232764 [hotstuff info] 0.607967
2022-01-13 00:37:48.232772 [hotstuff info] 0.607966
2022-01-13 00:37:48.232778 [hotstuff info] 0.607965
2022-01-13 00:37:48.232786 [hotstuff info] 0.607963
2022-01-13 00:37:48.232792 [hotstuff info] 0.607960
2022-01-13 00:37:48.232799 [hotstuff info] 0.607958
2022-01-13 00:37:48.232805 [hotstuff info] 0.607955
2022-01-13 00:37:48.232812 [hotstuff info] 0.607952
2022-01-13 00:37:48.232819 [hotstuff info] 0.607949
2022-01-13 00:37:48.232826 [hotstuff info] 0.607947
2022-01-13 00:37:48.232833 [hotstuff info] 0.607946
2022-01-13 00:37:48.232840 [hotstuff info] 0.607943
2022-01-13 00:37:48.232846 [hotstuff info] 0.607941
2022-01-13 00:37:48.232854 [hotstuff info] 0.607939
2022-01-13 00:37:48.232861 [hotstuff info] 0.607936
2022-01-13 00:37:48.232868 [hotstuff info] 0.607933
2022-01-13 00:37:48.232874 [hotstuff info] 0.607932
2022-01-13 00:37:48.232881 [hotstuff info] 0.607929
2022-01-13 00:37:48.232888 [hotstuff info] 0.607926
2022-01-13 00:37:48.232895 [hotstuff info] 0.607924
2022-01-13 00:37:48.232901 [hotstuff info] 0.607922
2022-01-13 00:37:48.232907 [hotstuff info] 0.607917
2022-01-13 00:37:48.232924 [hotstuff info] 0.607926
2022-01-13 00:37:48.232931 [hotstuff info] 0.607924
2022-01-13 00:37:48.232939 [hotstuff info] 0.607922
2022-01-13 00:37:48.232946 [hotstuff info] 0.607920
2022-01-13 00:37:48.232952 [hotstuff info] 0.607918
2022-01-13 00:37:48.232959 [hotstuff info] 0.607916
2022-01-13 00:37:48.232967 [hotstuff info] 0.607910
2022-01-13 00:37:48.232973 [hotstuff info] 0.607908
2022-01-13 00:37:48.232980 [hotstuff info] 0.607905
2022-01-13 00:37:48.232987 [hotstuff info] 0.607903
2022-01-13 00:37:48.232993 [hotstuff info] 0.607901
2022-01-13 00:37:48.233000 [hotstuff info] 0.607899
2022-01-13 00:37:48.233007 [hotstuff info] 0.607897
2022-01-13 00:37:48.233013 [hotstuff info] 0.607889
2022-01-13 00:37:48.233019 [hotstuff info] 0.607887
2022-01-13 00:37:48.233026 [hotstuff info] 0.607884
2022-01-13 00:37:48.233032 [hotstuff info] 0.607882
2022-01-13 00:37:48.233039 [hotstuff info] 0.607879
2022-01-13 00:37:48.233045 [hotstuff info] 0.607878
2022-01-13 00:37:48.233052 [hotstuff info] 0.607876
2022-01-13 00:37:48.233060 [hotstuff info] 0.607871
2022-01-13 00:37:48.314182 [hotstuff info] 0.688984
2022-01-13 00:37:48.314205 [hotstuff info] 0.688998
2022-01-13 00:37:48.314212 [hotstuff info] 0.688996
2022-01-13 00:37:48.314218 [hotstuff info] 0.688994
2022-01-13 00:37:48.314226 [hotstuff info] 0.688993
2022-01-13 00:37:48.314234 [hotstuff info] 0.688992
2022-01-13 00:37:48.314240 [hotstuff info] 0.688988
2022-01-13 00:37:48.314247 [hotstuff info] 0.688986
2022-01-13 00:37:48.314428 [hotstuff info] 0.689157
2022-01-13 00:37:48.314445 [hotstuff info] 0.689165
2022-01-13 00:37:48.314455 [hotstuff info] 0.689167
2022-01-13 00:37:48.314463 [hotstuff info] 0.689166
2022-01-13 00:37:48.314470 [hotstuff info] 0.689165
2022-01-13 00:37:48.314477 [hotstuff info] 0.689163
2022-01-13 00:37:48.314486 [hotstuff info] 0.689160
2022-01-13 00:37:48.314492 [hotstuff info] 0.689158
2022-01-13 00:37:48.314500 [hotstuff info] 0.689157
2022-01-13 00:37:48.314507 [hotstuff info] 0.689149
2022-01-13 00:37:48.314514 [hotstuff info] 0.689149
2022-01-13 00:37:48.314521 [hotstuff info] 0.689147
2022-01-13 00:37:48.314529 [hotstuff info] 0.689146
2022-01-13 00:37:48.314535 [hotstuff info] 0.689142
2022-01-13 00:37:48.314542 [hotstuff info] 0.689141
2022-01-13 00:37:48.314550 [hotstuff info] 0.689139
2022-01-13 00:37:48.314557 [hotstuff info] 0.689138
2022-01-13 00:37:48.848159 [hotstuff info] 0.666087
2022-01-13 00:37:48.848191 [hotstuff info] 0.666108
2022-01-13 00:37:48.848200 [hotstuff info] 0.666111
2022-01-13 00:37:48.848321 [hotstuff info] 0.666224
2022-01-13 00:37:48.848338 [hotstuff info] 0.666230
2022-01-13 00:37:48.848348 [hotstuff info] 0.666232
2022-01-13 00:37:48.848356 [hotstuff info] 0.666234
2022-01-13 00:37:48.848364 [hotstuff info] 0.666233
2022-01-13 00:37:48.848371 [hotstuff info] 0.666234
2022-01-13 00:37:48.848378 [hotstuff info] 0.666235
2022-01-13 00:37:48.848386 [hotstuff info] 0.666235
2022-01-13 00:37:48.848394 [hotstuff info] 0.666236
2022-01-13 00:37:48.848400 [hotstuff info] 0.666236
2022-01-13 00:37:48.848407 [hotstuff info] 0.666210
2022-01-13 00:37:48.848414 [hotstuff info] 0.666210
2022-01-13 00:37:48.848422 [hotstuff info] 0.666210
2022-01-13 00:37:48.848429 [hotstuff info] 0.666211
2022-01-13 00:37:48.848436 [hotstuff info] 0.666209
2022-01-13 00:37:48.848444 [hotstuff info] 0.666210
2022-01-13 00:37:48.848451 [hotstuff info] 0.666210
2022-01-13 00:37:48.848457 [hotstuff info] 0.666209
2022-01-13 00:37:48.848465 [hotstuff info] 0.666210
2022-01-13 00:37:48.848702 [hotstuff info] 0.666164
2022-01-13 00:37:48.848719 [hotstuff info] 0.666174
2022-01-13 00:37:48.848728 [hotstuff info] 0.666177
2022-01-13 00:37:48.848736 [hotstuff info] 0.666177
2022-01-13 00:37:48.848744 [hotstuff info] 0.666176
2022-01-13 00:37:48.848753 [hotstuff info] 0.666177
2022-01-13 00:37:48.848761 [hotstuff info] 0.666179
2022-01-13 00:37:48.848767 [hotstuff info] 0.666177
2022-01-13 00:37:48.848775 [hotstuff info] 0.666179
2022-01-13 00:37:48.848784 [hotstuff info] 0.666179
2022-01-13 00:37:48.848790 [hotstuff info] 0.666152
2022-01-13 00:37:48.848797 [hotstuff info] 0.666153
2022-01-13 00:37:48.848805 [hotstuff info] 0.666153
2022-01-13 00:37:48.848812 [hotstuff info] 0.666154
2022-01-13 00:37:48.848820 [hotstuff info] 0.666155
2022-01-13 00:37:48.848827 [hotstuff info] 0.666155
2022-01-13 00:37:48.848833 [hotstuff info] 0.666154
2022-01-13 00:37:48.848841 [hotstuff info] 0.666156
2022-01-13 00:37:48.848848 [hotstuff info] 0.666156
2022-01-13 00:37:48.848856 [hotstuff info] 0.666157
2022-01-13 00:37:48.848863 [hotstuff info] 0.666158
2022-01-13 00:37:48.848871 [hotstuff info] 0.666159
2022-01-13 00:37:48.848876 [hotstuff info] 0.666157
2022-01-13 00:37:48.896212 [hotstuff info] 0.713486
2022-01-13 00:37:48.896237 [hotstuff info] 0.713506
2022-01-13 00:37:48.896246 [hotstuff info] 0.713508
2022-01-13 00:37:48.896253 [hotstuff info] 0.713508
2022-01-13 00:37:48.896262 [hotstuff info] 0.713510
2022-01-13 00:37:48.896269 [hotstuff info] 0.713510
2022-01-13 00:37:48.896275 [hotstuff info] 0.713511
2022-01-13 00:37:48.896463 [hotstuff info] 0.713692
2022-01-13 00:37:48.896481 [hotstuff info] 0.713705
2022-01-13 00:37:48.896652 [hotstuff info] 0.713868
2022-01-13 00:37:48.896670 [hotstuff info] 0.713881
2022-01-13 00:37:48.896677 [hotstuff info] 0.713881
2022-01-13 00:37:48.896685 [hotstuff info] 0.713881
2022-01-13 00:37:48.896692 [hotstuff info] 0.713883
2022-01-13 00:37:48.896699 [hotstuff info] 0.713883
2022-01-13 00:37:48.896708 [hotstuff info] 0.713884
2022-01-13 00:37:48.896716 [hotstuff info] 0.713887
2022-01-13 00:37:48.896723 [hotstuff info] 0.713887
2022-01-13 00:37:48.896732 [hotstuff info] 0.713889
2022-01-13 00:37:48.896740 [hotstuff info] 0.713888
2022-01-13 00:37:48.899075 [hotstuff info] 0.716216
2022-01-13 00:37:48.899097 [hotstuff info] 0.716232
2022-01-13 00:37:48.899105 [hotstuff info] 0.716235
2022-01-13 00:37:48.899113 [hotstuff info] 0.716234
2022-01-13 00:37:48.899121 [hotstuff info] 0.716236
2022-01-13 00:37:48.899130 [hotstuff info] 0.716237
2022-01-13 00:37:48.899137 [hotstuff info] 0.716237
2022-01-13 00:37:48.899144 [hotstuff info] 0.716237
2022-01-13 00:37:48.899152 [hotstuff info] 0.716239
2022-01-13 00:37:48.899159 [hotstuff info] 0.716238
2022-01-13 00:37:48.899167 [hotstuff info] 0.716240
2022-01-13 00:37:48.899175 [hotstuff info] 0.716240
2022-01-13 00:37:48.899182 [hotstuff info] 0.716241
2022-01-13 00:37:48.899189 [hotstuff info] 0.716241
2022-01-13 00:37:48.899197 [hotstuff info] 0.716240
2022-01-13 00:37:48.899205 [hotstuff info] 0.716241
2022-01-13 00:37:48.899212 [hotstuff info] 0.716241
2022-01-13 00:37:48.899236 [hotstuff info] 0.716259
2022-01-13 00:37:48.899243 [hotstuff info] 0.716259
2022-01-13 00:37:48.899250 [hotstuff info] 0.716260
2022-01-13 00:37:48.899259 [hotstuff info] 0.716262
2022-01-13 00:37:48.899265 [hotstuff info] 0.716262
2022-01-13 00:37:48.899272 [hotstuff info] 0.716263
2022-01-13 00:37:48.899279 [hotstuff info] 0.716262
2022-01-13 00:37:48.899286 [hotstuff info] 0.716262
2022-01-13 00:37:48.899293 [hotstuff info] 0.716261
2022-01-13 00:37:48.899301 [hotstuff info] 0.716262
2022-01-13 00:37:48.899307 [hotstuff info] 0.716261
2022-01-13 00:37:48.899315 [hotstuff info] 0.716263
2022-01-13 00:37:48.899322 [hotstuff info] 0.716263
2022-01-13 00:37:48.899329 [hotstuff info] 0.716264
2022-01-13 00:37:48.899335 [hotstuff info] 0.716264
2022-01-13 00:37:48.899342 [hotstuff info] 0.716263
2022-01-13 00:37:48.899349 [hotstuff info] 0.716264
2022-01-13 00:37:48.899356 [hotstuff info] 0.716264
2022-01-13 00:37:48.980619 [hotstuff info] 0.797520
2022-01-13 00:37:48.980644 [hotstuff info] 0.797538
2022-01-13 00:37:48.980653 [hotstuff info] 0.797539
2022-01-13 00:37:48.980661 [hotstuff info] 0.797541
2022-01-13 00:37:48.980805 [hotstuff info] 0.748058
2022-01-13 00:37:48.980823 [hotstuff info] 0.748069
2022-01-13 00:37:48.980831 [hotstuff info] 0.748067
2022-01-13 00:37:48.980839 [hotstuff info] 0.748069
2022-01-13 00:37:48.980846 [hotstuff info] 0.748068
2022-01-13 00:37:48.980852 [hotstuff info] 0.748068
2022-01-13 00:37:48.980860 [hotstuff info] 0.748069
2022-01-13 00:37:48.980867 [hotstuff info] 0.748070
2022-01-13 00:37:48.980873 [hotstuff info] 0.748070
2022-01-13 00:37:48.980881 [hotstuff info] 0.748070
2022-01-13 00:37:48.980888 [hotstuff info] 0.748070
2022-01-13 00:37:48.980894 [hotstuff info] 0.748069
2022-01-13 00:37:48.980901 [hotstuff info] 0.748069
2022-01-13 00:37:48.980908 [hotstuff info] 0.748068
2022-01-13 00:37:48.980914 [hotstuff info] 0.748068
2022-01-13 00:37:48.980921 [hotstuff info] 0.748069
2022-01-13 00:37:48.980928 [hotstuff info] 0.748067
2022-01-13 00:37:48.980934 [hotstuff info] 0.748068
2022-01-13 00:37:48.980941 [hotstuff info] 0.748067
2022-01-13 00:37:48.980948 [hotstuff info] 0.748067
2022-01-13 00:37:48.980955 [hotstuff info] 0.748069
2022-01-13 00:37:48.980962 [hotstuff info] 0.748068
2022-01-13 00:37:48.981282 [hotstuff info] 0.748381
2022-01-13 00:37:48.981301 [hotstuff info] 0.748394
2022-01-13 00:37:48.981308 [hotstuff info] 0.748384
2022-01-13 00:37:48.981316 [hotstuff info] 0.748385
2022-01-13 00:37:48.981324 [hotstuff info] 0.748386
2022-01-13 00:37:48.981332 [hotstuff info] 0.748388
2022-01-13 00:37:48.981339 [hotstuff info] 0.748388
2022-01-13 00:37:48.981347 [hotstuff info] 0.748389
2022-01-13 00:37:48.981354 [hotstuff info] 0.748389
2022-01-13 00:37:48.981363 [hotstuff info] 0.748390
2022-01-13 00:37:48.981369 [hotstuff info] 0.748391
2022-01-13 00:37:48.981377 [hotstuff info] 0.748392
2022-01-13 00:37:48.981385 [hotstuff info] 0.748392
2022-01-13 00:37:48.981392 [hotstuff info] 0.748394
2022-01-13 00:37:48.981400 [hotstuff info] 0.748394
2022-01-13 00:37:48.981408 [hotstuff info] 0.748395
2022-01-13 00:37:48.981415 [hotstuff info] 0.748397
2022-01-13 00:37:48.981423 [hotstuff info] 0.748397
2022-01-13 00:37:48.981431 [hotstuff info] 0.748399
2022-01-13 00:37:48.981437 [hotstuff info] 0.748400
2022-01-13 00:37:48.981444 [hotstuff info] 0.748400
2022-01-13 00:37:48.981452 [hotstuff info] 0.748400
2022-01-13 00:37:48.981458 [hotstuff info] 0.748400
2022-01-13 00:37:48.981467 [hotstuff info] 0.748401
2022-01-13 00:37:48.981474 [hotstuff info] 0.667270
2022-01-13 00:37:48.981481 [hotstuff info] 0.667270
2022-01-13 00:37:48.981487 [hotstuff info] 0.667271
2022-01-13 00:37:48.981494 [hotstuff info] 0.667269
2022-01-13 00:37:48.981500 [hotstuff info] 0.667267
2022-01-13 00:37:48.981507 [hotstuff info] 0.667267
2022-01-13 00:37:48.981513 [hotstuff info] 0.667266
2022-01-13 00:37:48.981520 [hotstuff info] 0.667267
2022-01-13 00:37:48.981527 [hotstuff info] 0.667083
2022-01-13 00:37:48.981535 [hotstuff info] 0.667080
2022-01-13 00:37:48.981542 [hotstuff info] 0.667080
2022-01-13 00:37:48.981550 [hotstuff info] 0.667080
2022-01-13 00:37:48.981557 [hotstuff info] 0.667080
2022-01-13 00:37:48.981565 [hotstuff info] 0.667080
2022-01-13 00:37:48.981572 [hotstuff info] 0.667080
2022-01-13 00:37:48.981580 [hotstuff info] 0.667080
2022-01-13 00:37:48.981587 [hotstuff info] 0.667081
2022-01-13 00:37:48.981594 [hotstuff info] 0.667081
2022-01-13 00:37:48.981602 [hotstuff info] 0.667081
2022-01-13 00:37:48.981609 [hotstuff info] 0.667080
2022-01-13 00:37:48.981616 [hotstuff info] 0.667081
2022-01-13 00:37:48.981623 [hotstuff info] 0.667082
2022-01-13 00:37:48.981630 [hotstuff info] 0.667081
2022-01-13 00:37:48.981637 [hotstuff info] 0.667081
2022-01-13 00:37:48.981645 [hotstuff info] 0.667081
2022-01-13 00:37:49.514463 [hotstuff info] 0.666273
2022-01-13 00:37:49.514499 [hotstuff info] 0.666301
2022-01-13 00:37:49.514510 [hotstuff info] 0.666302
2022-01-13 00:37:49.514517 [hotstuff info] 0.666180
2022-01-13 00:37:49.514526 [hotstuff info] 0.666180
2022-01-13 00:37:49.514533 [hotstuff info] 0.666179
2022-01-13 00:37:49.514540 [hotstuff info] 0.666178
2022-01-13 00:37:49.514547 [hotstuff info] 0.666177
2022-01-13 00:37:49.514721 [hotstuff info] 0.666343
2022-01-13 00:37:49.514741 [hotstuff info] 0.666356
2022-01-13 00:37:49.514750 [hotstuff info] 0.666358
2022-01-13 00:37:49.514758 [hotstuff info] 0.666359
2022-01-13 00:37:49.514767 [hotstuff info] 0.666361
2022-01-13 00:37:49.514773 [hotstuff info] 0.666360
2022-01-13 00:37:49.514782 [hotstuff info] 0.666362
2022-01-13 00:37:49.514790 [hotstuff info] 0.666361
2022-01-13 00:37:49.514797 [hotstuff info] 0.666362
2022-01-13 00:37:49.514805 [hotstuff info] 0.666362
2022-01-13 00:37:49.514812 [hotstuff info] 0.666361
2022-01-13 00:37:49.514820 [hotstuff info] 0.666363
2022-01-13 00:37:49.514827 [hotstuff info] 0.666363
2022-01-13 00:37:49.514834 [hotstuff info] 0.666364
2022-01-13 00:37:49.515033 [hotstuff info] 0.666314
2022-01-13 00:37:49.515053 [hotstuff info] 0.666326
2022-01-13 00:37:49.515062 [hotstuff info] 0.666326
2022-01-13 00:37:49.563091 [hotstuff info] 0.714348
2022-01-13 00:37:49.563113 [hotstuff info] 0.714362
2022-01-13 00:37:49.563123 [hotstuff info] 0.714363
2022-01-13 00:37:49.563130 [hotstuff info] 0.714363
2022-01-13 00:37:49.563137 [hotstuff info] 0.714363
2022-01-13 00:37:49.563144 [hotstuff info] 0.714361
2022-01-13 00:37:49.563151 [hotstuff info] 0.714362
2022-01-13 00:37:49.563160 [hotstuff info] 0.714363
2022-01-13 00:37:49.563166 [hotstuff info] 0.714362
2022-01-13 00:37:49.563173 [hotstuff info] 0.714362
2022-01-13 00:37:49.563180 [hotstuff info] 0.714362
2022-01-13 00:37:49.563187 [hotstuff info] 0.714362
2022-01-13 00:37:49.563194 [hotstuff info] 0.714362
2022-01-13 00:37:49.563202 [hotstuff info] 0.714362
2022-01-13 00:37:49.563208 [hotstuff info] 0.714361
2022-01-13 00:37:49.563215 [hotstuff info] 0.714361
2022-01-13 00:37:49.563223 [hotstuff info] 0.714361
2022-01-13 00:37:49.563230 [hotstuff info] 0.714360
2022-01-13 00:37:49.563236 [hotstuff info] 0.714361
2022-01-13 00:37:49.563244 [hotstuff info] 0.714362
2022-01-13 00:37:49.563250 [hotstuff info] 0.667013
2022-01-13 00:37:49.563257 [hotstuff info] 0.667011
2022-01-13 00:37:49.563264 [hotstuff info] 0.667011
2022-01-13 00:37:49.563271 [hotstuff info] 0.667011
2022-01-13 00:37:49.563279 [hotstuff info] 0.667011
2022-01-13 00:37:49.563286 [hotstuff info] 0.667011
2022-01-13 00:37:49.563293 [hotstuff info] 0.667011
2022-01-13 00:37:49.646989 [hotstuff info] 0.750509
2022-01-13 00:37:49.647011 [hotstuff info] 0.750522
2022-01-13 00:37:49.647022 [hotstuff info] 0.750354
2022-01-13 00:37:49.647031 [hotstuff info] 0.750355
2022-01-13 00:37:49.647038 [hotstuff info] 0.750354
2022-01-13 00:37:49.647045 [hotstuff info] 0.750353
2022-01-13 00:37:49.647052 [hotstuff info] 0.750354
2022-01-13 00:37:49.647253 [hotstuff info] 0.750547
2022-01-13 00:37:49.647272 [hotstuff info] 0.750556
2022-01-13 00:37:49.647280 [hotstuff info] 0.750558
2022-01-13 00:37:49.647288 [hotstuff info] 0.750557
2022-01-13 00:37:49.647295 [hotstuff info] 0.750556
2022-01-13 00:37:49.647304 [hotstuff info] 0.750558
2022-01-13 00:37:49.647311 [hotstuff info] 0.748215
2022-01-13 00:37:49.647318 [hotstuff info] 0.748214
2022-01-13 00:37:49.647326 [hotstuff info] 0.748214
2022-01-13 00:37:49.647333 [hotstuff info] 0.748213
2022-01-13 00:37:49.647341 [hotstuff info] 0.748212
2022-01-13 00:37:49.647348 [hotstuff info] 0.748212
2022-01-13 00:37:49.647356 [hotstuff info] 0.748212
2022-01-13 00:37:49.647363 [hotstuff info] 0.748212
2022-01-13 00:37:49.647369 [hotstuff info] 0.748212
2022-01-13 00:37:49.647377 [hotstuff info] 0.748211
2022-01-13 00:37:49.647383 [hotstuff info] 0.748209
2022-01-13 00:37:49.647390 [hotstuff info] 0.748208
2022-01-13 00:37:49.647398 [hotstuff info] 0.748209
2022-01-13 00:37:49.647405 [hotstuff info] 0.748210
2022-01-13 00:37:49.647413 [hotstuff info] 0.748209
2022-01-13 00:37:49.647420 [hotstuff info] 0.748209
2022-01-13 00:37:49.647427 [hotstuff info] 0.748192
2022-01-13 00:37:49.647434 [hotstuff info] 0.748193
2022-01-13 00:37:49.647441 [hotstuff info] 0.748193
2022-01-13 00:37:49.647448 [hotstuff info] 0.748191
2022-01-13 00:37:49.647455 [hotstuff info] 0.748191
2022-01-13 00:37:49.647462 [hotstuff info] 0.748191
2022-01-13 00:37:49.647469 [hotstuff info] 0.748191
2022-01-13 00:37:49.647476 [hotstuff info] 0.748191
2022-01-13 00:37:49.647483 [hotstuff info] 0.748191
2022-01-13 00:37:49.647490 [hotstuff info] 0.748191
2022-01-13 00:37:49.647497 [hotstuff info] 0.748192
2022-01-13 00:37:49.647504 [hotstuff info] 0.748190
2022-01-13 00:37:49.647509 [hotstuff info] 0.748189
2022-01-13 00:37:49.647516 [hotstuff info] 0.748187
2022-01-13 00:37:49.647522 [hotstuff info] 0.748188
2022-01-13 00:37:49.647528 [hotstuff info] 0.748188
2022-01-13 00:37:49.647534 [hotstuff info] 0.748186
2022-01-13 00:37:49.647542 [hotstuff info] 0.748186
2022-01-13 00:37:49.647549 [hotstuff info] 0.748186
2022-01-13 00:37:49.647923 [hotstuff info] 0.667280
2022-01-13 00:37:49.647942 [hotstuff info] 0.667289
2022-01-13 00:37:49.647949 [hotstuff info] 0.667289
2022-01-13 00:37:49.647957 [hotstuff info] 0.667289
2022-01-13 00:37:49.647964 [hotstuff info] 0.667142
2022-01-13 00:37:49.647972 [hotstuff info] 0.667142
2022-01-13 00:37:49.647980 [hotstuff info] 0.667142
2022-01-13 00:37:49.647987 [hotstuff info] 0.667143
2022-01-13 00:37:49.647995 [hotstuff info] 0.667144
2022-01-13 00:37:49.648003 [hotstuff info] 0.667143
2022-01-13 00:37:49.648011 [hotstuff info] 0.667144
2022-01-13 00:37:49.648017 [hotstuff info] 0.667144
2022-01-13 00:37:49.648025 [hotstuff info] 0.667144
2022-01-13 00:37:49.648033 [hotstuff info] 0.667146
2022-01-13 00:37:49.648040 [hotstuff info] 0.667148
2022-01-13 00:37:49.648048 [hotstuff info] 0.667147
2022-01-13 00:37:49.648056 [hotstuff info] 0.667150
2022-01-13 00:37:49.648063 [hotstuff info] 0.667150
2022-01-13 00:37:49.648072 [hotstuff info] 0.667152
2022-01-13 00:37:49.648079 [hotstuff info] 0.667153
2022-01-13 00:37:49.648088 [hotstuff info] 0.667154
2022-01-13 00:37:49.648095 [hotstuff info] 0.667155
2022-01-13 00:37:49.648103 [hotstuff info] 0.667155
2022-01-13 00:37:49.648110 [hotstuff info] 0.667155
2022-01-13 00:37:49.648119 [hotstuff info] 0.667159
2022-01-13 00:37:49.648126 [hotstuff info] 0.667158
2022-01-13 00:37:49.648133 [hotstuff info] 0.666834
2022-01-13 00:37:49.648140 [hotstuff info] 0.666833
2022-01-13 00:37:49.648147 [hotstuff info] 0.666832
2022-01-13 00:37:49.648154 [hotstuff info] 0.666831
2022-01-13 00:37:49.648161 [hotstuff info] 0.666830
2022-01-13 00:37:49.648167 [hotstuff info] 0.666829
2022-01-13 00:37:49.648175 [hotstuff info] 0.666828
2022-01-13 00:37:49.648182 [hotstuff info] 0.666828
2022-01-13 00:37:49.648190 [hotstuff info] 0.666828
2022-01-13 00:37:49.648196 [hotstuff info] 0.666827
2022-01-13 00:37:49.648203 [hotstuff info] 0.666827
2022-01-13 00:37:49.648210 [hotstuff info] 0.666827
2022-01-13 00:37:49.648217 [hotstuff info] 0.666826
2022-01-13 00:37:49.648225 [hotstuff info] 0.666826
2022-01-13 00:37:49.648232 [hotstuff info] 0.666825
2022-01-13 00:37:49.648238 [hotstuff info] 0.666823
2022-01-13 00:37:49.648245 [hotstuff info] 0.666824
2022-01-13 00:37:49.648252 [hotstuff info] 0.666822
2022-01-13 00:37:49.648259 [hotstuff info] 0.666823
2022-01-13 00:37:49.648266 [hotstuff info] 0.666823
2022-01-13 00:37:49.648274 [hotstuff info] 0.666823
2022-01-13 00:37:49.648280 [hotstuff info] 0.666823
2022-01-13 00:37:49.648287 [hotstuff info] 0.666821
2022-01-13 00:37:49.648294 [hotstuff info] 0.666821
2022-01-13 00:37:49.648301 [hotstuff info] 0.666821
2022-01-13 00:37:49.648308 [hotstuff info] 0.666822
2022-01-13 00:37:49.648315 [hotstuff info] 0.666823
2022-01-13 00:37:49.695421 [hotstuff info] 0.713921
2022-01-13 00:37:49.695517 [hotstuff info] 0.714010
2022-01-13 00:37:49.695534 [hotstuff info] 0.714023
2022-01-13 00:37:49.695541 [hotstuff info] 0.714021
2022-01-13 00:37:49.695547 [hotstuff info] 0.714020
2022-01-13 00:37:49.695555 [hotstuff info] 0.714021
2022-01-13 00:37:49.695562 [hotstuff info] 0.714021
2022-01-13 00:37:49.695570 [hotstuff info] 0.714022
2022-01-13 00:37:49.695577 [hotstuff info] 0.714021
2022-01-13 00:37:49.695806 [hotstuff info] 0.714242
2022-01-13 00:37:49.695848 [hotstuff info] 0.714277
2022-01-13 00:37:49.695857 [hotstuff info] 0.714278
2022-01-13 00:37:49.695864 [hotstuff info] 0.714278
2022-01-13 00:37:49.695871 [hotstuff info] 0.714278
2022-01-13 00:37:49.695879 [hotstuff info] 0.714278
2022-01-13 00:37:49.695887 [hotstuff info] 0.714280
2022-01-13 00:37:49.695895 [hotstuff info] 0.714280
2022-01-13 00:37:49.695902 [hotstuff info] 0.714279
2022-01-13 00:37:49.695910 [hotstuff info] 0.714281
2022-01-13 00:37:49.695917 [hotstuff info] 0.714281
2022-01-13 00:37:49.695923 [hotstuff info] 0.714280
2022-01-13 00:37:49.695930 [hotstuff info] 0.714280
2022-01-13 00:37:50.181379 [hotstuff info] 0.666881
2022-01-13 00:37:50.181414 [hotstuff info] 0.666906
2022-01-13 00:37:50.181423 [hotstuff info] 0.666908
2022-01-13 00:37:50.181431 [hotstuff info] 0.666905
2022-01-13 00:37:50.181439 [hotstuff info] 0.666906
2022-01-13 00:37:50.181447 [hotstuff info] 0.666908
2022-01-13 00:37:50.181454 [hotstuff info] 0.666908
2022-01-13 00:37:50.181462 [hotstuff info] 0.666909
2022-01-13 00:37:50.181624 [hotstuff info] 0.666884
2022-01-13 00:37:50.181642 [hotstuff info] 0.666892
2022-01-13 00:37:50.181651 [hotstuff info] 0.666894
2022-01-13 00:37:50.181659 [hotstuff info] 0.666894
2022-01-13 00:37:50.181667 [hotstuff info] 0.666894
2022-01-13 00:37:50.181676 [hotstuff info] 0.666895
2022-01-13 00:37:50.181683 [hotstuff info] 0.666894
2022-01-13 00:37:50.181690 [hotstuff info] 0.666894
2022-01-13 00:37:50.181698 [hotstuff info] 0.666894
2022-01-13 00:37:50.181706 [hotstuff info] 0.666895
2022-01-13 00:37:50.181713 [hotstuff info] 0.666895
2022-01-13 00:37:50.181721 [hotstuff info] 0.666894
2022-01-13 00:37:50.181728 [hotstuff info] 0.666895
2022-01-13 00:37:50.181736 [hotstuff info] 0.666895
2022-01-13 00:37:50.181742 [hotstuff info] 0.666691
2022-01-13 00:37:50.181749 [hotstuff info] 0.666689
2022-01-13 00:37:50.181756 [hotstuff info] 0.666688
2022-01-13 00:37:50.314070 [hotstuff info] 0.750959
2022-01-13 00:37:50.314094 [hotstuff info] 0.750973
2022-01-13 00:37:50.314103 [hotstuff info] 0.750974
2022-01-13 00:37:50.314109 [hotstuff info] 0.750973
2022-01-13 00:37:50.314117 [hotstuff info] 0.750974
2022-01-13 00:37:50.314123 [hotstuff info] 0.750974
2022-01-13 00:37:50.314131 [hotstuff info] 0.750972
2022-01-13 00:37:50.314138 [hotstuff info] 0.750974
2022-01-13 00:37:50.314146 [hotstuff info] 0.750974
2022-01-13 00:37:50.314351 [hotstuff info] 0.751171
2022-01-13 00:37:50.314369 [hotstuff info] 0.751182
2022-01-13 00:37:50.314377 [hotstuff info] 0.751185
2022-01-13 00:37:50.314385 [hotstuff info] 0.751184
2022-01-13 00:37:50.314392 [hotstuff info] 0.751186
2022-01-13 00:37:50.314400 [hotstuff info] 0.751186
2022-01-13 00:37:50.314407 [hotstuff info] 0.751186
2022-01-13 00:37:50.314414 [hotstuff info] 0.751186
2022-01-13 00:37:50.314422 [hotstuff info] 0.751186
2022-01-13 00:37:50.314429 [hotstuff info] 0.751186
2022-01-13 00:37:50.314436 [hotstuff info] 0.751187
2022-01-13 00:37:50.314443 [hotstuff info] 0.751187
2022-01-13 00:37:50.314449 [hotstuff info] 0.751186
2022-01-13 00:37:50.314456 [hotstuff info] 0.751185
2022-01-13 00:37:50.314461 [hotstuff info] 0.751184
2022-01-13 00:37:50.314468 [hotstuff info] 0.751183
2022-01-13 00:37:50.314475 [hotstuff info] 0.751183
2022-01-13 00:37:50.314481 [hotstuff info] 0.751183
2022-01-13 00:37:50.314488 [hotstuff info] 0.667478
2022-01-13 00:37:50.314495 [hotstuff info] 0.667473
2022-01-13 00:37:50.314502 [hotstuff info] 0.667472
2022-01-13 00:37:50.314508 [hotstuff info] 0.667472
2022-01-13 00:37:50.314515 [hotstuff info] 0.667471
2022-01-13 00:37:50.314817 [hotstuff info] 0.667766
2022-01-13 00:37:50.314835 [hotstuff info] 0.667777
2022-01-13 00:37:50.314843 [hotstuff info] 0.667572
2022-01-13 00:37:50.314849 [hotstuff info] 0.667571
2022-01-13 00:37:50.314857 [hotstuff info] 0.667570
2022-01-13 00:37:50.314864 [hotstuff info] 0.667570
2022-01-13 00:37:50.314871 [hotstuff info] 0.667568
2022-01-13 00:37:50.314878 [hotstuff info] 0.667569
2022-01-13 00:37:50.314886 [hotstuff info] 0.667568
2022-01-13 00:37:50.314893 [hotstuff info] 0.667568
2022-01-13 00:37:50.314899 [hotstuff info] 0.667567
2022-01-13 00:37:50.314906 [hotstuff info] 0.667566
2022-01-13 00:37:50.314913 [hotstuff info] 0.667566
2022-01-13 00:37:50.314918 [hotstuff info] 0.667564
2022-01-13 00:37:50.314925 [hotstuff info] 0.667562
2022-01-13 00:37:50.314931 [hotstuff info] 0.667562
2022-01-13 00:37:50.314938 [hotstuff info] 0.667562
2022-01-13 00:37:50.314944 [hotstuff info] 0.667563
2022-01-13 00:37:50.314950 [hotstuff info] 0.667561
2022-01-13 00:37:50.314957 [hotstuff info] 0.667560
2022-01-13 00:37:50.314965 [hotstuff info] 0.667561
2022-01-13 00:37:50.314971 [hotstuff info] 0.667560
2022-01-13 00:37:50.314978 [hotstuff info] 0.667559
2022-01-13 00:37:50.314985 [hotstuff info] 0.667559
2022-01-13 00:37:50.314992 [hotstuff info] 0.667559
2022-01-13 00:37:50.314999 [hotstuff info] 0.667559
2022-01-13 00:37:50.315007 [hotstuff info] 0.667559
2022-01-13 00:37:50.315013 [hotstuff info] 0.667559
2022-01-13 00:37:50.315020 [hotstuff info] 0.667559
2022-01-13 00:37:50.315027 [hotstuff info] 0.667559
2022-01-13 00:37:50.315033 [hotstuff info] 0.667559
2022-01-13 00:37:50.315040 [hotstuff info] 0.667558
2022-01-13 00:37:50.315046 [hotstuff info] 0.667556
2022-01-13 00:37:50.315053 [hotstuff info] 0.667556
2022-01-13 00:37:50.315059 [hotstuff info] 0.667557
2022-01-13 00:37:50.315067 [hotstuff info] 0.667558
2022-01-13 00:37:50.315074 [hotstuff info] 0.667559
2022-01-13 00:37:50.315080 [hotstuff info] 0.667558
2022-01-13 00:37:50.315087 [hotstuff info] 0.667559
2022-01-13 00:37:50.315093 [hotstuff info] 0.667560
2022-01-13 00:37:50.315100 [hotstuff info] 0.667559
2022-01-13 00:37:50.315106 [hotstuff info] 0.667559
2022-01-13 00:37:50.315114 [hotstuff info] 0.667559
2022-01-13 00:37:50.315120 [hotstuff info] 0.667179
2022-01-13 00:37:50.315127 [hotstuff info] 0.667179
2022-01-13 00:37:50.315134 [hotstuff info] 0.667178
2022-01-13 00:37:50.315140 [hotstuff info] 0.667177
2022-01-13 00:37:50.315147 [hotstuff info] 0.667177
2022-01-13 00:37:50.315154 [hotstuff info] 0.667174
2022-01-13 00:37:50.315161 [hotstuff info] 0.667174
2022-01-13 00:37:50.315167 [hotstuff info] 0.667173
2022-01-13 00:37:50.315174 [hotstuff info] 0.667172
2022-01-13 00:37:50.315180 [hotstuff info] 0.667170
2022-01-13 00:37:50.315185 [hotstuff info] 0.667170
2022-01-13 00:37:50.315555 [hotstuff info] 0.667531
2022-01-13 00:37:50.362710 [hotstuff info] 0.714679
2022-01-13 00:37:50.362735 [hotstuff info] 0.714695
2022-01-13 00:37:50.364704 [hotstuff info] 0.716657
2022-01-13 00:37:50.364724 [hotstuff info] 0.716669
2022-01-13 00:37:50.364733 [hotstuff info] 0.716671
2022-01-13 00:37:50.364740 [hotstuff info] 0.716668
2022-01-13 00:37:50.364746 [hotstuff info] 0.716667
2022-01-13 00:37:50.364754 [hotstuff info] 0.716667
2022-01-13 00:37:50.364760 [hotstuff info] 0.716667
2022-01-13 00:37:50.364768 [hotstuff info] 0.716666
2022-01-13 00:37:50.364774 [hotstuff info] 0.716666
2022-01-13 00:37:50.364782 [hotstuff info] 0.716663
2022-01-13 00:37:50.364788 [hotstuff info] 0.716664
2022-01-13 00:37:50.364796 [hotstuff info] 0.716663
2022-01-13 00:37:50.364802 [hotstuff info] 0.716663
2022-01-13 00:37:50.364808 [hotstuff info] 0.716662
2022-01-13 00:37:50.364816 [hotstuff info] 0.716663
2022-01-13 00:37:50.364822 [hotstuff info] 0.716662
2022-01-13 00:37:50.364829 [hotstuff info] 0.716662
2022-01-13 00:37:50.364836 [hotstuff info] 0.716662
2022-01-13 00:37:50.364842 [hotstuff info] 0.716661
2022-01-13 00:37:50.364848 [hotstuff info] 0.716658
2022-01-13 00:37:50.364854 [hotstuff info] 0.716659
2022-01-13 00:37:50.364860 [hotstuff info] 0.716657
2022-01-13 00:37:50.364866 [hotstuff info] 0.716656
2022-01-13 00:37:50.364872 [hotstuff info] 0.716656
2022-01-13 00:37:50.364879 [hotstuff info] 0.716656
2022-01-13 00:37:50.364885 [hotstuff info] 0.716654
2022-01-13 00:37:50.364892 [hotstuff info] 0.716655
2022-01-13 00:37:50.364898 [hotstuff info] 0.716653
2022-01-13 00:37:50.364904 [hotstuff info] 0.716653
2022-01-13 00:37:50.364911 [hotstuff info] 0.716653
2022-01-13 00:37:50.364918 [hotstuff info] 0.716652
2022-01-13 00:37:50.364925 [hotstuff info] 0.716652
2022-01-13 00:37:50.364931 [hotstuff info] 0.716651
2022-01-13 00:37:50.364937 [hotstuff info] 0.716652
2022-01-13 00:37:50.364944 [hotstuff info] 0.716651
2022-01-13 00:37:50.364951 [hotstuff info] 0.716651
2022-01-13 00:37:50.364957 [hotstuff info] 0.716650
2022-01-13 00:37:50.364964 [hotstuff info] 0.716649
2022-01-13 00:37:50.364970 [hotstuff info] 0.716649
2022-01-13 00:37:50.447259 [hotstuff info] 0.751817
2022-01-13 00:37:50.447294 [hotstuff info] 0.751761
2022-01-13 00:37:50.447302 [hotstuff info] 0.751762
2022-01-13 00:37:50.447308 [hotstuff info] 0.751762
2022-01-13 00:37:50.447316 [hotstuff info] 0.751762
2022-01-13 00:37:50.447502 [hotstuff info] 0.751940
2022-01-13 00:37:50.447521 [hotstuff info] 0.751951
2022-01-13 00:37:50.447529 [hotstuff info] 0.751953
2022-01-13 00:37:50.447538 [hotstuff info] 0.751955
2022-01-13 00:37:50.447544 [hotstuff info] 0.751698
2022-01-13 00:37:50.447560 [hotstuff info] 0.751704
2022-01-13 00:37:50.447572 [hotstuff info] 0.751709
2022-01-13 00:37:50.447579 [hotstuff info] 0.751709
2022-01-13 00:37:50.447594 [hotstuff info] 0.751715
2022-01-13 00:37:50.447601 [hotstuff info] 0.751714
2022-01-13 00:37:50.447606 [hotstuff info] 0.751713
2022-01-13 00:37:50.447615 [hotstuff info] 0.751714
2022-01-13 00:37:50.447621 [hotstuff info] 0.751713
2022-01-13 00:37:50.447629 [hotstuff info] 0.751713
2022-01-13 00:37:50.447636 [hotstuff info] 0.751713
2022-01-13 00:37:50.447643 [hotstuff info] 0.751713
2022-01-13 00:37:50.447650 [hotstuff info] 0.751714
2022-01-13 00:37:50.848357 [hotstuff info] 0.666944
2022-01-13 00:37:50.848396 [hotstuff info] 0.666973
2022-01-13 00:37:50.848407 [hotstuff info] 0.666977
2022-01-13 00:37:50.848420 [hotstuff info] 0.666982
2022-01-13 00:37:50.848430 [hotstuff info] 0.666985
2022-01-13 00:37:50.848438 [hotstuff info] 0.666984
2022-01-13 00:37:50.848447 [hotstuff info] 0.666985
2022-01-13 00:37:50.848454 [hotstuff info] 0.666985
2022-01-13 00:37:50.848620 [hotstuff info] 0.666979
2022-01-13 00:37:50.848643 [hotstuff info] 0.666994
2022-01-13 00:37:50.848657 [hotstuff info] 0.666998
