2022-01-13 00:37:46.792485 [net info] starting all threads...
2022-01-13 00:37:46.792641 [net warn] ignoring option name in conf file: block-size
2022-01-13 00:37:46.792653 [net warn] ignoring option name in conf file: nworker
2022-01-13 00:37:46.792660 [net warn] ignoring option name in conf file: repnworker
2022-01-13 00:37:46.792666 [net warn] ignoring option name in conf file: clinworker
2022-01-13 00:37:46.792671 [net warn] ignoring option name in conf file: repburst
2022-01-13 00:37:46.792677 [net warn] ignoring option name in conf file: cliburst
2022-01-13 00:37:46.792683 [net warn] ignoring option name in conf file: pace-maker
2022-01-13 00:37:46.792703 [net info] loaded configuration from hotstuff.conf
2022-01-13 00:37:46.792795 [hotstuff info] nfaulty = 3
2022-01-13 00:37:46.793089 [net info] created <Conn fd=11 addr=<NetAddr 18.188.17.142:20000> mode=active>
2022-01-13 00:37:46.793352 [net info] created <Conn fd=19 addr=<NetAddr 3.142.114.174:20000> mode=active>
2022-01-13 00:37:46.793384 [net info] connected to remote <Conn fd=11 addr=<NetAddr 18.188.17.142:20000> mode=active>
2022-01-13 00:37:46.793619 [net info] created <Conn fd=21 addr=<NetAddr 52.79.253.61:20000> mode=active>
2022-01-13 00:37:46.793852 [net info] created <Conn fd=23 addr=<NetAddr 3.36.103.56:20000> mode=active>
2022-01-13 00:37:46.794087 [net info] created <Conn fd=25 addr=<NetAddr 54.93.131.236:20000> mode=active>
2022-01-13 00:37:46.794116 [net info] connected to remote <Conn fd=19 addr=<NetAddr 3.142.114.174:20000> mode=active>
2022-01-13 00:37:46.794335 [net info] created <Conn fd=27 addr=<NetAddr 3.120.147.128:20000> mode=active>
2022-01-13 00:37:46.794547 [net info] created <Conn fd=29 addr=<NetAddr 54.215.140.88:20000> mode=active>
2022-01-13 00:37:46.794765 [net info] created <Conn fd=31 addr=<NetAddr 54.193.29.119:20000> mode=active>
2022-01-13 00:37:46.795004 [net info] created <Conn fd=33 addr=<NetAddr 3.112.224.96:20000> mode=active>
2022-01-13 00:37:46.795239 [net info] created <Conn fd=35 addr=<NetAddr 54.95.218.99:20000> mode=active>
2022-01-13 00:37:46.844389 [net info] connected to remote <Conn fd=31 addr=<NetAddr 54.193.29.119:20000> mode=active>
2022-01-13 00:37:46.845376 [net info] connected to remote <Conn fd=29 addr=<NetAddr 54.215.140.88:20000> mode=active>
2022-01-13 00:37:46.893571 [net info] connected to remote <Conn fd=25 addr=<NetAddr 54.93.131.236:20000> mode=active>
2022-01-13 00:37:46.894142 [net info] connected to remote <Conn fd=27 addr=<NetAddr 3.120.147.128:20000> mode=active>
2022-01-13 00:37:46.926475 [net info] connected to remote <Conn fd=33 addr=<NetAddr 3.112.224.96:20000> mode=active>
2022-01-13 00:37:46.927107 [net info] connected to remote <Conn fd=35 addr=<NetAddr 54.95.218.99:20000> mode=active>
2022-01-13 00:37:46.953196 [net info] connected to remote <Conn fd=21 addr=<NetAddr 52.79.253.61:20000> mode=active>
2022-01-13 00:37:46.954356 [net info] connected to remote <Conn fd=23 addr=<NetAddr 3.36.103.56:20000> mode=active>
2022-01-13 00:37:47.381883 [hotstuff info] 0.586577
2022-01-13 00:37:47.381918 [hotstuff info] 0.586596
2022-01-13 00:37:47.381930 [hotstuff info] 0.586595
2022-01-13 00:37:47.381939 [hotstuff info] 0.586590
2022-01-13 00:37:47.381946 [hotstuff info] 0.586584
2022-01-13 00:37:47.381956 [hotstuff info] 0.586581
2022-01-13 00:37:47.381964 [hotstuff info] 0.586574
2022-01-13 00:37:47.381972 [hotstuff info] 0.586569
2022-01-13 00:37:47.381984 [hotstuff info] 0.586566
2022-01-13 00:37:47.381993 [hotstuff info] 0.586561
2022-01-13 00:37:47.382000 [hotstuff info] 0.586555
2022-01-13 00:37:47.382010 [hotstuff info] 0.586549
2022-01-13 00:37:47.382018 [hotstuff info] 0.586543
2022-01-13 00:37:47.382025 [hotstuff info] 0.586536
2022-01-13 00:37:47.382034 [hotstuff info] 0.586532
2022-01-13 00:37:47.382041 [hotstuff info] 0.586525
2022-01-13 00:37:47.382048 [hotstuff info] 0.586519
2022-01-13 00:37:47.382056 [hotstuff info] 0.586511
2022-01-13 00:37:47.382344 [hotstuff info] 0.586786
2022-01-13 00:37:47.382365 [hotstuff info] 0.586793
2022-01-13 00:37:47.382375 [hotstuff info] 0.586790
2022-01-13 00:37:47.382384 [hotstuff info] 0.586785
2022-01-13 00:37:47.382391 [hotstuff info] 0.586779
2022-01-13 00:37:47.382400 [hotstuff info] 0.586774
2022-01-13 00:37:47.382409 [hotstuff info] 0.586769
2022-01-13 00:37:47.382417 [hotstuff info] 0.586761
2022-01-13 00:37:47.382425 [hotstuff info] 0.586755
2022-01-13 00:37:47.382433 [hotstuff info] 0.586750
2022-01-13 00:37:47.382442 [hotstuff info] 0.586745
2022-01-13 00:37:47.382450 [hotstuff info] 0.586740
2022-01-13 00:37:47.382459 [hotstuff info] 0.586736
2022-01-13 00:37:47.382468 [hotstuff info] 0.586730
2022-01-13 00:37:47.382479 [hotstuff info] 0.586726
2022-01-13 00:37:47.382514 [hotstuff info] 0.586749
2022-01-13 00:37:47.382523 [hotstuff info] 0.586744
2022-01-13 00:37:47.382529 [hotstuff info] 0.586737
2022-01-13 00:37:47.382535 [hotstuff info] 0.586730
2022-01-13 00:37:47.382542 [hotstuff info] 0.586722
2022-01-13 00:37:47.382548 [hotstuff info] 0.586714
2022-01-13 00:37:47.382555 [hotstuff info] 0.586708
2022-01-13 00:37:47.382561 [hotstuff info] 0.586678
2022-01-13 00:37:47.382567 [hotstuff info] 0.586671
2022-01-13 00:37:47.382574 [hotstuff info] 0.586663
2022-01-13 00:37:47.382581 [hotstuff info] 0.586657
2022-01-13 00:37:47.382588 [hotstuff info] 0.586650
2022-01-13 00:37:47.382594 [hotstuff info] 0.586638
2022-01-13 00:37:47.382600 [hotstuff info] 0.586631
2022-01-13 00:37:47.382606 [hotstuff info] 0.586621
2022-01-13 00:37:47.382612 [hotstuff info] 0.586613
2022-01-13 00:37:47.382618 [hotstuff info] 0.586604
2022-01-13 00:37:47.382624 [hotstuff info] 0.586596
2022-01-13 00:37:47.382630 [hotstuff info] 0.586589
2022-01-13 00:37:47.382636 [hotstuff info] 0.586579
2022-01-13 00:37:47.382642 [hotstuff info] 0.586572
2022-01-13 00:37:47.382648 [hotstuff info] 0.586564
2022-01-13 00:37:47.382654 [hotstuff info] 0.586558
2022-01-13 00:37:47.382661 [hotstuff info] 0.586551
2022-01-13 00:37:47.382668 [hotstuff info] 0.586546
2022-01-13 00:37:47.382675 [hotstuff info] 0.586539
2022-01-13 00:37:47.382682 [hotstuff info] 0.586529
2022-01-13 00:37:47.382690 [hotstuff info] 0.586524
2022-01-13 00:37:47.382697 [hotstuff info] 0.586517
2022-01-13 00:37:47.382706 [hotstuff info] 0.586513
2022-01-13 00:37:47.382712 [hotstuff info] 0.586505
2022-01-13 00:37:47.382720 [hotstuff info] 0.586499
2022-01-13 00:37:47.382732 [hotstuff info] 0.586498
2022-01-13 00:37:47.382738 [hotstuff info] 0.586489
2022-01-13 00:37:47.382746 [hotstuff info] 0.586484
2022-01-13 00:37:47.382754 [hotstuff info] 0.586479
2022-01-13 00:37:47.382762 [hotstuff info] 0.586474
2022-01-13 00:37:47.382769 [hotstuff info] 0.586468
2022-01-13 00:37:47.382776 [hotstuff info] 0.586462
2022-01-13 00:37:47.382785 [hotstuff info] 0.586457
2022-01-13 00:37:47.382793 [hotstuff info] 0.586450
2022-01-13 00:37:47.382802 [hotstuff info] 0.586446
2022-01-13 00:37:47.382808 [hotstuff info] 0.586439
2022-01-13 00:37:47.382815 [hotstuff info] 0.586432
2022-01-13 00:37:47.382822 [hotstuff info] 0.586426
2022-01-13 00:37:47.382829 [hotstuff info] 0.586420
2022-01-13 00:37:47.382836 [hotstuff info] 0.586409
2022-01-13 00:37:47.382844 [hotstuff info] 0.586403
2022-01-13 00:37:47.382851 [hotstuff info] 0.586398
2022-01-13 00:37:47.382859 [hotstuff info] 0.586391
2022-01-13 00:37:47.382865 [hotstuff info] 0.586385
2022-01-13 00:37:47.382872 [hotstuff info] 0.586378
2022-01-13 00:37:47.382879 [hotstuff info] 0.586369
2022-01-13 00:37:47.382885 [hotstuff info] 0.586362
2022-01-13 00:37:47.382892 [hotstuff info] 0.586355
2022-01-13 00:37:47.382899 [hotstuff info] 0.586349
2022-01-13 00:37:47.429717 [hotstuff info] 0.633154
2022-01-13 00:37:47.429746 [hotstuff info] 0.633170
2022-01-13 00:37:47.429753 [hotstuff info] 0.633164
2022-01-13 00:37:47.429759 [hotstuff info] 0.633156
2022-01-13 00:37:47.429767 [hotstuff info] 0.633150
2022-01-13 00:37:47.429776 [hotstuff info] 0.633146
2022-01-13 00:37:47.429783 [hotstuff info] 0.633141
2022-01-13 00:37:47.429791 [hotstuff info] 0.633137
2022-01-13 00:37:47.429799 [hotstuff info] 0.633132
2022-01-13 00:37:47.429807 [hotstuff info] 0.633126
2022-01-13 00:37:47.429814 [hotstuff info] 0.633120
2022-01-13 00:37:47.514175 [hotstuff info] 0.717463
2022-01-13 00:37:47.514205 [hotstuff info] 0.717480
2022-01-13 00:37:47.514219 [hotstuff info] 0.717482
2022-01-13 00:37:47.514229 [hotstuff info] 0.717479
2022-01-13 00:37:47.514240 [hotstuff info] 0.717475
2022-01-13 00:37:47.514246 [hotstuff info] 0.717468
2022-01-13 00:37:47.514255 [hotstuff info] 0.717464
2022-01-13 00:37:47.514260 [hotstuff info] 0.717454
2022-01-13 00:37:47.514267 [hotstuff info] 0.717448
2022-01-13 00:37:47.514274 [hotstuff info] 0.717441
2022-01-13 00:37:47.514607 [hotstuff info] 0.717760
2022-01-13 00:37:47.514623 [hotstuff info] 0.717763
2022-01-13 00:37:47.514631 [hotstuff info] 0.717757
2022-01-13 00:37:47.514638 [hotstuff info] 0.717749
2022-01-13 00:37:47.514645 [hotstuff info] 0.717741
2022-01-13 00:37:47.514652 [hotstuff info] 0.717733
2022-01-13 00:37:47.514659 [hotstuff info] 0.717727
2022-01-13 00:37:47.514666 [hotstuff info] 0.717720
2022-01-13 00:37:47.514675 [hotstuff info] 0.717714
2022-01-13 00:37:47.514684 [hotstuff info] 0.717709
2022-01-13 00:37:47.514693 [hotstuff info] 0.717705
2022-01-13 00:37:47.514702 [hotstuff info] 0.717697
2022-01-13 00:37:47.514708 [hotstuff info] 0.717690
2022-01-13 00:37:47.514715 [hotstuff info] 0.717683
2022-01-13 00:37:47.514723 [hotstuff info] 0.717676
2022-01-13 00:37:47.514729 [hotstuff info] 0.717669
2022-01-13 00:37:47.514736 [hotstuff info] 0.717663
2022-01-13 00:37:47.514742 [hotstuff info] 0.717655
2022-01-13 00:37:47.514749 [hotstuff info] 0.717645
2022-01-13 00:37:47.514769 [hotstuff info] 0.717651
2022-01-13 00:37:47.514776 [hotstuff info] 0.717644
2022-01-13 00:37:47.514782 [hotstuff info] 0.717636
2022-01-13 00:37:47.514790 [hotstuff info] 0.717629
2022-01-13 00:37:47.514796 [hotstuff info] 0.717621
2022-01-13 00:37:47.514804 [hotstuff info] 0.717615
2022-01-13 00:37:47.514810 [hotstuff info] 0.717605
2022-01-13 00:37:47.514817 [hotstuff info] 0.717598
2022-01-13 00:37:47.514823 [hotstuff info] 0.717591
2022-01-13 00:37:47.514831 [hotstuff info] 0.717584
2022-01-13 00:37:47.514836 [hotstuff info] 0.717576
2022-01-13 00:37:47.514843 [hotstuff info] 0.717569
2022-01-13 00:37:47.514849 [hotstuff info] 0.717561
2022-01-13 00:37:47.514857 [hotstuff info] 0.717548
2022-01-13 00:37:47.514863 [hotstuff info] 0.717540
2022-01-13 00:37:47.514869 [hotstuff info] 0.717532
2022-01-13 00:37:47.514875 [hotstuff info] 0.717526
2022-01-13 00:37:47.514884 [hotstuff info] 0.717520
2022-01-13 00:37:47.514890 [hotstuff info] 0.717512
2022-01-13 00:37:47.514896 [hotstuff info] 0.717505
2022-01-13 00:37:47.514903 [hotstuff info] 0.717495
2022-01-13 00:37:47.514911 [hotstuff info] 0.717490
2022-01-13 00:37:47.514920 [hotstuff info] 0.717486
2022-01-13 00:37:47.514927 [hotstuff info] 0.717478
2022-01-13 00:37:47.514933 [hotstuff info] 0.717470
2022-01-13 00:37:47.514940 [hotstuff info] 0.717463
2022-01-13 00:37:47.514946 [hotstuff info] 0.717456
2022-01-13 00:37:47.514953 [hotstuff info] 0.717446
2022-01-13 00:37:47.514960 [hotstuff info] 0.717439
2022-01-13 00:37:47.514966 [hotstuff info] 0.717432
2022-01-13 00:37:47.514973 [hotstuff info] 0.717424
2022-01-13 00:37:47.514980 [hotstuff info] 0.717417
2022-01-13 00:37:47.514986 [hotstuff info] 0.717410
2022-01-13 00:37:47.514993 [hotstuff info] 0.717402
2022-01-13 00:37:47.514999 [hotstuff info] 0.717395
2022-01-13 00:37:47.515006 [hotstuff info] 0.717385
2022-01-13 00:37:47.515012 [hotstuff info] 0.717377
2022-01-13 00:37:47.515018 [hotstuff info] 0.717370
2022-01-13 00:37:47.515024 [hotstuff info] 0.717356
2022-01-13 00:37:47.515030 [hotstuff info] 0.717347
2022-01-13 00:37:47.515037 [hotstuff info] 0.717341
2022-01-13 00:37:47.515046 [hotstuff info] 0.717336
2022-01-13 00:37:47.515052 [hotstuff info] 0.717329
2022-01-13 00:37:47.515059 [hotstuff info] 0.717321
2022-01-13 00:37:47.515067 [hotstuff info] 0.717316
2022-01-13 00:37:47.515074 [hotstuff info] 0.717308
2022-01-13 00:37:47.913919 [hotstuff info] 0.532002
2022-01-13 00:37:47.913955 [hotstuff info] 0.532026
2022-01-13 00:37:47.913968 [hotstuff info] 0.532031
2022-01-13 00:37:47.913977 [hotstuff info] 0.532032
2022-01-13 00:37:47.914138 [hotstuff info] 0.532181
2022-01-13 00:37:47.914160 [hotstuff info] 0.532197
2022-01-13 00:37:47.914170 [hotstuff info] 0.532198
2022-01-13 00:37:47.914179 [hotstuff info] 0.532197
2022-01-13 00:37:47.914186 [hotstuff info] 0.532195
2022-01-13 00:37:47.914197 [hotstuff info] 0.532198
2022-01-13 00:37:47.914204 [hotstuff info] 0.532195
2022-01-13 00:37:47.914215 [hotstuff info] 0.532197
2022-01-13 00:37:47.914222 [hotstuff info] 0.532199
2022-01-13 00:37:47.914231 [hotstuff info] 0.532198
2022-01-13 00:37:47.914240 [hotstuff info] 0.532201
2022-01-13 00:37:47.914247 [hotstuff info] 0.532200
2022-01-13 00:37:47.914254 [hotstuff info] 0.532200
2022-01-13 00:37:47.914262 [hotstuff info] 0.532200
2022-01-13 00:37:47.914268 [hotstuff info] 0.531906
2022-01-13 00:37:47.914276 [hotstuff info] 0.531902
2022-01-13 00:37:47.914283 [hotstuff info] 0.531900
2022-01-13 00:37:47.914289 [hotstuff info] 0.531900
2022-01-13 00:37:47.914296 [hotstuff info] 0.531897
2022-01-13 00:37:47.914303 [hotstuff info] 0.531897
2022-01-13 00:37:47.914309 [hotstuff info] 0.531893
2022-01-13 00:37:47.914317 [hotstuff info] 0.531892
2022-01-13 00:37:47.914325 [hotstuff info] 0.531893
2022-01-13 00:37:47.914332 [hotstuff info] 0.531892
2022-01-13 00:37:47.914338 [hotstuff info] 0.531890
2022-01-13 00:37:47.914349 [hotstuff info] 0.531890
2022-01-13 00:37:47.914356 [hotstuff info] 0.531889
2022-01-13 00:37:47.914365 [hotstuff info] 0.531887
2022-01-13 00:37:47.914669 [hotstuff info] 0.532156
2022-01-13 00:37:47.914691 [hotstuff info] 0.532170
2022-01-13 00:37:47.914704 [hotstuff info] 0.532175
2022-01-13 00:37:47.961928 [hotstuff info] 0.579393
2022-01-13 00:37:47.961988 [hotstuff info] 0.579447
2022-01-13 00:37:47.962002 [hotstuff info] 0.579454
2022-01-13 00:37:47.962010 [hotstuff info] 0.579455
2022-01-13 00:37:47.962019 [hotstuff info] 0.579458
2022-01-13 00:37:47.962029 [hotstuff info] 0.579463
2022-01-13 00:37:47.962040 [hotstuff info] 0.579466
2022-01-13 00:37:47.962047 [hotstuff info] 0.579467
2022-01-13 00:37:47.962057 [hotstuff info] 0.579470
2022-01-13 00:37:47.962064 [hotstuff info] 0.579471
2022-01-13 00:37:47.962071 [hotstuff info] 0.579472
2022-01-13 00:37:47.962078 [hotstuff info] 0.579474
2022-01-13 00:37:47.962087 [hotstuff info] 0.579475
2022-01-13 00:37:47.962093 [hotstuff info] 0.579476
2022-01-13 00:37:47.962100 [hotstuff info] 0.579478
2022-01-13 00:37:47.962107 [hotstuff info] 0.579478
2022-01-13 00:37:47.962439 [hotstuff info] 0.579804
2022-01-13 00:37:47.962457 [hotstuff info] 0.579816
2022-01-13 00:37:47.962465 [hotstuff info] 0.579818
2022-01-13 00:37:47.964827 [hotstuff info] 0.582173
2022-01-13 00:37:47.964848 [hotstuff info] 0.582188
2022-01-13 00:37:47.964858 [hotstuff info] 0.582191
2022-01-13 00:37:47.964865 [hotstuff info] 0.582190
2022-01-13 00:37:47.964873 [hotstuff info] 0.582193
2022-01-13 00:37:47.964881 [hotstuff info] 0.582192
2022-01-13 00:37:47.964887 [hotstuff info] 0.582192
2022-01-13 00:37:47.964896 [hotstuff info] 0.582191
2022-01-13 00:37:47.964902 [hotstuff info] 0.582192
2022-01-13 00:37:47.964910 [hotstuff info] 0.582191
2022-01-13 00:37:47.964917 [hotstuff info] 0.582186
2022-01-13 00:37:47.964924 [hotstuff info] 0.582187
2022-01-13 00:37:47.964930 [hotstuff info] 0.582186
2022-01-13 00:37:47.964938 [hotstuff info] 0.582185
2022-01-13 00:37:47.964945 [hotstuff info] 0.582184
2022-01-13 00:37:47.964952 [hotstuff info] 0.582184
2022-01-13 00:37:47.964958 [hotstuff info] 0.582184
2022-01-13 00:37:47.964966 [hotstuff info] 0.582182
2022-01-13 00:37:47.964973 [hotstuff info] 0.582181
2022-01-13 00:37:47.964979 [hotstuff info] 0.582179
2022-01-13 00:37:47.964986 [hotstuff info] 0.582179
2022-01-13 00:37:47.964993 [hotstuff info] 0.582179
2022-01-13 00:37:47.964999 [hotstuff info] 0.582178
2022-01-13 00:37:47.965006 [hotstuff info] 0.582178
2022-01-13 00:37:47.965013 [hotstuff info] 0.582177
2022-01-13 00:37:47.965020 [hotstuff info] 0.582176
2022-01-13 00:37:47.965026 [hotstuff info] 0.582176
2022-01-13 00:37:47.965033 [hotstuff info] 0.582175
2022-01-13 00:37:47.965056 [hotstuff info] 0.582192
2022-01-13 00:37:47.965063 [hotstuff info] 0.582191
2022-01-13 00:37:47.965069 [hotstuff info] 0.582191
2022-01-13 00:37:47.965076 [hotstuff info] 0.582191
2022-01-13 00:37:47.965083 [hotstuff info] 0.582191
2022-01-13 00:37:47.965090 [hotstuff info] 0.582192
2022-01-13 00:37:47.965096 [hotstuff info] 0.582192
2022-01-13 00:37:48.047022 [hotstuff info] 0.617277
2022-01-13 00:37:48.047050 [hotstuff info] 0.617298
2022-01-13 00:37:48.047064 [hotstuff info] 0.617305
2022-01-13 00:37:48.047071 [hotstuff info] 0.617306
2022-01-13 00:37:48.047214 [hotstuff info] 0.617439
2022-01-13 00:37:48.047237 [hotstuff info] 0.617455
2022-01-13 00:37:48.047248 [hotstuff info] 0.617457
2022-01-13 00:37:48.047258 [hotstuff info] 0.617459
2022-01-13 00:37:48.047265 [hotstuff info] 0.617460
2022-01-13 00:37:48.047273 [hotstuff info] 0.617460
2022-01-13 00:37:48.047279 [hotstuff info] 0.617458
2022-01-13 00:37:48.047498 [hotstuff info] 0.533294
2022-01-13 00:37:48.047567 [hotstuff info] 0.533348
2022-01-13 00:37:48.047575 [hotstuff info] 0.533347
2022-01-13 00:37:48.047584 [hotstuff info] 0.533345
2022-01-13 00:37:48.047775 [hotstuff info] 0.533529
2022-01-13 00:37:48.047794 [hotstuff info] 0.533541
2022-01-13 00:37:48.047802 [hotstuff info] 0.533542
2022-01-13 00:37:48.047810 [hotstuff info] 0.533543
2022-01-13 00:37:48.047817 [hotstuff info] 0.533544
2022-01-13 00:37:48.047826 [hotstuff info] 0.533546
2022-01-13 00:37:48.047833 [hotstuff info] 0.533211
2022-01-13 00:37:48.047842 [hotstuff info] 0.533211
2022-01-13 00:37:48.047848 [hotstuff info] 0.533211
2022-01-13 00:37:48.047879 [hotstuff info] 0.533235
2022-01-13 00:37:48.047885 [hotstuff info] 0.533234
2022-01-13 00:37:48.047891 [hotstuff info] 0.533233
2022-01-13 00:37:48.047900 [hotstuff info] 0.533234
2022-01-13 00:37:48.047908 [hotstuff info] 0.533234
2022-01-13 00:37:48.047916 [hotstuff info] 0.533234
2022-01-13 00:37:48.047925 [hotstuff info] 0.533232
2022-01-13 00:37:48.047931 [hotstuff info] 0.533231
2022-01-13 00:37:48.047938 [hotstuff info] 0.533231
2022-01-13 00:37:48.047945 [hotstuff info] 0.533231
2022-01-13 00:37:48.047951 [hotstuff info] 0.533230
2022-01-13 00:37:48.047958 [hotstuff info] 0.533230
2022-01-13 00:37:48.047965 [hotstuff info] 0.533229
2022-01-13 00:37:48.047973 [hotstuff info] 0.533231
2022-01-13 00:37:48.047981 [hotstuff info] 0.533232
2022-01-13 00:37:48.047988 [hotstuff info] 0.533220
2022-01-13 00:37:48.047995 [hotstuff info] 0.533219
2022-01-13 00:37:48.048003 [hotstuff info] 0.533222
2022-01-13 00:37:48.048010 [hotstuff info] 0.533222
2022-01-13 00:37:48.048016 [hotstuff info] 0.533221
2022-01-13 00:37:48.048026 [hotstuff info] 0.533224
2022-01-13 00:37:48.048033 [hotstuff info] 0.533224
2022-01-13 00:37:48.048040 [hotstuff info] 0.533225
2022-01-13 00:37:48.048047 [hotstuff info] 0.533224
2022-01-13 00:37:48.048054 [hotstuff info] 0.533225
2022-01-13 00:37:48.048061 [hotstuff info] 0.533225
2022-01-13 00:37:48.048069 [hotstuff info] 0.533226
2022-01-13 00:37:48.048583 [hotstuff info] 0.533735
2022-01-13 00:37:48.048603 [hotstuff info] 0.533747
2022-01-13 00:37:48.048610 [hotstuff info] 0.533748
2022-01-13 00:37:48.048616 [hotstuff info] 0.533748
2022-01-13 00:37:48.048624 [hotstuff info] 0.533749
2022-01-13 00:37:48.048633 [hotstuff info] 0.533751
2022-01-13 00:37:48.048643 [hotstuff info] 0.533754
2022-01-13 00:37:48.048652 [hotstuff info] 0.533756
2022-01-13 00:37:48.048659 [hotstuff info] 0.533757
2022-01-13 00:37:48.048667 [hotstuff info] 0.533757
2022-01-13 00:37:48.048674 [hotstuff info] 0.533754
2022-01-13 00:37:48.048684 [hotstuff info] 0.533758
2022-01-13 00:37:48.048690 [hotstuff info] 0.533758
2022-01-13 00:37:48.048697 [hotstuff info] 0.533757
2022-01-13 00:37:48.048704 [hotstuff info] 0.533759
2022-01-13 00:37:48.048710 [hotstuff info] 0.533759
2022-01-13 00:37:48.048717 [hotstuff info] 0.533759
2022-01-13 00:37:48.048726 [hotstuff info] 0.533760
2022-01-13 00:37:48.048735 [hotstuff info] 0.533764
2022-01-13 00:37:48.048743 [hotstuff info] 0.533764
2022-01-13 00:37:48.048750 [hotstuff info] 0.533764
2022-01-13 00:37:48.048757 [hotstuff info] 0.533765
2022-01-13 00:37:48.048765 [hotstuff info] 0.533766
2022-01-13 00:37:48.048775 [hotstuff info] 0.533769
2022-01-13 00:37:48.048781 [hotstuff info] 0.533771
2022-01-13 00:37:48.048792 [hotstuff info] 0.533774
2022-01-13 00:37:48.048798 [hotstuff info] 0.533774
2022-01-13 00:37:48.048807 [hotstuff info] 0.533778
2022-01-13 00:37:48.048814 [hotstuff info] 0.533778
2022-01-13 00:37:48.048821 [hotstuff info] 0.533777
2022-01-13 00:37:48.048827 [hotstuff info] 0.533776
2022-01-13 00:37:48.048835 [hotstuff info] 0.533778
2022-01-13 00:37:48.048844 [hotstuff info] 0.533777
2022-01-13 00:37:48.048853 [hotstuff info] 0.533780
2022-01-13 00:37:48.048859 [hotstuff info] 0.533779
2022-01-13 00:37:48.580893 [hotstuff info] 0.666939
2022-01-13 00:37:48.580949 [hotstuff info] 0.666982
2022-01-13 00:37:48.580960 [hotstuff info] 0.666984
2022-01-13 00:37:48.580968 [hotstuff info] 0.666982
2022-01-13 00:37:48.581009 [hotstuff info] 0.666850
2022-01-13 00:37:48.581021 [hotstuff info] 0.666853
2022-01-13 00:37:48.581032 [hotstuff info] 0.666853
2022-01-13 00:37:48.581040 [hotstuff info] 0.666855
2022-01-13 00:37:48.581239 [hotstuff info] 0.667043
2022-01-13 00:37:48.581256 [hotstuff info] 0.667053
2022-01-13 00:37:48.581263 [hotstuff info] 0.667050
2022-01-13 00:37:48.581272 [hotstuff info] 0.667051
2022-01-13 00:37:48.581282 [hotstuff info] 0.667052
2022-01-13 00:37:48.581291 [hotstuff info] 0.667052
2022-01-13 00:37:48.581301 [hotstuff info] 0.667054
2022-01-13 00:37:48.581310 [hotstuff info] 0.667056
2022-01-13 00:37:48.581321 [hotstuff info] 0.667059
2022-01-13 00:37:48.581330 [hotstuff info] 0.667063
2022-01-13 00:37:48.581342 [hotstuff info] 0.667067
2022-01-13 00:37:48.581349 [hotstuff info] 0.667067
2022-01-13 00:37:48.581360 [hotstuff info] 0.667071
2022-01-13 00:37:48.581369 [hotstuff info] 0.667074
2022-01-13 00:37:48.581377 [hotstuff info] 0.667075
2022-01-13 00:37:48.581384 [hotstuff info] 0.667075
2022-01-13 00:37:48.581391 [hotstuff info] 0.667076
2022-01-13 00:37:48.581398 [hotstuff info] 0.667074
2022-01-13 00:37:48.581407 [hotstuff info] 0.667076
2022-01-13 00:37:48.581414 [hotstuff info] 0.667077
2022-01-13 00:37:48.581422 [hotstuff info] 0.667074
2022-01-13 00:37:48.581429 [hotstuff info] 0.667074
2022-01-13 00:37:48.581436 [hotstuff info] 0.667073
2022-01-13 00:37:48.581442 [hotstuff info] 0.667071
2022-01-13 00:37:48.581450 [hotstuff info] 0.666760
2022-01-13 00:37:48.629079 [hotstuff info] 0.714376
2022-01-13 00:37:48.629110 [hotstuff info] 0.714399
2022-01-13 00:37:48.629393 [hotstuff info] 0.667440
2022-01-13 00:37:48.629415 [hotstuff info] 0.667415
2022-01-13 00:37:48.629425 [hotstuff info] 0.667416
2022-01-13 00:37:48.629433 [hotstuff info] 0.667415
2022-01-13 00:37:48.629440 [hotstuff info] 0.667413
2022-01-13 00:37:48.629447 [hotstuff info] 0.667408
2022-01-13 00:37:48.629457 [hotstuff info] 0.667412
2022-01-13 00:37:48.629468 [hotstuff info] 0.667413
2022-01-13 00:37:48.629477 [hotstuff info] 0.667415
2022-01-13 00:37:48.629642 [hotstuff info] 0.667571
2022-01-13 00:37:48.629661 [hotstuff info] 0.667583
2022-01-13 00:37:48.629671 [hotstuff info] 0.667586
2022-01-13 00:37:48.629682 [hotstuff info] 0.667590
2022-01-13 00:37:48.629692 [hotstuff info] 0.667592
2022-01-13 00:37:48.629700 [hotstuff info] 0.667593
2022-01-13 00:37:48.629709 [hotstuff info] 0.667595
2022-01-13 00:37:48.629717 [hotstuff info] 0.667260
2022-01-13 00:37:48.629725 [hotstuff info] 0.667260
2022-01-13 00:37:48.713576 [hotstuff info] 0.751105
2022-01-13 00:37:48.713710 [hotstuff info] 0.748864
2022-01-13 00:37:48.713733 [hotstuff info] 0.748875
2022-01-13 00:37:48.713743 [hotstuff info] 0.748879
2022-01-13 00:37:48.713754 [hotstuff info] 0.748882
2022-01-13 00:37:48.713762 [hotstuff info] 0.748881
2022-01-13 00:37:48.713771 [hotstuff info] 0.748884
2022-01-13 00:37:48.713961 [hotstuff info] 0.749066
2022-01-13 00:37:48.713980 [hotstuff info] 0.749079
2022-01-13 00:37:48.713988 [hotstuff info] 0.749080
2022-01-13 00:37:48.713996 [hotstuff info] 0.749080
2022-01-13 00:37:48.714006 [hotstuff info] 0.749082
2022-01-13 00:37:48.714013 [hotstuff info] 0.749083
2022-01-13 00:37:48.714020 [hotstuff info] 0.749084
2022-01-13 00:37:48.714027 [hotstuff info] 0.749084
2022-01-13 00:37:48.714034 [hotstuff info] 0.749084
2022-01-13 00:37:48.714041 [hotstuff info] 0.749083
2022-01-13 00:37:48.714050 [hotstuff info] 0.749086
2022-01-13 00:37:48.714057 [hotstuff info] 0.749085
2022-01-13 00:37:48.714064 [hotstuff info] 0.749086
2022-01-13 00:37:48.714070 [hotstuff info] 0.749086
2022-01-13 00:37:48.714079 [hotstuff info] 0.749087
2022-01-13 00:37:48.714085 [hotstuff info] 0.749088
2022-01-13 00:37:48.714092 [hotstuff info] 0.749086
2022-01-13 00:37:48.714098 [hotstuff info] 0.749086
2022-01-13 00:37:48.714105 [hotstuff info] 0.749086
2022-01-13 00:37:48.714111 [hotstuff info] 0.749085
2022-01-13 00:37:48.714118 [hotstuff info] 0.749086
2022-01-13 00:37:48.714125 [hotstuff info] 0.749069
2022-01-13 00:37:48.714132 [hotstuff info] 0.749070
2022-01-13 00:37:48.714138 [hotstuff info] 0.749070
2022-01-13 00:37:48.714145 [hotstuff info] 0.749070
2022-01-13 00:37:48.714151 [hotstuff info] 0.749069
2022-01-13 00:37:48.714157 [hotstuff info] 0.749069
2022-01-13 00:37:48.714164 [hotstuff info] 0.749069
2022-01-13 00:37:48.714171 [hotstuff info] 0.749069
2022-01-13 00:37:48.714177 [hotstuff info] 0.667129
2022-01-13 00:37:48.714183 [hotstuff info] 0.667121
2022-01-13 00:37:48.714189 [hotstuff info] 0.667119
2022-01-13 00:37:48.714196 [hotstuff info] 0.667118
2022-01-13 00:37:48.714202 [hotstuff info] 0.666966
2022-01-13 00:37:48.714208 [hotstuff info] 0.666961
2022-01-13 00:37:48.714638 [hotstuff info] 0.667381
2022-01-13 00:37:48.714659 [hotstuff info] 0.667394
2022-01-13 00:37:48.714668 [hotstuff info] 0.667396
2022-01-13 00:37:48.714675 [hotstuff info] 0.667397
2022-01-13 00:37:48.714682 [hotstuff info] 0.667397
2022-01-13 00:37:48.714691 [hotstuff info] 0.667172
2022-01-13 00:37:48.714701 [hotstuff info] 0.667126
2022-01-13 00:37:48.714712 [hotstuff info] 0.667129
2022-01-13 00:37:48.714722 [hotstuff info] 0.667133
2022-01-13 00:37:48.714734 [hotstuff info] 0.666941
2022-01-13 00:37:48.714745 [hotstuff info] 0.666944
2022-01-13 00:37:48.714755 [hotstuff info] 0.666946
2022-01-13 00:37:48.714765 [hotstuff info] 0.666950
2022-01-13 00:37:48.714777 [hotstuff info] 0.666953
2022-01-13 00:37:48.714789 [hotstuff info] 0.666956
2022-01-13 00:37:48.714799 [hotstuff info] 0.666959
2022-01-13 00:37:48.714810 [hotstuff info] 0.666964
2022-01-13 00:37:48.714821 [hotstuff info] 0.666943
2022-01-13 00:37:48.714832 [hotstuff info] 0.666948
2022-01-13 00:37:48.714843 [hotstuff info] 0.666953
2022-01-13 00:37:48.714854 [hotstuff info] 0.666955
2022-01-13 00:37:48.714865 [hotstuff info] 0.666958
2022-01-13 00:37:48.714875 [hotstuff info] 0.666961
2022-01-13 00:37:48.714887 [hotstuff info] 0.666964
2022-01-13 00:37:48.714898 [hotstuff info] 0.666967
2022-01-13 00:37:48.714909 [hotstuff info] 0.666971
2022-01-13 00:37:48.714918 [hotstuff info] 0.666974
2022-01-13 00:37:48.714930 [hotstuff info] 0.666979
2022-01-13 00:37:48.714940 [hotstuff info] 0.666983
2022-01-13 00:37:48.714950 [hotstuff info] 0.666987
2022-01-13 00:37:48.714961 [hotstuff info] 0.666989
2022-01-13 00:37:48.762069 [hotstuff info] 0.714088
2022-01-13 00:37:48.762101 [hotstuff info] 0.714114
2022-01-13 00:37:48.762109 [hotstuff info] 0.714116
2022-01-13 00:37:48.762119 [hotstuff info] 0.714116
2022-01-13 00:37:48.762128 [hotstuff info] 0.714118
2022-01-13 00:37:48.762147 [hotstuff info] 0.714131
2022-01-13 00:37:48.762160 [hotstuff info] 0.714135
2022-01-13 00:37:48.762168 [hotstuff info] 0.714136
2022-01-13 00:37:48.762176 [hotstuff info] 0.714136
2022-01-13 00:37:48.762183 [hotstuff info] 0.714137
2022-01-13 00:37:48.762190 [hotstuff info] 0.714137
2022-01-13 00:37:48.762198 [hotstuff info] 0.714138
2022-01-13 00:37:48.762431 [hotstuff info] 0.714364
2022-01-13 00:37:48.762450 [hotstuff info] 0.714377
2022-01-13 00:37:48.762457 [hotstuff info] 0.713857
2022-01-13 00:37:48.762464 [hotstuff info] 0.713856
2022-01-13 00:37:48.762472 [hotstuff info] 0.713857
2022-01-13 00:37:48.762484 [hotstuff info] 0.713861
2022-01-13 00:37:48.762494 [hotstuff info] 0.713862
2022-01-13 00:37:48.762500 [hotstuff info] 0.713859
2022-01-13 00:37:48.762510 [hotstuff info] 0.713859
2022-01-13 00:37:48.762516 [hotstuff info] 0.713859
2022-01-13 00:37:48.762525 [hotstuff info] 0.713859
2022-01-13 00:37:48.762534 [hotstuff info] 0.713862
2022-01-13 00:37:48.762545 [hotstuff info] 0.713863
2022-01-13 00:37:48.762555 [hotstuff info] 0.713866
2022-01-13 00:37:48.762567 [hotstuff info] 0.713871
2022-01-13 00:37:48.846712 [hotstuff info] 0.798008
2022-01-13 00:37:48.846767 [hotstuff info] 0.798057
2022-01-13 00:37:48.846777 [hotstuff info] 0.798061
2022-01-13 00:37:48.846787 [hotstuff info] 0.798062
2022-01-13 00:37:48.846793 [hotstuff info] 0.798060
2022-01-13 00:37:48.846802 [hotstuff info] 0.798060
2022-01-13 00:37:48.846811 [hotstuff info] 0.798063
2022-01-13 00:37:48.847092 [hotstuff info] 0.798336
2022-01-13 00:37:48.847109 [hotstuff info] 0.798346
2022-01-13 00:37:48.847118 [hotstuff info] 0.798344
2022-01-13 00:37:48.847150 [hotstuff info] 0.798370
2022-01-13 00:37:48.847158 [hotstuff info] 0.798367
2022-01-13 00:37:48.847164 [hotstuff info] 0.798367
2022-01-13 00:37:48.847170 [hotstuff info] 0.798364
2022-01-13 00:37:48.847176 [hotstuff info] 0.798363
2022-01-13 00:37:48.847183 [hotstuff info] 0.798362
2022-01-13 00:37:48.847190 [hotstuff info] 0.798363
2022-01-13 00:37:48.847196 [hotstuff info] 0.798363
2022-01-13 00:37:48.847206 [hotstuff info] 0.798364
2022-01-13 00:37:48.847214 [hotstuff info] 0.798362
2022-01-13 00:37:48.847220 [hotstuff info] 0.798362
2022-01-13 00:37:48.847227 [hotstuff info] 0.798361
2022-01-13 00:37:49.247389 [hotstuff info] 0.666456
2022-01-13 00:37:49.247424 [hotstuff info] 0.666466
2022-01-13 00:37:49.247435 [hotstuff info] 0.666468
2022-01-13 00:37:49.247443 [hotstuff info] 0.666468
2022-01-13 00:37:49.247449 [hotstuff info] 0.666431
2022-01-13 00:37:49.247457 [hotstuff info] 0.666426
2022-01-13 00:37:49.247466 [hotstuff info] 0.666428
2022-01-13 00:37:49.247644 [hotstuff info] 0.666595
2022-01-13 00:37:49.247669 [hotstuff info] 0.666414
2022-01-13 00:37:49.247679 [hotstuff info] 0.666416
2022-01-13 00:37:49.247686 [hotstuff info] 0.666415
2022-01-13 00:37:49.247694 [hotstuff info] 0.666414
2022-01-13 00:37:49.247700 [hotstuff info] 0.666411
2022-01-13 00:37:49.247709 [hotstuff info] 0.666409
2022-01-13 00:37:49.247717 [hotstuff info] 0.666409
2022-01-13 00:37:49.247725 [hotstuff info] 0.666405
2022-01-13 00:37:49.247733 [hotstuff info] 0.666405
2022-01-13 00:37:49.247744 [hotstuff info] 0.666404
2022-01-13 00:37:49.247753 [hotstuff info] 0.666405
2022-01-13 00:37:49.247762 [hotstuff info] 0.666403
2022-01-13 00:37:49.247770 [hotstuff info] 0.666403
2022-01-13 00:37:49.247779 [hotstuff info] 0.666403
2022-01-13 00:37:49.247786 [hotstuff info] 0.666403
2022-01-13 00:37:49.247795 [hotstuff info] 0.666405
2022-01-13 00:37:49.247803 [hotstuff info] 0.666405
2022-01-13 00:37:49.247811 [hotstuff info] 0.666405
2022-01-13 00:37:49.247818 [hotstuff info] 0.666404
2022-01-13 00:37:49.247826 [hotstuff info] 0.666405
2022-01-13 00:37:49.247835 [hotstuff info] 0.666407
2022-01-13 00:37:49.247843 [hotstuff info] 0.666408
2022-01-13 00:37:49.247849 [hotstuff info] 0.666408
2022-01-13 00:37:49.248172 [hotstuff info] 0.666722
2022-01-13 00:37:49.248192 [hotstuff info] 0.666735
2022-01-13 00:37:49.379941 [hotstuff info] 0.750832
2022-01-13 00:37:49.379973 [hotstuff info] 0.750854
2022-01-13 00:37:49.380107 [hotstuff info] 0.750692
2022-01-13 00:37:49.380124 [hotstuff info] 0.750701
2022-01-13 00:37:49.380135 [hotstuff info] 0.750703
2022-01-13 00:37:49.380143 [hotstuff info] 0.750704
2022-01-13 00:37:49.380150 [hotstuff info] 0.750705
2022-01-13 00:37:49.380159 [hotstuff info] 0.750703
2022-01-13 00:37:49.380165 [hotstuff info] 0.750699
2022-01-13 00:37:49.380172 [hotstuff info] 0.750696
2022-01-13 00:37:49.380180 [hotstuff info] 0.750693
2022-01-13 00:37:49.380189 [hotstuff info] 0.750529
2022-01-13 00:37:49.380199 [hotstuff info] 0.750529
2022-01-13 00:37:49.380206 [hotstuff info] 0.750526
2022-01-13 00:37:49.380213 [hotstuff info] 0.750523
2022-01-13 00:37:49.380476 [hotstuff info] 0.750777
2022-01-13 00:37:49.380498 [hotstuff info] 0.750790
2022-01-13 00:37:49.380510 [hotstuff info] 0.750794
2022-01-13 00:37:49.380519 [hotstuff info] 0.750795
2022-01-13 00:37:49.380528 [hotstuff info] 0.750796
2022-01-13 00:37:49.380536 [hotstuff info] 0.666930
2022-01-13 00:37:49.380542 [hotstuff info] 0.666811
2022-01-13 00:37:49.380549 [hotstuff info] 0.666807
2022-01-13 00:37:49.380556 [hotstuff info] 0.666804
2022-01-13 00:37:49.380566 [hotstuff info] 0.666805
2022-01-13 00:37:49.380576 [hotstuff info] 0.666806
2022-01-13 00:37:49.380584 [hotstuff info] 0.666805
2022-01-13 00:37:49.380591 [hotstuff info] 0.666612
2022-01-13 00:37:49.380600 [hotstuff info] 0.666612
2022-01-13 00:37:49.380607 [hotstuff info] 0.666613
2022-01-13 00:37:49.380870 [hotstuff info] 0.666865
2022-01-13 00:37:49.380894 [hotstuff info] 0.666883
2022-01-13 00:37:49.380904 [hotstuff info] 0.666885
2022-01-13 00:37:49.380912 [hotstuff info] 0.666886
2022-01-13 00:37:49.380920 [hotstuff info] 0.666886
2022-01-13 00:37:49.380926 [hotstuff info] 0.666887
2022-01-13 00:37:49.380935 [hotstuff info] 0.666885
2022-01-13 00:37:49.380943 [hotstuff info] 0.666888
2022-01-13 00:37:49.380953 [hotstuff info] 0.666889
2022-01-13 00:37:49.380962 [hotstuff info] 0.666893
2022-01-13 00:37:49.380971 [hotstuff info] 0.666894
2022-01-13 00:37:49.380978 [hotstuff info] 0.666894
2022-01-13 00:37:49.380985 [hotstuff info] 0.666894
2022-01-13 00:37:49.380993 [hotstuff info] 0.666896
2022-01-13 00:37:49.381002 [hotstuff info] 0.666899
2022-01-13 00:37:49.381010 [hotstuff info] 0.666900
2022-01-13 00:37:49.381016 [hotstuff info] 0.666900
2022-01-13 00:37:49.381023 [hotstuff info] 0.666900
2022-01-13 00:37:49.381032 [hotstuff info] 0.666902
2022-01-13 00:37:49.381040 [hotstuff info] 0.666903
2022-01-13 00:37:49.381047 [hotstuff info] 0.666903
2022-01-13 00:37:49.381055 [hotstuff info] 0.666906
2022-01-13 00:37:49.381064 [hotstuff info] 0.666908
2022-01-13 00:37:49.381072 [hotstuff info] 0.666909
2022-01-13 00:37:49.381080 [hotstuff info] 0.666910
2022-01-13 00:37:49.381086 [hotstuff info] 0.666911
2022-01-13 00:37:49.381095 [hotstuff info] 0.666912
2022-01-13 00:37:49.381101 [hotstuff info] 0.666913
2022-01-13 00:37:49.381111 [hotstuff info] 0.666916
2022-01-13 00:37:49.381118 [hotstuff info] 0.666916
2022-01-13 00:37:49.381126 [hotstuff info] 0.666919
2022-01-13 00:37:49.381132 [hotstuff info] 0.666920
2022-01-13 00:37:49.381486 [hotstuff info] 0.666828
2022-01-13 00:37:49.381511 [hotstuff info] 0.666844
2022-01-13 00:37:49.381521 [hotstuff info] 0.666847
2022-01-13 00:37:49.381529 [hotstuff info] 0.666848
2022-01-13 00:37:49.381540 [hotstuff info] 0.666850
2022-01-13 00:37:49.381548 [hotstuff info] 0.666848
2022-01-13 00:37:49.381556 [hotstuff info] 0.666845
2022-01-13 00:37:49.381564 [hotstuff info] 0.666843
2022-01-13 00:37:49.381572 [hotstuff info] 0.666841
2022-01-13 00:37:49.381578 [hotstuff info] 0.666835
2022-01-13 00:37:49.381585 [hotstuff info] 0.666832
2022-01-13 00:37:49.428734 [hotstuff info] 0.713970
2022-01-13 00:37:49.428757 [hotstuff info] 0.713981
2022-01-13 00:37:49.428768 [hotstuff info] 0.713981
2022-01-13 00:37:49.428781 [hotstuff info] 0.713981
2022-01-13 00:37:49.428791 [hotstuff info] 0.713982
2022-01-13 00:37:49.428800 [hotstuff info] 0.713980
2022-01-13 00:37:49.428808 [hotstuff info] 0.713977
2022-01-13 00:37:49.428818 [hotstuff info] 0.713975
2022-01-13 00:37:49.428997 [hotstuff info] 0.714146
2022-01-13 00:37:49.429017 [hotstuff info] 0.714154
2022-01-13 00:37:49.429028 [hotstuff info] 0.714154
2022-01-13 00:37:49.429036 [hotstuff info] 0.714150
2022-01-13 00:37:49.429044 [hotstuff info] 0.714148
2022-01-13 00:37:49.429052 [hotstuff info] 0.714144
2022-01-13 00:37:49.429059 [hotstuff info] 0.714143
2022-01-13 00:37:49.429070 [hotstuff info] 0.714141
2022-01-13 00:37:49.429076 [hotstuff info] 0.714137
2022-01-13 00:37:49.429086 [hotstuff info] 0.714137
2022-01-13 00:37:49.429094 [hotstuff info] 0.714134
2022-01-13 00:37:49.429100 [hotstuff info] 0.714131
2022-01-13 00:37:49.513184 [hotstuff info] 0.751084
2022-01-13 00:37:49.513211 [hotstuff info] 0.751103
2022-01-13 00:37:49.513222 [hotstuff info] 0.751105
2022-01-13 00:37:49.513230 [hotstuff info] 0.751104
2022-01-13 00:37:49.513415 [hotstuff info] 0.751278
2022-01-13 00:37:49.513432 [hotstuff info] 0.751273
2022-01-13 00:37:49.513440 [hotstuff info] 0.751273
2022-01-13 00:37:49.513447 [hotstuff info] 0.751272
2022-01-13 00:37:49.513454 [hotstuff info] 0.751272
2022-01-13 00:37:49.513461 [hotstuff info] 0.751271
2022-01-13 00:37:49.513467 [hotstuff info] 0.751270
2022-01-13 00:37:49.513474 [hotstuff info] 0.751267
2022-01-13 00:37:49.513481 [hotstuff info] 0.751032
2022-01-13 00:37:49.513489 [hotstuff info] 0.751032
2022-01-13 00:37:49.513494 [hotstuff info] 0.751031
2022-01-13 00:37:49.513501 [hotstuff info] 0.751030
2022-01-13 00:37:49.513508 [hotstuff info] 0.751028
2022-01-13 00:37:49.513514 [hotstuff info] 0.751021
2022-01-13 00:37:49.513520 [hotstuff info] 0.751022
2022-01-13 00:37:49.513528 [hotstuff info] 0.751020
2022-01-13 00:37:49.513534 [hotstuff info] 0.751018
2022-01-13 00:37:49.513541 [hotstuff info] 0.751018
2022-01-13 00:37:49.513547 [hotstuff info] 0.751015
2022-01-13 00:37:49.513554 [hotstuff info] 0.751011
2022-01-13 00:37:49.513560 [hotstuff info] 0.751006
2022-01-13 00:37:49.513568 [hotstuff info] 0.751002
2022-01-13 00:37:49.513573 [hotstuff info] 0.750998
2022-01-13 00:37:49.513988 [hotstuff info] 0.667245
2022-01-13 00:37:49.514005 [hotstuff info] 0.667229
2022-01-13 00:37:49.514012 [hotstuff info] 0.667226
2022-01-13 00:37:49.514019 [hotstuff info] 0.667226
2022-01-13 00:37:49.514025 [hotstuff info] 0.667225
2022-01-13 00:37:49.514031 [hotstuff info] 0.667222
2022-01-13 00:37:49.514038 [hotstuff info] 0.667221
2022-01-13 00:37:49.514045 [hotstuff info] 0.666937
2022-01-13 00:37:49.514052 [hotstuff info] 0.666935
2022-01-13 00:37:49.514059 [hotstuff info] 0.666910
2022-01-13 00:37:49.514066 [hotstuff info] 0.666909
2022-01-13 00:37:49.514072 [hotstuff info] 0.666909
2022-01-13 00:37:49.514080 [hotstuff info] 0.666911
2022-01-13 00:37:49.514090 [hotstuff info] 0.666915
2022-01-13 00:37:49.514096 [hotstuff info] 0.666915
2022-01-13 00:37:49.514103 [hotstuff info] 0.666915
2022-01-13 00:37:49.514110 [hotstuff info] 0.666914
2022-01-13 00:37:49.514116 [hotstuff info] 0.666910
2022-01-13 00:37:49.514123 [hotstuff info] 0.666910
2022-01-13 00:37:49.514129 [hotstuff info] 0.666910
2022-01-13 00:37:49.514135 [hotstuff info] 0.666910
2022-01-13 00:37:49.514142 [hotstuff info] 0.666910
2022-01-13 00:37:49.913978 [hotstuff info] 0.666556
2022-01-13 00:37:49.914008 [hotstuff info] 0.666574
2022-01-13 00:37:49.914017 [hotstuff info] 0.666576
2022-01-13 00:37:49.914024 [hotstuff info] 0.666576
2022-01-13 00:37:49.914032 [hotstuff info] 0.666576
2022-01-13 00:37:49.914039 [hotstuff info] 0.666573
2022-01-13 00:37:49.914046 [hotstuff info] 0.666574
2022-01-13 00:37:49.914229 [hotstuff info] 0.666561
2022-01-13 00:37:49.914285 [hotstuff info] 0.666607
2022-01-13 00:37:49.914295 [hotstuff info] 0.666611
2022-01-13 00:37:49.914304 [hotstuff info] 0.666611
