2022-01-13 00:37:46.826315 [net info] starting all threads...
2022-01-13 00:37:46.826429 [net warn] ignoring option name in conf file: block-size
2022-01-13 00:37:46.826438 [net warn] ignoring option name in conf file: nworker
2022-01-13 00:37:46.826443 [net warn] ignoring option name in conf file: repnworker
2022-01-13 00:37:46.826447 [net warn] ignoring option name in conf file: clinworker
2022-01-13 00:37:46.826451 [net warn] ignoring option name in conf file: repburst
2022-01-13 00:37:46.826454 [net warn] ignoring option name in conf file: cliburst
2022-01-13 00:37:46.826458 [net warn] ignoring option name in conf file: pace-maker
2022-01-13 00:37:46.826472 [net info] loaded configuration from hotstuff.conf
2022-01-13 00:37:46.826546 [hotstuff info] nfaulty = 3
2022-01-13 00:37:46.826755 [net info] created <Conn fd=11 addr=<NetAddr 18.188.17.142:20000> mode=active>
2022-01-13 00:37:46.827003 [net info] created <Conn fd=19 addr=<NetAddr 3.142.114.174:20000> mode=active>
2022-01-13 00:37:46.827026 [net info] connected to remote <Conn fd=11 addr=<NetAddr 18.188.17.142:20000> mode=active>
2022-01-13 00:37:46.827189 [net info] created <Conn fd=21 addr=<NetAddr 52.79.253.61:20000> mode=active>
2022-01-13 00:37:46.827345 [net info] created <Conn fd=23 addr=<NetAddr 3.36.103.56:20000> mode=active>
2022-01-13 00:37:46.827506 [net info] created <Conn fd=25 addr=<NetAddr 54.93.131.236:20000> mode=active>
2022-01-13 00:37:46.827526 [net info] connected to remote <Conn fd=19 addr=<NetAddr 3.142.114.174:20000> mode=active>
2022-01-13 00:37:46.827671 [net info] created <Conn fd=27 addr=<NetAddr 3.120.147.128:20000> mode=active>
2022-01-13 00:37:46.827820 [net info] created <Conn fd=29 addr=<NetAddr 54.215.140.88:20000> mode=active>
2022-01-13 00:37:46.827975 [net info] created <Conn fd=31 addr=<NetAddr 54.193.29.119:20000> mode=active>
2022-01-13 00:37:46.828138 [net info] created <Conn fd=33 addr=<NetAddr 3.112.224.96:20000> mode=active>
2022-01-13 00:37:46.828298 [net info] created <Conn fd=35 addr=<NetAddr 54.95.218.99:20000> mode=active>
2022-01-13 00:37:46.879729 [net info] connected to remote <Conn fd=29 addr=<NetAddr 54.215.140.88:20000> mode=active>
2022-01-13 00:37:46.880045 [net info] connected to remote <Conn fd=31 addr=<NetAddr 54.193.29.119:20000> mode=active>
2022-01-13 00:37:46.927124 [net info] connected to remote <Conn fd=25 addr=<NetAddr 54.93.131.236:20000> mode=active>
2022-01-13 00:37:46.927571 [net info] connected to remote <Conn fd=27 addr=<NetAddr 3.120.147.128:20000> mode=active>
2022-01-13 00:37:46.959936 [net info] connected to remote <Conn fd=35 addr=<NetAddr 54.95.218.99:20000> mode=active>
2022-01-13 00:37:46.959970 [net info] connected to remote <Conn fd=33 addr=<NetAddr 3.112.224.96:20000> mode=active>
2022-01-13 00:37:46.987224 [net info] connected to remote <Conn fd=23 addr=<NetAddr 3.36.103.56:20000> mode=active>
2022-01-13 00:37:46.987860 [net info] connected to remote <Conn fd=21 addr=<NetAddr 52.79.253.61:20000> mode=active>
2022-01-13 00:37:47.647033 [hotstuff info] 0.818696
2022-01-13 00:37:47.647070 [hotstuff info] 0.818723
2022-01-13 00:37:47.647081 [hotstuff info] 0.818726
2022-01-13 00:37:47.647092 [hotstuff info] 0.818727
2022-01-13 00:37:47.647102 [hotstuff info] 0.818728
2022-01-13 00:37:47.647125 [hotstuff info] 0.818742
2022-01-13 00:37:47.647139 [hotstuff info] 0.818747
2022-01-13 00:37:47.647148 [hotstuff info] 0.818746
2022-01-13 00:37:47.647206 [hotstuff info] 0.818796
2022-01-13 00:37:47.647217 [hotstuff info] 0.818798
2022-01-13 00:37:47.647228 [hotstuff info] 0.818800
2022-01-13 00:37:47.647239 [hotstuff info] 0.818800
2022-01-13 00:37:47.647251 [hotstuff info] 0.818803
2022-01-13 00:37:47.647261 [hotstuff info] 0.818804
2022-01-13 00:37:47.647273 [hotstuff info] 0.818807
2022-01-13 00:37:47.647283 [hotstuff info] 0.818809
2022-01-13 00:37:47.647293 [hotstuff info] 0.818811
2022-01-13 00:37:47.647304 [hotstuff info] 0.818810
2022-01-13 00:37:47.647326 [hotstuff info] 0.818823
2022-01-13 00:37:47.647338 [hotstuff info] 0.818826
2022-01-13 00:37:47.647349 [hotstuff info] 0.818828
2022-01-13 00:37:47.647359 [hotstuff info] 0.818831
2022-01-13 00:37:47.647370 [hotstuff info] 0.818832
2022-01-13 00:37:47.647388 [hotstuff info] 0.818841
2022-01-13 00:37:47.647404 [hotstuff info] 0.818848
2022-01-13 00:37:47.647418 [hotstuff info] 0.818847
2022-01-13 00:37:47.647430 [hotstuff info] 0.818854
2022-01-13 00:37:47.647441 [hotstuff info] 0.818856
2022-01-13 00:37:47.647460 [hotstuff info] 0.818867
2022-01-13 00:37:47.647475 [hotstuff info] 0.818873
2022-01-13 00:37:47.647493 [hotstuff info] 0.818883
2022-01-13 00:37:47.647507 [hotstuff info] 0.818887
2022-01-13 00:37:47.647517 [hotstuff info] 0.818888
2022-01-13 00:37:47.647559 [hotstuff info] 0.818921
2022-01-13 00:37:47.647570 [hotstuff info] 0.818922
2022-01-13 00:37:47.647580 [hotstuff info] 0.818923
2022-01-13 00:37:47.647590 [hotstuff info] 0.818924
2022-01-13 00:37:47.647601 [hotstuff info] 0.818926
2022-01-13 00:37:47.647611 [hotstuff info] 0.818926
2022-01-13 00:37:47.647622 [hotstuff info] 0.818928
2022-01-13 00:37:47.647632 [hotstuff info] 0.818929
2022-01-13 00:37:47.647641 [hotstuff info] 0.818929
2022-01-13 00:37:47.647650 [hotstuff info] 0.818929
2022-01-13 00:37:47.647660 [hotstuff info] 0.818931
2022-01-13 00:37:47.647671 [hotstuff info] 0.818932
2022-01-13 00:37:47.647682 [hotstuff info] 0.818932
2022-01-13 00:37:47.647692 [hotstuff info] 0.818933
2022-01-13 00:37:47.647702 [hotstuff info] 0.818934
2022-01-13 00:37:47.647713 [hotstuff info] 0.818936
2022-01-13 00:37:47.647724 [hotstuff info] 0.818939
2022-01-13 00:37:47.647734 [hotstuff info] 0.818940
2022-01-13 00:37:47.647753 [hotstuff info] 0.818950
2022-01-13 00:37:47.647763 [hotstuff info] 0.818949
2022-01-13 00:37:47.647774 [hotstuff info] 0.818951
2022-01-13 00:37:47.647785 [hotstuff info] 0.818953
2022-01-13 00:37:47.647801 [hotstuff info] 0.818961
2022-01-13 00:37:47.647811 [hotstuff info] 0.818963
2022-01-13 00:37:47.647821 [hotstuff info] 0.818963
2022-01-13 00:37:47.647833 [hotstuff info] 0.818966
2022-01-13 00:37:47.647843 [hotstuff info] 0.818965
2022-01-13 00:37:47.647859 [hotstuff info] 0.818973
2022-01-13 00:37:47.647869 [hotstuff info] 0.818974
2022-01-13 00:37:47.648174 [hotstuff info] 0.819270
2022-01-13 00:37:47.648199 [hotstuff info] 0.819286
2022-01-13 00:37:47.648213 [hotstuff info] 0.819292
2022-01-13 00:37:47.648233 [hotstuff info] 0.819303
2022-01-13 00:37:47.648245 [hotstuff info] 0.819303
2022-01-13 00:37:47.648257 [hotstuff info] 0.819306
2022-01-13 00:37:47.648270 [hotstuff info] 0.819310
2022-01-13 00:37:47.648288 [hotstuff info] 0.819319
2022-01-13 00:37:47.648317 [hotstuff info] 0.819339
2022-01-13 00:37:47.648331 [hotstuff info] 0.819344
2022-01-13 00:37:47.648344 [hotstuff info] 0.819349
2022-01-13 00:37:47.648358 [hotstuff info] 0.819352
2022-01-13 00:37:47.648378 [hotstuff info] 0.819364
2022-01-13 00:37:47.648388 [hotstuff info] 0.819364
2022-01-13 00:37:47.648400 [hotstuff info] 0.819368
2022-01-13 00:37:47.648410 [hotstuff info] 0.819369
2022-01-13 00:37:47.648422 [hotstuff info] 0.819373
2022-01-13 00:37:47.648434 [hotstuff info] 0.819372
2022-01-13 00:37:47.648447 [hotstuff info] 0.819376
2022-01-13 00:37:47.648458 [hotstuff info] 0.819378
2022-01-13 00:37:47.648470 [hotstuff info] 0.819381
2022-01-13 00:37:47.648481 [hotstuff info] 0.819384
2022-01-13 00:37:47.648493 [hotstuff info] 0.819386
2022-01-13 00:37:47.648507 [hotstuff info] 0.819391
2022-01-13 00:37:47.648522 [hotstuff info] 0.819396
2022-01-13 00:37:47.648540 [hotstuff info] 0.819405
2022-01-13 00:37:47.648563 [hotstuff info] 0.819419
2022-01-13 00:37:47.648578 [hotstuff info] 0.819425
2022-01-13 00:37:47.648591 [hotstuff info] 0.819429
2022-01-13 00:37:47.648602 [hotstuff info] 0.819431
2022-01-13 00:37:47.648613 [hotstuff info] 0.819432
2022-01-13 00:37:47.648624 [hotstuff info] 0.819434
2022-01-13 00:37:47.648634 [hotstuff info] 0.819435
2022-01-13 00:37:47.648644 [hotstuff info] 0.819437
2022-01-13 00:37:47.648655 [hotstuff info] 0.819439
2022-01-13 00:37:47.648666 [hotstuff info] 0.819441
2022-01-13 00:37:47.648677 [hotstuff info] 0.819444
2022-01-13 00:37:47.648688 [hotstuff info] 0.819445
2022-01-13 00:37:47.648700 [hotstuff info] 0.819447
2022-01-13 00:37:47.694822 [hotstuff info] 0.865559
2022-01-13 00:37:47.694847 [hotstuff info] 0.865577
2022-01-13 00:37:47.694873 [hotstuff info] 0.865593
2022-01-13 00:37:47.694887 [hotstuff info] 0.865598
2022-01-13 00:37:47.694898 [hotstuff info] 0.865601
2022-01-13 00:37:47.694916 [hotstuff info] 0.865609
2022-01-13 00:37:47.694938 [hotstuff info] 0.865621
2022-01-13 00:37:47.694955 [hotstuff info] 0.865629
2022-01-13 00:37:47.694964 [hotstuff info] 0.865629
2022-01-13 00:37:47.694975 [hotstuff info] 0.865633
2022-01-13 00:37:47.694986 [hotstuff info] 0.865634
2022-01-13 00:37:47.698875 [hotstuff info] 0.869514
2022-01-13 00:37:47.698894 [hotstuff info] 0.869524
2022-01-13 00:37:47.698903 [hotstuff info] 0.869523
2022-01-13 00:37:47.698913 [hotstuff info] 0.869524
2022-01-13 00:37:47.698923 [hotstuff info] 0.869525
2022-01-13 00:37:47.698934 [hotstuff info] 0.869527
2022-01-13 00:37:47.698947 [hotstuff info] 0.869532
2022-01-13 00:37:47.698965 [hotstuff info] 0.869540
2022-01-13 00:37:47.698991 [hotstuff info] 0.869557
2022-01-13 00:37:47.699008 [hotstuff info] 0.869564
2022-01-13 00:37:47.699020 [hotstuff info] 0.869568
2022-01-13 00:37:47.699036 [hotstuff info] 0.869574
2022-01-13 00:37:47.699219 [hotstuff info] 0.869748
2022-01-13 00:37:47.699236 [hotstuff info] 0.869757
2022-01-13 00:37:47.699247 [hotstuff info] 0.869758
2022-01-13 00:37:47.699257 [hotstuff info] 0.869759
2022-01-13 00:37:47.699270 [hotstuff info] 0.869761
2022-01-13 00:37:47.699286 [hotstuff info] 0.869768
2022-01-13 00:37:47.699298 [hotstuff info] 0.869772
2022-01-13 00:37:47.699309 [hotstuff info] 0.869774
2022-01-13 00:37:47.699328 [hotstuff info] 0.869784
2022-01-13 00:37:47.699351 [hotstuff info] 0.869795
2022-01-13 00:37:47.699365 [hotstuff info] 0.869803
2022-01-13 00:37:47.699375 [hotstuff info] 0.869803
2022-01-13 00:37:47.699388 [hotstuff info] 0.869807
2022-01-13 00:37:47.699398 [hotstuff info] 0.869809
2022-01-13 00:37:47.699410 [hotstuff info] 0.869812
2022-01-13 00:37:47.699422 [hotstuff info] 0.869816
2022-01-13 00:37:47.699435 [hotstuff info] 0.869819
2022-01-13 00:37:47.699446 [hotstuff info] 0.869821
2022-01-13 00:37:47.699458 [hotstuff info] 0.869819
2022-01-13 00:37:47.699469 [hotstuff info] 0.869822
2022-01-13 00:37:47.699486 [hotstuff info] 0.869823
2022-01-13 00:37:47.699502 [hotstuff info] 0.869837
2022-01-13 00:37:47.699524 [hotstuff info] 0.869846
2022-01-13 00:37:47.699541 [hotstuff info] 0.869858
2022-01-13 00:37:47.699556 [hotstuff info] 0.869864
2022-01-13 00:37:47.699566 [hotstuff info] 0.869864
2022-01-13 00:37:47.699578 [hotstuff info] 0.869867
2022-01-13 00:37:47.699588 [hotstuff info] 0.869868
2022-01-13 00:37:47.699600 [hotstuff info] 0.869871
2022-01-13 00:37:47.699610 [hotstuff info] 0.869872
2022-01-13 00:37:47.699623 [hotstuff info] 0.869876
2022-01-13 00:37:47.699633 [hotstuff info] 0.869877
2022-01-13 00:37:47.699643 [hotstuff info] 0.869878
2022-01-13 00:37:47.699654 [hotstuff info] 0.869879
2022-01-13 00:37:47.699666 [hotstuff info] 0.869882
2022-01-13 00:37:47.699676 [hotstuff info] 0.869883
2022-01-13 00:37:47.699687 [hotstuff info] 0.869885
2022-01-13 00:37:47.699698 [hotstuff info] 0.869887
2022-01-13 00:37:47.699708 [hotstuff info] 0.869889
2022-01-13 00:37:47.699717 [hotstuff info] 0.869890
2022-01-13 00:37:47.699727 [hotstuff info] 0.869888
2022-01-13 00:37:47.699737 [hotstuff info] 0.869890
2022-01-13 00:37:47.699746 [hotstuff info] 0.869891
2022-01-13 00:37:47.699756 [hotstuff info] 0.869887
2022-01-13 00:37:47.699766 [hotstuff info] 0.869888
2022-01-13 00:37:47.699775 [hotstuff info] 0.869889
2022-01-13 00:37:47.699785 [hotstuff info] 0.869890
2022-01-13 00:37:47.699796 [hotstuff info] 0.869891
2022-01-13 00:37:47.699809 [hotstuff info] 0.869895
2022-01-13 00:37:47.699822 [hotstuff info] 0.869899
2022-01-13 00:37:47.699836 [hotstuff info] 0.869905
2022-01-13 00:37:48.313420 [hotstuff info] 0.666351
2022-01-13 00:37:48.313454 [hotstuff info] 0.666374
2022-01-13 00:37:48.313468 [hotstuff info] 0.666377
2022-01-13 00:37:48.313481 [hotstuff info] 0.666380
2022-01-13 00:37:48.313615 [hotstuff info] 0.666491
2022-01-13 00:37:48.313633 [hotstuff info] 0.666495
2022-01-13 00:37:48.313639 [hotstuff info] 0.666493
2022-01-13 00:37:48.313648 [hotstuff info] 0.666490
2022-01-13 00:37:48.313656 [hotstuff info] 0.666441
2022-01-13 00:37:48.313664 [hotstuff info] 0.666438
2022-01-13 00:37:48.313672 [hotstuff info] 0.666434
2022-01-13 00:37:48.313683 [hotstuff info] 0.666433
2022-01-13 00:37:48.313692 [hotstuff info] 0.666432
2022-01-13 00:37:48.313699 [hotstuff info] 0.666428
2022-01-13 00:37:48.313706 [hotstuff info] 0.666425
2022-01-13 00:37:48.313714 [hotstuff info] 0.666421
2022-01-13 00:37:48.313722 [hotstuff info] 0.666420
2022-01-13 00:37:48.313760 [hotstuff info] 0.666442
2022-01-13 00:37:48.313943 [hotstuff info] 0.666607
2022-01-13 00:37:48.313965 [hotstuff info] 0.666617
2022-01-13 00:37:48.313974 [hotstuff info] 0.666616
2022-01-13 00:37:48.361517 [hotstuff info] 0.714147
2022-01-13 00:37:48.361554 [hotstuff info] 0.714167
2022-01-13 00:37:48.361568 [hotstuff info] 0.714169
2022-01-13 00:37:48.361579 [hotstuff info] 0.714167
2022-01-13 00:37:48.361591 [hotstuff info] 0.714163
2022-01-13 00:37:48.361601 [hotstuff info] 0.714162
2022-01-13 00:37:48.361613 [hotstuff info] 0.714154
2022-01-13 00:37:48.361623 [hotstuff info] 0.714150
2022-01-13 00:37:48.361634 [hotstuff info] 0.714142
2022-01-13 00:37:48.361645 [hotstuff info] 0.714143
2022-01-13 00:37:48.361657 [hotstuff info] 0.714140
2022-01-13 00:37:48.361667 [hotstuff info] 0.714109
2022-01-13 00:37:48.361678 [hotstuff info] 0.714110
2022-01-13 00:37:48.361690 [hotstuff info] 0.714111
2022-01-13 00:37:48.361702 [hotstuff info] 0.714113
2022-01-13 00:37:48.361713 [hotstuff info] 0.714114
2022-01-13 00:37:48.361725 [hotstuff info] 0.714115
2022-01-13 00:37:48.361735 [hotstuff info] 0.714114
2022-01-13 00:37:48.361745 [hotstuff info] 0.714115
2022-01-13 00:37:48.361756 [hotstuff info] 0.714117
2022-01-13 00:37:48.361767 [hotstuff info] 0.714119
2022-01-13 00:37:48.361778 [hotstuff info] 0.714119
2022-01-13 00:37:48.361790 [hotstuff info] 0.714121
2022-01-13 00:37:48.361801 [hotstuff info] 0.714121
2022-01-13 00:37:48.361813 [hotstuff info] 0.714123
2022-01-13 00:37:48.362025 [hotstuff info] 0.714324
2022-01-13 00:37:48.362057 [hotstuff info] 0.714346
2022-01-13 00:37:48.362075 [hotstuff info] 0.714353
2022-01-13 00:37:48.362088 [hotstuff info] 0.714356
2022-01-13 00:37:48.365466 [hotstuff info] 0.717714
2022-01-13 00:37:48.365487 [hotstuff info] 0.717725
2022-01-13 00:37:48.365497 [hotstuff info] 0.717724
2022-01-13 00:37:48.365504 [hotstuff info] 0.717721
2022-01-13 00:37:48.365510 [hotstuff info] 0.717710
2022-01-13 00:37:48.365517 [hotstuff info] 0.717707
2022-01-13 00:37:48.365523 [hotstuff info] 0.717704
2022-01-13 00:37:48.365530 [hotstuff info] 0.717699
2022-01-13 00:37:48.365537 [hotstuff info] 0.717695
2022-01-13 00:37:48.365544 [hotstuff info] 0.717687
2022-01-13 00:37:48.365551 [hotstuff info] 0.717683
2022-01-13 00:37:48.365560 [hotstuff info] 0.717681
2022-01-13 00:37:48.365566 [hotstuff info] 0.717369
2022-01-13 00:37:48.365574 [hotstuff info] 0.717362
2022-01-13 00:37:48.365581 [hotstuff info] 0.717349
2022-01-13 00:37:48.365588 [hotstuff info] 0.717344
2022-01-13 00:37:48.365594 [hotstuff info] 0.717338
2022-01-13 00:37:48.365601 [hotstuff info] 0.717332
2022-01-13 00:37:48.365609 [hotstuff info] 0.717323
2022-01-13 00:37:48.365616 [hotstuff info] 0.717301
2022-01-13 00:37:48.365623 [hotstuff info] 0.717293
2022-01-13 00:37:48.365629 [hotstuff info] 0.717287
2022-01-13 00:37:48.365636 [hotstuff info] 0.717279
2022-01-13 00:37:48.365642 [hotstuff info] 0.717266
2022-01-13 00:37:48.365649 [hotstuff info] 0.717262
2022-01-13 00:37:48.365656 [hotstuff info] 0.717257
2022-01-13 00:37:48.365662 [hotstuff info] 0.717254
2022-01-13 00:37:48.365669 [hotstuff info] 0.717248
2022-01-13 00:37:48.365678 [hotstuff info] 0.717246
2022-01-13 00:37:48.365685 [hotstuff info] 0.717239
2022-01-13 00:37:48.365692 [hotstuff info] 0.717235
2022-01-13 00:37:48.365699 [hotstuff info] 0.717230
2022-01-13 00:37:48.365718 [hotstuff info] 0.717239
2022-01-13 00:37:48.365725 [hotstuff info] 0.717234
2022-01-13 00:37:48.365732 [hotstuff info] 0.717227
2022-01-13 00:37:48.365739 [hotstuff info] 0.717220
2022-01-13 00:37:48.365746 [hotstuff info] 0.717207
2022-01-13 00:37:48.365754 [hotstuff info] 0.717192
2022-01-13 00:37:48.365760 [hotstuff info] 0.717184
2022-01-13 00:37:48.365768 [hotstuff info] 0.717179
2022-01-13 00:37:48.365775 [hotstuff info] 0.717174
2022-01-13 00:37:48.365782 [hotstuff info] 0.717170
2022-01-13 00:37:48.365788 [hotstuff info] 0.717166
2022-01-13 00:37:48.365795 [hotstuff info] 0.717163
2022-01-13 00:37:48.365802 [hotstuff info] 0.717159
2022-01-13 00:37:48.365809 [hotstuff info] 0.717155
2022-01-13 00:37:48.365816 [hotstuff info] 0.717151
2022-01-13 00:37:48.365823 [hotstuff info] 0.717147
2022-01-13 00:37:48.365831 [hotstuff info] 0.717144
2022-01-13 00:37:48.365840 [hotstuff info] 0.717142
2022-01-13 00:37:48.365846 [hotstuff info] 0.717138
2022-01-13 00:37:48.365853 [hotstuff info] 0.671007
2022-01-13 00:37:48.365860 [hotstuff info] 0.671001
2022-01-13 00:37:48.365866 [hotstuff info] 0.670981
2022-01-13 00:37:48.365873 [hotstuff info] 0.670977
2022-01-13 00:37:48.365882 [hotstuff info] 0.670968
2022-01-13 00:37:48.365888 [hotstuff info] 0.670952
2022-01-13 00:37:48.365895 [hotstuff info] 0.670942
2022-01-13 00:37:48.365902 [hotstuff info] 0.670939
2022-01-13 00:37:48.365908 [hotstuff info] 0.670934
2022-01-13 00:37:48.365915 [hotstuff info] 0.670931
2022-01-13 00:37:48.365921 [hotstuff info] 0.670926
2022-01-13 00:37:48.365927 [hotstuff info] 0.667035
2022-01-13 00:37:48.365934 [hotstuff info] 0.667032
2022-01-13 00:37:48.365941 [hotstuff info] 0.667029
2022-01-13 00:37:48.365948 [hotstuff info] 0.667027
2022-01-13 00:37:48.365955 [hotstuff info] 0.667022
2022-01-13 00:37:48.365962 [hotstuff info] 0.667016
2022-01-13 00:37:48.365968 [hotstuff info] 0.667004
2022-01-13 00:37:48.365974 [hotstuff info] 0.666986
2022-01-13 00:37:48.365981 [hotstuff info] 0.666974
2022-01-13 00:37:48.365988 [hotstuff info] 0.666969
2022-01-13 00:37:48.365994 [hotstuff info] 0.666960
2022-01-13 00:37:48.366001 [hotstuff info] 0.666956
2022-01-13 00:37:48.366008 [hotstuff info] 0.666772
2022-01-13 00:37:48.366015 [hotstuff info] 0.666769
2022-01-13 00:37:48.366020 [hotstuff info] 0.666765
2022-01-13 00:37:48.366026 [hotstuff info] 0.666757
2022-01-13 00:37:48.366033 [hotstuff info] 0.666749
2022-01-13 00:37:48.366040 [hotstuff info] 0.666743
2022-01-13 00:37:48.366046 [hotstuff info] 0.666739
2022-01-13 00:37:48.366053 [hotstuff info] 0.666735
2022-01-13 00:37:48.366060 [hotstuff info] 0.666713
2022-01-13 00:37:48.366067 [hotstuff info] 0.666703
2022-01-13 00:37:48.366074 [hotstuff info] 0.666700
2022-01-13 00:37:48.366080 [hotstuff info] 0.666694
2022-01-13 00:37:48.366087 [hotstuff info] 0.666690
2022-01-13 00:37:48.366093 [hotstuff info] 0.666685
2022-01-13 00:37:48.366100 [hotstuff info] 0.666680
2022-01-13 00:37:48.366108 [hotstuff info] 0.666674
2022-01-13 00:37:48.366114 [hotstuff info] 0.666670
2022-01-13 00:37:48.366121 [hotstuff info] 0.666665
2022-01-13 00:37:48.366128 [hotstuff info] 0.666661
2022-01-13 00:37:48.366135 [hotstuff info] 0.666656
2022-01-13 00:37:48.366141 [hotstuff info] 0.666640
2022-01-13 00:37:48.366148 [hotstuff info] 0.666629
2022-01-13 00:37:48.366154 [hotstuff info] 0.666615
2022-01-13 00:37:48.366161 [hotstuff info] 0.666608
2022-01-13 00:37:48.366168 [hotstuff info] 0.666604
2022-01-13 00:37:48.366175 [hotstuff info] 0.666598
2022-01-13 00:37:48.366181 [hotstuff info] 0.666595
2022-01-13 00:37:48.366189 [hotstuff info] 0.666590
2022-01-13 00:37:48.366695 [hotstuff info] 0.667087
2022-01-13 00:37:48.366713 [hotstuff info] 0.667092
2022-01-13 00:37:48.366723 [hotstuff info] 0.667092
2022-01-13 00:37:48.366731 [hotstuff info] 0.667088
2022-01-13 00:37:48.366737 [hotstuff info] 0.667084
2022-01-13 00:37:48.366745 [hotstuff info] 0.667080
2022-01-13 00:37:48.366752 [hotstuff info] 0.667077
2022-01-13 00:37:48.366759 [hotstuff info] 0.667074
2022-01-13 00:37:48.366765 [hotstuff info] 0.667069
2022-01-13 00:37:48.366775 [hotstuff info] 0.667068
2022-01-13 00:37:48.366784 [hotstuff info] 0.667067
2022-01-13 00:37:48.366794 [hotstuff info] 0.667069
2022-01-13 00:37:48.366800 [hotstuff info] 0.667065
2022-01-13 00:37:48.366809 [hotstuff info] 0.667064
2022-01-13 00:37:48.366816 [hotstuff info] 0.667061
2022-01-13 00:37:48.366825 [hotstuff info] 0.667060
2022-01-13 00:37:48.366833 [hotstuff info] 0.667059
2022-01-13 00:37:48.366840 [hotstuff info] 0.667057
2022-01-13 00:37:48.366847 [hotstuff info] 0.667053
2022-01-13 00:37:48.366855 [hotstuff info] 0.667047
2022-01-13 00:37:48.366882 [hotstuff info] 0.667061
2022-01-13 00:37:48.366889 [hotstuff info] 0.667054
2022-01-13 00:37:48.366895 [hotstuff info] 0.667047
2022-01-13 00:37:48.980231 [hotstuff info] 0.666778
2022-01-13 00:37:48.980269 [hotstuff info] 0.666803
2022-01-13 00:37:48.980285 [hotstuff info] 0.666805
2022-01-13 00:37:48.980296 [hotstuff info] 0.666806
2022-01-13 00:37:48.980308 [hotstuff info] 0.666676
2022-01-13 00:37:48.980319 [hotstuff info] 0.666680
2022-01-13 00:37:48.980523 [hotstuff info] 0.666876
2022-01-13 00:37:48.980548 [hotstuff info] 0.666892
2022-01-13 00:37:48.980560 [hotstuff info] 0.666896
2022-01-13 00:37:48.980570 [hotstuff info] 0.666900
2022-01-13 00:37:48.980583 [hotstuff info] 0.666901
2022-01-13 00:37:48.980594 [hotstuff info] 0.666903
2022-01-13 00:37:48.980606 [hotstuff info] 0.666908
2022-01-13 00:37:48.980616 [hotstuff info] 0.666910
2022-01-13 00:37:48.980626 [hotstuff info] 0.666914
2022-01-13 00:37:48.980639 [hotstuff info] 0.666918
2022-01-13 00:37:48.980651 [hotstuff info] 0.666921
2022-01-13 00:37:48.980662 [hotstuff info] 0.666895
2022-01-13 00:37:48.980672 [hotstuff info] 0.666708
2022-01-13 00:37:48.980681 [hotstuff info] 0.666709
2022-01-13 00:37:48.980694 [hotstuff info] 0.666713
2022-01-13 00:37:48.980705 [hotstuff info] 0.619153
2022-01-13 00:37:48.980716 [hotstuff info] 0.619150
2022-01-13 00:37:48.980727 [hotstuff info] 0.619149
2022-01-13 00:37:48.980740 [hotstuff info] 0.619150
2022-01-13 00:37:48.980750 [hotstuff info] 0.619149
2022-01-13 00:37:48.980762 [hotstuff info] 0.619150
2022-01-13 00:37:48.980773 [hotstuff info] 0.619151
2022-01-13 00:37:48.980785 [hotstuff info] 0.619152
2022-01-13 00:37:48.980796 [hotstuff info] 0.619152
2022-01-13 00:37:48.980808 [hotstuff info] 0.619152
2022-01-13 00:37:48.980818 [hotstuff info] 0.619153
2022-01-13 00:37:48.980829 [hotstuff info] 0.619152
2022-01-13 00:37:48.980841 [hotstuff info] 0.619152
2022-01-13 00:37:48.980853 [hotstuff info] 0.619152
2022-01-13 00:37:48.980864 [hotstuff info] 0.619152
2022-01-13 00:37:48.980876 [hotstuff info] 0.619153
2022-01-13 00:37:48.980888 [hotstuff info] 0.619154
2022-01-13 00:37:48.980900 [hotstuff info] 0.619156
2022-01-13 00:37:48.980912 [hotstuff info] 0.619157
2022-01-13 00:37:48.980935 [hotstuff info] 0.619169
2022-01-13 00:37:48.980946 [hotstuff info] 0.619169
2022-01-13 00:37:48.980958 [hotstuff info] 0.619169
2022-01-13 00:37:48.980966 [hotstuff info] 0.619167
2022-01-13 00:37:48.980979 [hotstuff info] 0.619167
2022-01-13 00:37:48.980989 [hotstuff info] 0.619167
2022-01-13 00:37:48.981000 [hotstuff info] 0.618945
2022-01-13 00:37:48.981011 [hotstuff info] 0.618939
2022-01-13 00:37:48.981025 [hotstuff info] 0.618938
2022-01-13 00:37:48.981036 [hotstuff info] 0.618934
2022-01-13 00:37:49.113178 [hotstuff info] 0.747692
2022-01-13 00:37:49.113202 [hotstuff info] 0.747707
2022-01-13 00:37:49.113213 [hotstuff info] 0.747710
2022-01-13 00:37:49.113222 [hotstuff info] 0.747713
2022-01-13 00:37:49.113232 [hotstuff info] 0.747716
2022-01-13 00:37:49.113240 [hotstuff info] 0.747719
2022-01-13 00:37:49.113247 [hotstuff info] 0.747717
2022-01-13 00:37:49.113253 [hotstuff info] 0.747718
2022-01-13 00:37:49.113261 [hotstuff info] 0.747718
2022-01-13 00:37:49.113268 [hotstuff info] 0.747718
2022-01-13 00:37:49.113279 [hotstuff info] 0.747720
2022-01-13 00:37:49.113285 [hotstuff info] 0.747719
2022-01-13 00:37:49.113293 [hotstuff info] 0.747721
2022-01-13 00:37:49.113300 [hotstuff info] 0.747720
2022-01-13 00:37:49.113309 [hotstuff info] 0.747722
2022-01-13 00:37:49.113316 [hotstuff info] 0.747724
2022-01-13 00:37:49.113325 [hotstuff info] 0.747725
2022-01-13 00:37:49.113333 [hotstuff info] 0.747725
2022-01-13 00:37:49.113341 [hotstuff info] 0.747725
2022-01-13 00:37:49.113349 [hotstuff info] 0.747726
2022-01-13 00:37:49.113356 [hotstuff info] 0.747728
2022-01-13 00:37:49.113364 [hotstuff info] 0.747729
2022-01-13 00:37:49.113371 [hotstuff info] 0.747729
2022-01-13 00:37:49.113379 [hotstuff info] 0.747731
2022-01-13 00:37:49.113386 [hotstuff info] 0.747731
2022-01-13 00:37:49.113394 [hotstuff info] 0.747732
2022-01-13 00:37:49.113402 [hotstuff info] 0.747733
2022-01-13 00:37:49.113409 [hotstuff info] 0.747731
2022-01-13 00:37:49.113665 [hotstuff info] 0.747980
2022-01-13 00:37:49.113683 [hotstuff info] 0.747992
2022-01-13 00:37:49.113691 [hotstuff info] 0.747993
2022-01-13 00:37:49.113698 [hotstuff info] 0.747980
2022-01-13 00:37:49.113704 [hotstuff info] 0.747980
2022-01-13 00:37:49.113712 [hotstuff info] 0.747980
2022-01-13 00:37:49.113719 [hotstuff info] 0.747980
2022-01-13 00:37:49.113729 [hotstuff info] 0.747984
2022-01-13 00:37:49.113736 [hotstuff info] 0.747983
2022-01-13 00:37:49.113745 [hotstuff info] 0.747985
2022-01-13 00:37:49.113752 [hotstuff info] 0.747984
2022-01-13 00:37:49.113760 [hotstuff info] 0.747986
2022-01-13 00:37:49.113767 [hotstuff info] 0.747987
2022-01-13 00:37:49.113777 [hotstuff info] 0.747990
2022-01-13 00:37:49.113785 [hotstuff info] 0.747990
2022-01-13 00:37:49.113794 [hotstuff info] 0.747993
2022-01-13 00:37:49.113800 [hotstuff info] 0.747992
2022-01-13 00:37:49.113807 [hotstuff info] 0.747992
2022-01-13 00:37:49.113814 [hotstuff info] 0.747992
2022-01-13 00:37:49.113821 [hotstuff info] 0.747991
2022-01-13 00:37:49.113828 [hotstuff info] 0.747989
2022-01-13 00:37:49.113835 [hotstuff info] 0.747989
2022-01-13 00:37:49.113841 [hotstuff info] 0.747990
2022-01-13 00:37:49.113849 [hotstuff info] 0.747989
2022-01-13 00:37:49.113856 [hotstuff info] 0.747991
2022-01-13 00:37:49.113862 [hotstuff info] 0.747990
2022-01-13 00:37:49.113870 [hotstuff info] 0.747989
2022-01-13 00:37:49.113876 [hotstuff info] 0.747989
2022-01-13 00:37:49.113883 [hotstuff info] 0.747989
2022-01-13 00:37:49.113890 [hotstuff info] 0.747990
2022-01-13 00:37:49.113898 [hotstuff info] 0.747992
2022-01-13 00:37:49.113906 [hotstuff info] 0.747992
2022-01-13 00:37:49.113914 [hotstuff info] 0.747993
2022-01-13 00:37:49.113922 [hotstuff info] 0.747995
2022-01-13 00:37:49.113930 [hotstuff info] 0.747996
2022-01-13 00:37:49.113938 [hotstuff info] 0.747997
2022-01-13 00:37:49.113946 [hotstuff info] 0.747998
2022-01-13 00:37:49.113955 [hotstuff info] 0.748001
2022-01-13 00:37:49.113963 [hotstuff info] 0.748002
2022-01-13 00:37:49.113972 [hotstuff info] 0.748005
2022-01-13 00:37:49.113981 [hotstuff info] 0.748007
2022-01-13 00:37:49.113988 [hotstuff info] 0.748007
2022-01-13 00:37:49.113997 [hotstuff info] 0.748010
2022-01-13 00:37:49.114005 [hotstuff info] 0.748011
2022-01-13 00:37:49.114015 [hotstuff info] 0.748014
2022-01-13 00:37:49.114024 [hotstuff info] 0.748016
2022-01-13 00:37:49.114033 [hotstuff info] 0.748019
2022-01-13 00:37:49.114039 [hotstuff info] 0.748020
2022-01-13 00:37:49.114047 [hotstuff info] 0.748022
2022-01-13 00:37:49.114053 [hotstuff info] 0.748020
2022-01-13 00:37:49.114060 [hotstuff info] 0.748022
2022-01-13 00:37:49.114068 [hotstuff info] 0.748022
2022-01-13 00:37:49.114075 [hotstuff info] 0.748022
2022-01-13 00:37:49.114081 [hotstuff info] 0.748023
2022-01-13 00:37:49.114088 [hotstuff info] 0.748023
2022-01-13 00:37:49.114094 [hotstuff info] 0.748022
2022-01-13 00:37:49.114101 [hotstuff info] 0.748021
2022-01-13 00:37:49.114108 [hotstuff info] 0.748022
2022-01-13 00:37:49.114114 [hotstuff info] 0.748021
2022-01-13 00:37:49.114121 [hotstuff info] 0.748021
2022-01-13 00:37:49.114128 [hotstuff info] 0.748021
2022-01-13 00:37:49.114134 [hotstuff info] 0.748020
2022-01-13 00:37:49.114142 [hotstuff info] 0.748022
2022-01-13 00:37:49.114148 [hotstuff info] 0.748021
2022-01-13 00:37:49.114155 [hotstuff info] 0.748021
2022-01-13 00:37:49.114163 [hotstuff info] 0.748022
2022-01-13 00:37:49.114171 [hotstuff info] 0.748025
2022-01-13 00:37:49.114177 [hotstuff info] 0.748024
2022-01-13 00:37:49.114185 [hotstuff info] 0.748024
2022-01-13 00:37:49.114194 [hotstuff info] 0.748027
2022-01-13 00:37:49.114200 [hotstuff info] 0.748027
2022-01-13 00:37:49.114207 [hotstuff info] 0.748026
2022-01-13 00:37:49.114216 [hotstuff info] 0.748028
2022-01-13 00:37:49.114222 [hotstuff info] 0.748028
2022-01-13 00:37:49.114229 [hotstuff info] 0.747516
2022-01-13 00:37:49.114235 [hotstuff info] 0.747514
2022-01-13 00:37:49.114242 [hotstuff info] 0.747512
2022-01-13 00:37:49.114248 [hotstuff info] 0.747513
2022-01-13 00:37:49.114255 [hotstuff info] 0.747511
2022-01-13 00:37:49.114261 [hotstuff info] 0.747510
2022-01-13 00:37:49.114268 [hotstuff info] 0.747509
2022-01-13 00:37:49.114274 [hotstuff info] 0.747510
2022-01-13 00:37:49.114280 [hotstuff info] 0.747506
2022-01-13 00:37:49.114287 [hotstuff info] 0.747504
2022-01-13 00:37:49.114293 [hotstuff info] 0.747500
2022-01-13 00:37:49.114315 [hotstuff info] 0.747516
2022-01-13 00:37:49.114323 [hotstuff info] 0.747515
2022-01-13 00:37:49.114329 [hotstuff info] 0.747515
2022-01-13 00:37:49.114336 [hotstuff info] 0.747512
2022-01-13 00:37:49.114342 [hotstuff info] 0.747510
2022-01-13 00:37:49.114348 [hotstuff info] 0.747510
2022-01-13 00:37:49.114355 [hotstuff info] 0.747509
2022-01-13 00:37:49.114362 [hotstuff info] 0.747509
2022-01-13 00:37:49.114371 [hotstuff info] 0.747490
2022-01-13 00:37:49.114377 [hotstuff info] 0.747490
2022-01-13 00:37:49.114384 [hotstuff info] 0.747489
2022-01-13 00:37:49.114391 [hotstuff info] 0.747488
2022-01-13 00:37:49.646692 [hotstuff info] 0.666424
2022-01-13 00:37:49.646732 [hotstuff info] 0.666449
2022-01-13 00:37:49.646745 [hotstuff info] 0.666450
2022-01-13 00:37:49.646756 [hotstuff info] 0.666451
2022-01-13 00:37:49.646769 [hotstuff info] 0.666451
2022-01-13 00:37:49.646781 [hotstuff info] 0.666451
2022-01-13 00:37:49.646980 [hotstuff info] 0.666434
2022-01-13 00:37:49.647006 [hotstuff info] 0.666448
2022-01-13 00:37:49.647018 [hotstuff info] 0.666449
2022-01-13 00:37:49.647031 [hotstuff info] 0.666451
2022-01-13 00:37:49.647042 [hotstuff info] 0.666449
2022-01-13 00:37:49.647056 [hotstuff info] 0.666451
2022-01-13 00:37:49.647066 [hotstuff info] 0.666451
2022-01-13 00:37:49.647078 [hotstuff info] 0.666453
2022-01-13 00:37:49.647090 [hotstuff info] 0.666452
2022-01-13 00:37:49.647101 [hotstuff info] 0.666452
2022-01-13 00:37:49.647113 [hotstuff info] 0.666453
2022-01-13 00:37:49.647125 [hotstuff info] 0.666455
2022-01-13 00:37:49.647136 [hotstuff info] 0.666456
2022-01-13 00:37:49.647148 [hotstuff info] 0.666455
2022-01-13 00:37:49.647159 [hotstuff info] 0.666456
2022-01-13 00:37:49.647172 [hotstuff info] 0.666457
2022-01-13 00:37:49.647184 [hotstuff info] 0.666458
2022-01-13 00:37:49.647199 [hotstuff info] 0.666460
2022-01-13 00:37:49.647208 [hotstuff info] 0.666461
2022-01-13 00:37:49.647495 [hotstuff info] 0.666735
2022-01-13 00:37:49.694581 [hotstuff info] 0.713809
2022-01-13 00:37:49.694602 [hotstuff info] 0.713820
2022-01-13 00:37:49.694611 [hotstuff info] 0.713816
2022-01-13 00:37:49.694620 [hotstuff info] 0.713814
2022-01-13 00:37:49.694631 [hotstuff info] 0.713814
2022-01-13 00:37:49.694641 [hotstuff info] 0.713813
2022-01-13 00:37:49.694649 [hotstuff info] 0.713810
2022-01-13 00:37:49.694659 [hotstuff info] 0.713808
2022-01-13 00:37:49.694668 [hotstuff info] 0.713805
2022-01-13 00:37:49.694676 [hotstuff info] 0.713802
2022-01-13 00:37:49.694686 [hotstuff info] 0.713799
2022-01-13 00:37:49.694694 [hotstuff info] 0.713795
2022-01-13 00:37:49.694703 [hotstuff info] 0.713793
2022-01-13 00:37:49.694711 [hotstuff info] 0.713787
2022-01-13 00:37:49.694720 [hotstuff info] 0.713775
2022-01-13 00:37:49.694953 [hotstuff info] 0.713996
2022-01-13 00:37:49.694970 [hotstuff info] 0.714005
2022-01-13 00:37:49.694988 [hotstuff info] 0.714011
2022-01-13 00:37:49.695001 [hotstuff info] 0.714012
2022-01-13 00:37:49.695011 [hotstuff info] 0.714013
2022-01-13 00:37:49.695020 [hotstuff info] 0.714010
2022-01-13 00:37:49.695027 [hotstuff info] 0.714004
2022-01-13 00:37:49.695033 [hotstuff info] 0.713999
2022-01-13 00:37:49.695041 [hotstuff info] 0.713994
2022-01-13 00:37:49.780094 [hotstuff info] 0.666893
2022-01-13 00:37:49.780120 [hotstuff info] 0.666909
2022-01-13 00:37:49.780133 [hotstuff info] 0.666912
2022-01-13 00:37:49.780148 [hotstuff info] 0.666917
2022-01-13 00:37:49.780155 [hotstuff info] 0.666916
2022-01-13 00:37:49.780166 [hotstuff info] 0.666919
2022-01-13 00:37:49.780174 [hotstuff info] 0.666921
2022-01-13 00:37:49.780181 [hotstuff info] 0.666921
2022-01-13 00:37:49.780190 [hotstuff info] 0.666923
2022-01-13 00:37:49.780200 [hotstuff info] 0.666922
2022-01-13 00:37:49.780401 [hotstuff info] 0.667117
2022-01-13 00:37:49.780422 [hotstuff info] 0.667130
2022-01-13 00:37:49.780431 [hotstuff info] 0.667132
2022-01-13 00:37:49.780439 [hotstuff info] 0.667132
2022-01-13 00:37:49.780446 [hotstuff info] 0.667131
2022-01-13 00:37:49.780454 [hotstuff info] 0.667131
2022-01-13 00:37:49.780461 [hotstuff info] 0.667130
2022-01-13 00:37:49.780470 [hotstuff info] 0.667130
2022-01-13 00:37:49.780480 [hotstuff info] 0.667132
2022-01-13 00:37:49.780489 [hotstuff info] 0.667133
2022-01-13 00:37:49.780497 [hotstuff info] 0.667134
2022-01-13 00:37:49.780505 [hotstuff info] 0.667136
2022-01-13 00:37:49.780512 [hotstuff info] 0.667134
2022-01-13 00:37:49.780519 [hotstuff info] 0.667135
2022-01-13 00:37:49.780526 [hotstuff info] 0.667134
2022-01-13 00:37:49.780535 [hotstuff info] 0.667133
2022-01-13 00:37:49.780544 [hotstuff info] 0.667136
2022-01-13 00:37:49.780551 [hotstuff info] 0.667137
2022-01-13 00:37:49.780559 [hotstuff info] 0.666878
2022-01-13 00:37:49.780569 [hotstuff info] 0.666879
2022-01-13 00:37:49.780577 [hotstuff info] 0.666881
2022-01-13 00:37:49.780584 [hotstuff info] 0.666881
2022-01-13 00:37:49.780591 [hotstuff info] 0.666881
2022-01-13 00:37:49.780598 [hotstuff info] 0.666881
2022-01-13 00:37:49.780604 [hotstuff info] 0.666877
2022-01-13 00:37:49.780612 [hotstuff info] 0.666878
2022-01-13 00:37:49.780619 [hotstuff info] 0.666875
2022-01-13 00:37:49.780626 [hotstuff info] 0.666875
2022-01-13 00:37:49.780633 [hotstuff info] 0.666874
2022-01-13 00:37:49.780640 [hotstuff info] 0.666875
2022-01-13 00:37:49.780646 [hotstuff info] 0.666871
2022-01-13 00:37:49.780653 [hotstuff info] 0.666869
2022-01-13 00:37:49.780975 [hotstuff info] 0.667183
2022-01-13 00:37:49.780993 [hotstuff info] 0.667194
2022-01-13 00:37:49.781000 [hotstuff info] 0.667195
2022-01-13 00:37:49.781008 [hotstuff info] 0.667195
2022-01-13 00:37:49.781014 [hotstuff info] 0.667195
2022-01-13 00:37:49.781021 [hotstuff info] 0.667195
2022-01-13 00:37:49.781029 [hotstuff info] 0.667195
2022-01-13 00:37:49.781037 [hotstuff info] 0.667196
2022-01-13 00:37:49.781046 [hotstuff info] 0.667199
2022-01-13 00:37:49.781054 [hotstuff info] 0.667200
2022-01-13 00:37:49.781061 [hotstuff info] 0.667199
2022-01-13 00:37:49.781070 [hotstuff info] 0.667201
2022-01-13 00:37:49.781077 [hotstuff info] 0.667201
2022-01-13 00:37:49.781083 [hotstuff info] 0.667201
2022-01-13 00:37:49.781091 [hotstuff info] 0.667201
2022-01-13 00:37:49.781098 [hotstuff info] 0.667201
2022-01-13 00:37:49.781106 [hotstuff info] 0.667202
2022-01-13 00:37:49.781115 [hotstuff info] 0.667203
2022-01-13 00:37:49.781123 [hotstuff info] 0.667203
2022-01-13 00:37:49.781132 [hotstuff info] 0.667203
2022-01-13 00:37:49.781139 [hotstuff info] 0.667202
2022-01-13 00:37:49.781147 [hotstuff info] 0.667202
2022-01-13 00:37:49.781153 [hotstuff info] 0.667199
2022-01-13 00:37:49.781160 [hotstuff info] 0.667198
2022-01-13 00:37:49.781167 [hotstuff info] 0.667195
2022-01-13 00:37:49.781173 [hotstuff info] 0.667194
2022-01-13 00:37:49.781181 [hotstuff info] 0.667194
2022-01-13 00:37:49.781189 [hotstuff info] 0.667193
2022-01-13 00:37:49.781196 [hotstuff info] 0.667192
2022-01-13 00:37:49.781203 [hotstuff info] 0.667189
2022-01-13 00:37:49.781210 [hotstuff info] 0.667187
2022-01-13 00:37:49.781216 [hotstuff info] 0.667184
2022-01-13 00:37:49.781223 [hotstuff info] 0.667184
2022-01-13 00:37:49.781229 [hotstuff info] 0.667184
2022-01-13 00:37:49.781237 [hotstuff info] 0.667185
2022-01-13 00:37:49.781245 [hotstuff info] 0.667185
2022-01-13 00:37:49.781251 [hotstuff info] 0.667185
2022-01-13 00:37:49.781260 [hotstuff info] 0.667186
2022-01-13 00:37:49.781268 [hotstuff info] 0.667188
2022-01-13 00:37:49.781275 [hotstuff info] 0.667188
2022-01-13 00:37:49.781282 [hotstuff info] 0.667188
2022-01-13 00:37:49.781289 [hotstuff info] 0.667190
2022-01-13 00:37:49.781298 [hotstuff info] 0.667191
2022-01-13 00:37:49.781306 [hotstuff info] 0.667193
2022-01-13 00:37:49.781313 [hotstuff info] 0.667193
2022-01-13 00:37:49.781320 [hotstuff info] 0.667192
2022-01-13 00:37:49.781326 [hotstuff info] 0.667193
2022-01-13 00:37:49.781333 [hotstuff info] 0.667191
2022-01-13 00:37:49.781340 [hotstuff info] 0.667192
2022-01-13 00:37:49.781347 [hotstuff info] 0.667193
2022-01-13 00:37:49.781354 [hotstuff info] 0.667193
2022-01-13 00:37:49.781362 [hotstuff info] 0.667192
2022-01-13 00:37:49.781368 [hotstuff info] 0.667191
2022-01-13 00:37:49.781376 [hotstuff info] 0.667193
2022-01-13 00:37:49.781384 [hotstuff info] 0.667190
2022-01-13 00:37:49.781390 [hotstuff info] 0.667190
2022-01-13 00:37:49.781400 [hotstuff info] 0.667194
2022-01-13 00:37:49.781407 [hotstuff info] 0.667192
2022-01-13 00:37:49.781413 [hotstuff info] 0.667192
2022-01-13 00:37:49.781421 [hotstuff info] 0.667193
2022-01-13 00:37:49.781429 [hotstuff info] 0.667194
2022-01-13 00:37:49.781436 [hotstuff info] 0.667195
2022-01-13 00:37:49.781443 [hotstuff info] 0.667195
2022-01-13 00:37:49.781455 [hotstuff info] 0.667201
2022-01-13 00:37:49.781462 [hotstuff info] 0.667202
2022-01-13 00:37:49.781469 [hotstuff info] 0.667202
2022-01-13 00:37:49.781475 [hotstuff info] 0.667202
2022-01-13 00:37:49.781482 [hotstuff info] 0.667202
2022-01-13 00:37:49.781489 [hotstuff info] 0.667203
2022-01-13 00:37:49.781496 [hotstuff info] 0.667203
2022-01-13 00:37:49.781502 [hotstuff info] 0.667188
2022-01-13 00:37:49.781509 [hotstuff info] 0.667187
2022-01-13 00:37:49.781516 [hotstuff info] 0.667187
2022-01-13 00:37:49.781523 [hotstuff info] 0.667188
2022-01-13 00:37:49.781535 [hotstuff info] 0.667195
2022-01-13 00:37:49.781543 [hotstuff info] 0.667195
2022-01-13 00:37:49.781549 [hotstuff info] 0.667194
2022-01-13 00:37:49.781556 [hotstuff info] 0.667194
2022-01-13 00:37:49.781562 [hotstuff info] 0.667193
2022-01-13 00:37:49.781569 [hotstuff info] 0.667193
2022-01-13 00:37:49.781576 [hotstuff info] 0.667193
2022-01-13 00:37:49.781584 [hotstuff info] 0.667195
2022-01-13 00:37:49.781591 [hotstuff info] 0.667194
2022-01-13 00:37:50.313920 [hotstuff info] 0.667190
2022-01-13 00:37:50.313954 [hotstuff info] 0.667210
2022-01-13 00:37:50.313967 [hotstuff info] 0.667212
2022-01-13 00:37:50.313976 [hotstuff info] 0.667208
2022-01-13 00:37:50.313989 [hotstuff info] 0.667209
2022-01-13 00:37:50.313999 [hotstuff info] 0.667208
2022-01-13 00:37:50.314011 [hotstuff info] 0.667007
2022-01-13 00:37:50.314024 [hotstuff info] 0.667008
2022-01-13 00:37:50.314036 [hotstuff info] 0.667007
2022-01-13 00:37:50.314045 [hotstuff info] 0.667005
2022-01-13 00:37:50.314056 [hotstuff info] 0.667002
