2022-01-13 00:37:46.845779 [net info] starting all threads...
2022-01-13 00:37:46.845887 [net warn] ignoring option name in conf file: block-size
2022-01-13 00:37:46.845895 [net warn] ignoring option name in conf file: nworker
2022-01-13 00:37:46.845899 [net warn] ignoring option name in conf file: repnworker
2022-01-13 00:37:46.845903 [net warn] ignoring option name in conf file: clinworker
2022-01-13 00:37:46.845907 [net warn] ignoring option name in conf file: repburst
2022-01-13 00:37:46.845911 [net warn] ignoring option name in conf file: cliburst
2022-01-13 00:37:46.845915 [net warn] ignoring option name in conf file: pace-maker
2022-01-13 00:37:46.845928 [net info] loaded configuration from hotstuff.conf
2022-01-13 00:37:46.845999 [hotstuff info] nfaulty = 3
2022-01-13 00:37:46.846213 [net info] created <Conn fd=11 addr=<NetAddr 18.188.17.142:20000> mode=active>
2022-01-13 00:37:46.846414 [net info] created <Conn fd=19 addr=<NetAddr 3.142.114.174:20000> mode=active>
2022-01-13 00:37:46.846433 [net info] connected to remote <Conn fd=11 addr=<NetAddr 18.188.17.142:20000> mode=active>
2022-01-13 00:37:46.846608 [net info] created <Conn fd=21 addr=<NetAddr 52.79.253.61:20000> mode=active>
2022-01-13 00:37:46.846792 [net info] created <Conn fd=23 addr=<NetAddr 3.36.103.56:20000> mode=active>
2022-01-13 00:37:46.846983 [net info] created <Conn fd=25 addr=<NetAddr 54.93.131.236:20000> mode=active>
2022-01-13 00:37:46.846997 [net info] connected to remote <Conn fd=19 addr=<NetAddr 3.142.114.174:20000> mode=active>
2022-01-13 00:37:46.847177 [net info] created <Conn fd=27 addr=<NetAddr 3.120.147.128:20000> mode=active>
2022-01-13 00:37:46.847365 [net info] created <Conn fd=29 addr=<NetAddr 54.215.140.88:20000> mode=active>
2022-01-13 00:37:46.847550 [net info] created <Conn fd=31 addr=<NetAddr 54.193.29.119:20000> mode=active>
2022-01-13 00:37:46.847742 [net info] created <Conn fd=33 addr=<NetAddr 3.112.224.96:20000> mode=active>
2022-01-13 00:37:46.847954 [net info] created <Conn fd=35 addr=<NetAddr 54.95.218.99:20000> mode=active>
2022-01-13 00:37:46.898172 [net info] connected to remote <Conn fd=31 addr=<NetAddr 54.193.29.119:20000> mode=active>
2022-01-13 00:37:46.899318 [net info] connected to remote <Conn fd=29 addr=<NetAddr 54.215.140.88:20000> mode=active>
2022-01-13 00:37:46.946975 [net info] connected to remote <Conn fd=25 addr=<NetAddr 54.93.131.236:20000> mode=active>
2022-01-13 00:37:46.947223 [net info] connected to remote <Conn fd=27 addr=<NetAddr 3.120.147.128:20000> mode=active>
2022-01-13 00:37:46.978067 [net info] connected to remote <Conn fd=33 addr=<NetAddr 3.112.224.96:20000> mode=active>
2022-01-13 00:37:46.979384 [net info] connected to remote <Conn fd=35 addr=<NetAddr 54.95.218.99:20000> mode=active>
2022-01-13 00:37:47.006892 [net info] connected to remote <Conn fd=23 addr=<NetAddr 3.36.103.56:20000> mode=active>
2022-01-13 00:37:47.007178 [net info] connected to remote <Conn fd=21 addr=<NetAddr 52.79.253.61:20000> mode=active>
2022-01-13 00:37:47.647885 [hotstuff info] 0.799883
2022-01-13 00:37:47.647922 [hotstuff info] 0.799909
2022-01-13 00:37:47.647936 [hotstuff info] 0.799914
2022-01-13 00:37:47.647945 [hotstuff info] 0.799915
2022-01-13 00:37:47.647953 [hotstuff info] 0.799914
2022-01-13 00:37:47.647966 [hotstuff info] 0.799917
2022-01-13 00:37:47.647975 [hotstuff info] 0.799916
2022-01-13 00:37:47.647982 [hotstuff info] 0.799914
2022-01-13 00:37:47.647990 [hotstuff info] 0.799912
2022-01-13 00:37:47.647999 [hotstuff info] 0.799912
2022-01-13 00:37:47.648006 [hotstuff info] 0.799910
2022-01-13 00:37:47.648013 [hotstuff info] 0.799907
2022-01-13 00:37:47.648020 [hotstuff info] 0.799905
2022-01-13 00:37:47.648026 [hotstuff info] 0.799903
2022-01-13 00:37:47.648037 [hotstuff info] 0.799903
2022-01-13 00:37:47.648044 [hotstuff info] 0.799902
2022-01-13 00:37:47.648295 [hotstuff info] 0.800144
2022-01-13 00:37:47.648316 [hotstuff info] 0.800155
2022-01-13 00:37:47.648324 [hotstuff info] 0.800154
2022-01-13 00:37:47.648333 [hotstuff info] 0.800153
2022-01-13 00:37:47.648343 [hotstuff info] 0.800154
2022-01-13 00:37:47.648351 [hotstuff info] 0.800153
2022-01-13 00:37:47.648359 [hotstuff info] 0.800153
2022-01-13 00:37:47.648366 [hotstuff info] 0.800150
2022-01-13 00:37:47.648373 [hotstuff info] 0.800148
2022-01-13 00:37:47.648378 [hotstuff info] 0.800142
2022-01-13 00:37:47.648386 [hotstuff info] 0.800141
2022-01-13 00:37:47.648394 [hotstuff info] 0.800139
2022-01-13 00:37:47.648400 [hotstuff info] 0.800137
2022-01-13 00:37:47.648406 [hotstuff info] 0.800134
2022-01-13 00:37:47.648414 [hotstuff info] 0.800132
2022-01-13 00:37:47.648420 [hotstuff info] 0.800130
2022-01-13 00:37:47.648428 [hotstuff info] 0.800126
2022-01-13 00:37:47.648460 [hotstuff info] 0.800150
2022-01-13 00:37:47.648468 [hotstuff info] 0.800149
2022-01-13 00:37:47.648477 [hotstuff info] 0.800149
2022-01-13 00:37:47.648483 [hotstuff info] 0.800147
2022-01-13 00:37:47.648491 [hotstuff info] 0.800145
2022-01-13 00:37:47.648499 [hotstuff info] 0.800141
2022-01-13 00:37:47.648505 [hotstuff info] 0.800138
2022-01-13 00:37:47.648511 [hotstuff info] 0.800136
2022-01-13 00:37:47.648517 [hotstuff info] 0.800133
2022-01-13 00:37:47.648524 [hotstuff info] 0.800131
2022-01-13 00:37:47.648531 [hotstuff info] 0.800129
2022-01-13 00:37:47.648540 [hotstuff info] 0.800128
2022-01-13 00:37:47.648548 [hotstuff info] 0.800127
2022-01-13 00:37:47.648556 [hotstuff info] 0.800125
2022-01-13 00:37:47.648564 [hotstuff info] 0.800124
2022-01-13 00:37:47.648572 [hotstuff info] 0.800123
2022-01-13 00:37:47.648579 [hotstuff info] 0.800121
2022-01-13 00:37:47.648585 [hotstuff info] 0.800119
2022-01-13 00:37:47.648594 [hotstuff info] 0.800118
2022-01-13 00:37:47.648603 [hotstuff info] 0.800115
2022-01-13 00:37:47.648610 [hotstuff info] 0.800113
2022-01-13 00:37:47.648618 [hotstuff info] 0.800113
2022-01-13 00:37:47.648625 [hotstuff info] 0.800110
2022-01-13 00:37:47.648634 [hotstuff info] 0.800110
2022-01-13 00:37:47.648641 [hotstuff info] 0.800108
2022-01-13 00:37:47.648648 [hotstuff info] 0.800106
2022-01-13 00:37:47.648654 [hotstuff info] 0.800103
2022-01-13 00:37:47.648661 [hotstuff info] 0.800101
2022-01-13 00:37:47.648667 [hotstuff info] 0.800098
2022-01-13 00:37:47.648675 [hotstuff info] 0.800096
2022-01-13 00:37:47.648681 [hotstuff info] 0.800093
2022-01-13 00:37:47.648687 [hotstuff info] 0.800091
2022-01-13 00:37:47.648695 [hotstuff info] 0.800090
2022-01-13 00:37:47.648701 [hotstuff info] 0.800085
2022-01-13 00:37:47.648709 [hotstuff info] 0.800084
2022-01-13 00:37:47.648715 [hotstuff info] 0.800081
2022-01-13 00:37:47.648722 [hotstuff info] 0.800078
2022-01-13 00:37:47.648728 [hotstuff info] 0.800076
2022-01-13 00:37:47.648735 [hotstuff info] 0.800074
2022-01-13 00:37:47.648741 [hotstuff info] 0.800072
2022-01-13 00:37:47.648748 [hotstuff info] 0.800067
2022-01-13 00:37:47.648754 [hotstuff info] 0.800064
2022-01-13 00:37:47.648761 [hotstuff info] 0.800062
2022-01-13 00:37:47.648767 [hotstuff info] 0.800059
2022-01-13 00:37:47.648773 [hotstuff info] 0.800057
2022-01-13 00:37:47.648781 [hotstuff info] 0.800055
2022-01-13 00:37:47.648787 [hotstuff info] 0.800048
2022-01-13 00:37:47.648794 [hotstuff info] 0.800046
2022-01-13 00:37:47.648801 [hotstuff info] 0.800044
2022-01-13 00:37:47.648807 [hotstuff info] 0.800042
2022-01-13 00:37:47.648814 [hotstuff info] 0.800040
2022-01-13 00:37:47.648820 [hotstuff info] 0.800038
2022-01-13 00:37:47.648827 [hotstuff info] 0.800033
2022-01-13 00:37:47.648834 [hotstuff info] 0.800031
2022-01-13 00:37:47.648840 [hotstuff info] 0.800029
2022-01-13 00:37:47.648847 [hotstuff info] 0.800026
2022-01-13 00:37:47.648853 [hotstuff info] 0.800024
2022-01-13 00:37:47.648861 [hotstuff info] 0.800023
2022-01-13 00:37:47.648868 [hotstuff info] 0.800021
2022-01-13 00:37:47.648874 [hotstuff info] 0.800017
2022-01-13 00:37:47.648881 [hotstuff info] 0.800014
2022-01-13 00:37:47.648888 [hotstuff info] 0.800012
2022-01-13 00:37:47.648894 [hotstuff info] 0.800010
2022-01-13 00:37:47.648901 [hotstuff info] 0.800007
2022-01-13 00:37:47.648908 [hotstuff info] 0.800006
2022-01-13 00:37:47.648914 [hotstuff info] 0.800004
2022-01-13 00:37:47.648921 [hotstuff info] 0.800001
2022-01-13 00:37:47.648927 [hotstuff info] 0.799997
2022-01-13 00:37:47.648934 [hotstuff info] 0.799994
2022-01-13 00:37:47.648941 [hotstuff info] 0.799992
2022-01-13 00:37:47.648947 [hotstuff info] 0.799989
2022-01-13 00:37:47.648953 [hotstuff info] 0.799987
2022-01-13 00:37:47.695758 [hotstuff info] 0.846783
2022-01-13 00:37:47.695788 [hotstuff info] 0.846804
2022-01-13 00:37:47.695802 [hotstuff info] 0.846807
2022-01-13 00:37:47.695813 [hotstuff info] 0.846809
2022-01-13 00:37:47.697366 [hotstuff info] 0.848353
2022-01-13 00:37:47.697384 [hotstuff info] 0.848362
2022-01-13 00:37:47.697394 [hotstuff info] 0.848363
2022-01-13 00:37:47.699848 [hotstuff info] 0.850809
2022-01-13 00:37:47.699890 [hotstuff info] 0.850842
2022-01-13 00:37:47.699897 [hotstuff info] 0.850839
2022-01-13 00:37:47.699904 [hotstuff info] 0.850836
2022-01-13 00:37:47.699912 [hotstuff info] 0.850834
2022-01-13 00:37:47.699918 [hotstuff info] 0.850832
2022-01-13 00:37:47.699927 [hotstuff info] 0.850831
2022-01-13 00:37:47.699934 [hotstuff info] 0.850830
2022-01-13 00:37:47.699940 [hotstuff info] 0.850828
2022-01-13 00:37:47.699948 [hotstuff info] 0.850824
2022-01-13 00:37:47.699955 [hotstuff info] 0.850822
2022-01-13 00:37:47.699961 [hotstuff info] 0.850819
2022-01-13 00:37:47.699969 [hotstuff info] 0.850818
2022-01-13 00:37:47.699975 [hotstuff info] 0.850815
2022-01-13 00:37:47.699982 [hotstuff info] 0.850813
2022-01-13 00:37:47.699989 [hotstuff info] 0.850811
2022-01-13 00:37:47.699997 [hotstuff info] 0.850809
2022-01-13 00:37:47.700018 [hotstuff info] 0.850822
2022-01-13 00:37:47.700027 [hotstuff info] 0.850821
2022-01-13 00:37:47.700034 [hotstuff info] 0.850819
2022-01-13 00:37:47.700041 [hotstuff info] 0.850817
2022-01-13 00:37:47.700047 [hotstuff info] 0.850815
2022-01-13 00:37:47.700054 [hotstuff info] 0.850812
2022-01-13 00:37:47.700059 [hotstuff info] 0.850807
2022-01-13 00:37:47.700065 [hotstuff info] 0.850804
2022-01-13 00:37:47.700073 [hotstuff info] 0.850802
2022-01-13 00:37:47.700080 [hotstuff info] 0.850802
2022-01-13 00:37:47.700087 [hotstuff info] 0.850798
2022-01-13 00:37:47.700094 [hotstuff info] 0.850797
2022-01-13 00:37:47.700101 [hotstuff info] 0.850795
2022-01-13 00:37:47.700107 [hotstuff info] 0.850788
2022-01-13 00:37:47.700114 [hotstuff info] 0.850786
2022-01-13 00:37:47.700120 [hotstuff info] 0.850783
2022-01-13 00:37:47.700126 [hotstuff info] 0.850780
2022-01-13 00:37:47.700132 [hotstuff info] 0.850778
2022-01-13 00:37:47.700139 [hotstuff info] 0.850776
2022-01-13 00:37:47.700145 [hotstuff info] 0.850773
2022-01-13 00:37:47.700152 [hotstuff info] 0.850767
2022-01-13 00:37:47.700158 [hotstuff info] 0.850764
2022-01-13 00:37:47.700164 [hotstuff info] 0.850761
2022-01-13 00:37:47.700170 [hotstuff info] 0.850759
2022-01-13 00:37:47.700177 [hotstuff info] 0.850756
2022-01-13 00:37:47.700183 [hotstuff info] 0.850754
2022-01-13 00:37:47.700190 [hotstuff info] 0.850751
2022-01-13 00:37:47.700196 [hotstuff info] 0.850746
2022-01-13 00:37:47.700201 [hotstuff info] 0.850743
2022-01-13 00:37:47.700207 [hotstuff info] 0.850741
2022-01-13 00:37:47.700214 [hotstuff info] 0.850739
2022-01-13 00:37:47.700221 [hotstuff info] 0.850736
2022-01-13 00:37:47.700227 [hotstuff info] 0.850734
2022-01-13 00:37:47.700234 [hotstuff info] 0.850731
2022-01-13 00:37:47.700240 [hotstuff info] 0.850729
2022-01-13 00:37:47.700247 [hotstuff info] 0.850724
2022-01-13 00:37:47.700253 [hotstuff info] 0.850721
2022-01-13 00:37:47.700260 [hotstuff info] 0.850720
2022-01-13 00:37:47.700267 [hotstuff info] 0.850713
2022-01-13 00:37:47.700273 [hotstuff info] 0.850711
2022-01-13 00:37:47.700279 [hotstuff info] 0.850708
2022-01-13 00:37:47.700286 [hotstuff info] 0.850705
2022-01-13 00:37:47.700292 [hotstuff info] 0.850702
2022-01-13 00:37:47.700298 [hotstuff info] 0.850700
2022-01-13 00:37:47.700305 [hotstuff info] 0.850697
2022-01-13 00:37:47.700311 [hotstuff info] 0.850694
2022-01-13 00:37:48.314028 [hotstuff info] 0.666107
2022-01-13 00:37:48.314061 [hotstuff info] 0.666126
2022-01-13 00:37:48.314073 [hotstuff info] 0.666129
2022-01-13 00:37:48.314083 [hotstuff info] 0.666130
2022-01-13 00:37:48.314090 [hotstuff info] 0.666126
2022-01-13 00:37:48.314097 [hotstuff info] 0.666123
2022-01-13 00:37:48.314106 [hotstuff info] 0.666126
2022-01-13 00:37:48.314116 [hotstuff info] 0.666127
2022-01-13 00:37:48.314126 [hotstuff info] 0.666129
2022-01-13 00:37:48.314134 [hotstuff info] 0.666129
2022-01-13 00:37:48.314142 [hotstuff info] 0.666130
2022-01-13 00:37:48.314150 [hotstuff info] 0.666131
2022-01-13 00:37:48.314373 [hotstuff info] 0.666347
2022-01-13 00:37:48.314391 [hotstuff info] 0.666355
2022-01-13 00:37:48.314397 [hotstuff info] 0.666355
2022-01-13 00:37:48.314404 [hotstuff info] 0.666353
2022-01-13 00:37:48.314410 [hotstuff info] 0.666096
2022-01-13 00:37:48.314418 [hotstuff info] 0.666096
2022-01-13 00:37:48.314425 [hotstuff info] 0.666093
2022-01-13 00:37:48.314432 [hotstuff info] 0.666091
2022-01-13 00:37:48.314439 [hotstuff info] 0.666090
2022-01-13 00:37:48.314446 [hotstuff info] 0.666087
2022-01-13 00:37:48.314452 [hotstuff info] 0.666088
2022-01-13 00:37:48.314462 [hotstuff info] 0.666090
2022-01-13 00:37:48.314470 [hotstuff info] 0.666092
2022-01-13 00:37:48.314478 [hotstuff info] 0.666092
2022-01-13 00:37:48.314485 [hotstuff info] 0.666092
2022-01-13 00:37:48.314491 [hotstuff info] 0.666092
2022-01-13 00:37:48.314499 [hotstuff info] 0.666093
2022-01-13 00:37:48.314507 [hotstuff info] 0.666094
2022-01-13 00:37:48.314515 [hotstuff info] 0.666095
2022-01-13 00:37:48.314526 [hotstuff info] 0.666099
2022-01-13 00:37:48.314533 [hotstuff info] 0.666074
2022-01-13 00:37:48.314540 [hotstuff info] 0.666073
2022-01-13 00:37:48.362163 [hotstuff info] 0.713686
2022-01-13 00:37:48.362188 [hotstuff info] 0.713705
2022-01-13 00:37:48.362232 [hotstuff info] 0.713741
2022-01-13 00:37:48.362245 [hotstuff info] 0.713747
2022-01-13 00:37:48.362256 [hotstuff info] 0.713752
2022-01-13 00:37:48.362268 [hotstuff info] 0.713757
2022-01-13 00:37:48.362279 [hotstuff info] 0.713762
2022-01-13 00:37:48.362290 [hotstuff info] 0.713767
2022-01-13 00:37:48.362300 [hotstuff info] 0.713769
2022-01-13 00:37:48.362312 [hotstuff info] 0.713773
2022-01-13 00:37:48.362326 [hotstuff info] 0.713778
2022-01-13 00:37:48.362337 [hotstuff info] 0.713783
2022-01-13 00:37:48.362348 [hotstuff info] 0.713785
2022-01-13 00:37:48.362360 [hotstuff info] 0.713789
2022-01-13 00:37:48.362369 [hotstuff info] 0.713791
2022-01-13 00:37:48.362378 [hotstuff info] 0.713794
2022-01-13 00:37:48.362388 [hotstuff info] 0.713796
2022-01-13 00:37:48.362399 [hotstuff info] 0.713797
2022-01-13 00:37:48.362602 [hotstuff info] 0.713993
2022-01-13 00:37:48.362621 [hotstuff info] 0.714003
2022-01-13 00:37:48.363587 [hotstuff info] 0.714963
2022-01-13 00:37:48.363605 [hotstuff info] 0.714972
2022-01-13 00:37:48.363615 [hotstuff info] 0.714975
2022-01-13 00:37:48.363625 [hotstuff info] 0.714978
2022-01-13 00:37:48.363634 [hotstuff info] 0.714981
2022-01-13 00:37:48.363644 [hotstuff info] 0.714983
2022-01-13 00:37:48.363653 [hotstuff info] 0.714986
2022-01-13 00:37:48.363664 [hotstuff info] 0.714990
2022-01-13 00:37:48.363675 [hotstuff info] 0.714994
2022-01-13 00:37:48.363687 [hotstuff info] 0.715001
2022-01-13 00:37:48.363699 [hotstuff info] 0.715004
2022-01-13 00:37:48.363711 [hotstuff info] 0.715010
2022-01-13 00:37:48.363721 [hotstuff info] 0.715013
2022-01-13 00:37:48.363732 [hotstuff info] 0.715017
2022-01-13 00:37:48.363742 [hotstuff info] 0.715021
2022-01-13 00:37:48.363752 [hotstuff info] 0.715024
2022-01-13 00:37:48.363761 [hotstuff info] 0.715027
2022-01-13 00:37:48.363772 [hotstuff info] 0.715031
2022-01-13 00:37:48.363781 [hotstuff info] 0.715034
2022-01-13 00:37:48.363794 [hotstuff info] 0.715041
2022-01-13 00:37:48.363804 [hotstuff info] 0.715044
2022-01-13 00:37:48.363816 [hotstuff info] 0.715049
2022-01-13 00:37:48.363827 [hotstuff info] 0.715054
2022-01-13 00:37:48.363838 [hotstuff info] 0.715058
2022-01-13 00:37:48.363850 [hotstuff info] 0.715064
2022-01-13 00:37:48.363874 [hotstuff info] 0.715081
2022-01-13 00:37:48.363885 [hotstuff info] 0.715085
2022-01-13 00:37:48.363898 [hotstuff info] 0.715091
2022-01-13 00:37:48.363933 [hotstuff info] 0.715120
2022-01-13 00:37:48.363946 [hotstuff info] 0.715126
2022-01-13 00:37:48.363956 [hotstuff info] 0.715129
2022-01-13 00:37:48.363968 [hotstuff info] 0.715135
2022-01-13 00:37:48.366063 [hotstuff info] 0.717223
2022-01-13 00:37:48.366081 [hotstuff info] 0.717235
2022-01-13 00:37:48.366090 [hotstuff info] 0.717238
2022-01-13 00:37:48.366097 [hotstuff info] 0.717238
2022-01-13 00:37:48.366103 [hotstuff info] 0.717237
2022-01-13 00:37:48.366110 [hotstuff info] 0.717237
2022-01-13 00:37:48.366117 [hotstuff info] 0.717237
2022-01-13 00:37:48.366124 [hotstuff info] 0.717238
2022-01-13 00:37:48.366130 [hotstuff info] 0.717236
2022-01-13 00:37:48.366136 [hotstuff info] 0.717235
2022-01-13 00:37:48.366142 [hotstuff info] 0.717236
2022-01-13 00:37:48.366148 [hotstuff info] 0.717234
2022-01-13 00:37:48.366154 [hotstuff info] 0.717234
2022-01-13 00:37:48.366160 [hotstuff info] 0.717233
2022-01-13 00:37:48.366166 [hotstuff info] 0.717233
2022-01-13 00:37:48.366171 [hotstuff info] 0.717232
2022-01-13 00:37:48.366177 [hotstuff info] 0.717231
2022-01-13 00:37:48.366186 [hotstuff info] 0.717233
2022-01-13 00:37:48.366193 [hotstuff info] 0.717233
2022-01-13 00:37:48.366201 [hotstuff info] 0.670415
2022-01-13 00:37:48.366209 [hotstuff info] 0.670409
2022-01-13 00:37:48.366217 [hotstuff info] 0.670405
2022-01-13 00:37:48.366225 [hotstuff info] 0.670400
2022-01-13 00:37:48.366232 [hotstuff info] 0.668849
2022-01-13 00:37:48.366239 [hotstuff info] 0.668846
2022-01-13 00:37:48.366245 [hotstuff info] 0.668845
2022-01-13 00:37:48.366251 [hotstuff info] 0.666363
2022-01-13 00:37:48.366258 [hotstuff info] 0.666362
2022-01-13 00:37:48.366265 [hotstuff info] 0.666362
2022-01-13 00:37:48.366272 [hotstuff info] 0.666361
2022-01-13 00:37:48.366278 [hotstuff info] 0.666361
2022-01-13 00:37:48.366285 [hotstuff info] 0.666360
2022-01-13 00:37:48.366292 [hotstuff info] 0.666358
2022-01-13 00:37:48.366299 [hotstuff info] 0.666359
2022-01-13 00:37:48.366306 [hotstuff info] 0.666359
2022-01-13 00:37:48.366313 [hotstuff info] 0.666359
2022-01-13 00:37:48.366319 [hotstuff info] 0.666359
2022-01-13 00:37:48.366326 [hotstuff info] 0.666358
2022-01-13 00:37:48.366332 [hotstuff info] 0.666359
2022-01-13 00:37:48.366338 [hotstuff info] 0.666357
2022-01-13 00:37:48.366345 [hotstuff info] 0.666357
2022-01-13 00:37:48.366350 [hotstuff info] 0.666355
2022-01-13 00:37:48.366356 [hotstuff info] 0.666338
2022-01-13 00:37:48.366362 [hotstuff info] 0.666336
2022-01-13 00:37:48.366369 [hotstuff info] 0.666336
2022-01-13 00:37:48.366375 [hotstuff info] 0.666335
2022-01-13 00:37:48.366381 [hotstuff info] 0.666335
2022-01-13 00:37:48.366388 [hotstuff info] 0.666335
2022-01-13 00:37:48.366394 [hotstuff info] 0.666336
2022-01-13 00:37:48.366401 [hotstuff info] 0.666336
2022-01-13 00:37:48.366407 [hotstuff info] 0.666335
2022-01-13 00:37:48.366414 [hotstuff info] 0.666334
2022-01-13 00:37:48.366419 [hotstuff info] 0.666334
2022-01-13 00:37:48.366427 [hotstuff info] 0.666334
2022-01-13 00:37:48.366433 [hotstuff info] 0.666334
2022-01-13 00:37:48.366440 [hotstuff info] 0.666334
2022-01-13 00:37:48.366447 [hotstuff info] 0.666334
2022-01-13 00:37:48.366453 [hotstuff info] 0.666334
2022-01-13 00:37:48.366459 [hotstuff info] 0.666334
2022-01-13 00:37:48.366466 [hotstuff info] 0.666334
2022-01-13 00:37:48.366472 [hotstuff info] 0.666334
2022-01-13 00:37:48.366479 [hotstuff info] 0.666335
2022-01-13 00:37:48.366485 [hotstuff info] 0.666335
2022-01-13 00:37:48.366491 [hotstuff info] 0.666335
2022-01-13 00:37:48.446940 [hotstuff info] 0.746777
2022-01-13 00:37:48.446965 [hotstuff info] 0.746795
2022-01-13 00:37:48.446974 [hotstuff info] 0.746799
2022-01-13 00:37:48.446985 [hotstuff info] 0.746802
2022-01-13 00:37:48.446996 [hotstuff info] 0.746807
2022-01-13 00:37:48.447005 [hotstuff info] 0.746810
2022-01-13 00:37:48.447011 [hotstuff info] 0.746810
2022-01-13 00:37:48.447018 [hotstuff info] 0.746812
2022-01-13 00:37:48.447026 [hotstuff info] 0.746813
2022-01-13 00:37:48.447033 [hotstuff info] 0.746813
2022-01-13 00:37:48.447043 [hotstuff info] 0.746816
2022-01-13 00:37:48.447051 [hotstuff info] 0.746818
2022-01-13 00:37:48.447059 [hotstuff info] 0.746819
2022-01-13 00:37:48.447067 [hotstuff info] 0.746821
2022-01-13 00:37:48.447073 [hotstuff info] 0.746821
2022-01-13 00:37:48.447081 [hotstuff info] 0.746822
2022-01-13 00:37:48.447088 [hotstuff info] 0.746822
2022-01-13 00:37:48.447095 [hotstuff info] 0.746822
2022-01-13 00:37:48.447101 [hotstuff info] 0.746822
2022-01-13 00:37:48.447107 [hotstuff info] 0.746822
2022-01-13 00:37:48.447113 [hotstuff info] 0.746823
2022-01-13 00:37:48.447121 [hotstuff info] 0.746824
2022-01-13 00:37:48.447127 [hotstuff info] 0.746824
2022-01-13 00:37:48.447134 [hotstuff info] 0.746825
2022-01-13 00:37:48.447140 [hotstuff info] 0.746823
2022-01-13 00:37:48.980687 [hotstuff info] 0.666628
2022-01-13 00:37:48.980723 [hotstuff info] 0.666650
2022-01-13 00:37:48.980732 [hotstuff info] 0.666650
2022-01-13 00:37:48.980740 [hotstuff info] 0.666650
2022-01-13 00:37:48.980748 [hotstuff info] 0.666652
2022-01-13 00:37:48.980756 [hotstuff info] 0.666650
2022-01-13 00:37:48.980765 [hotstuff info] 0.666650
2022-01-13 00:37:48.980773 [hotstuff info] 0.666648
2022-01-13 00:37:48.980783 [hotstuff info] 0.666650
2022-01-13 00:37:48.980789 [hotstuff info] 0.666648
2022-01-13 00:37:48.980992 [hotstuff info] 0.666843
2022-01-13 00:37:48.981008 [hotstuff info] 0.666853
2022-01-13 00:37:48.981018 [hotstuff info] 0.666629
2022-01-13 00:37:48.981025 [hotstuff info] 0.666629
2022-01-13 00:37:48.981031 [hotstuff info] 0.666628
2022-01-13 00:37:48.981039 [hotstuff info] 0.666629
2022-01-13 00:37:48.981047 [hotstuff info] 0.666629
2022-01-13 00:37:48.981052 [hotstuff info] 0.666628
2022-01-13 00:37:48.981060 [hotstuff info] 0.666628
2022-01-13 00:37:48.981066 [hotstuff info] 0.666629
2022-01-13 00:37:48.981073 [hotstuff info] 0.666629
2022-01-13 00:37:48.981081 [hotstuff info] 0.666629
2022-01-13 00:37:48.981088 [hotstuff info] 0.666627
2022-01-13 00:37:48.981094 [hotstuff info] 0.666625
2022-01-13 00:37:48.981101 [hotstuff info] 0.666625
2022-01-13 00:37:48.981108 [hotstuff info] 0.666624
2022-01-13 00:37:48.981115 [hotstuff info] 0.666624
2022-01-13 00:37:48.981122 [hotstuff info] 0.666625
2022-01-13 00:37:48.981132 [hotstuff info] 0.666626
2022-01-13 00:37:48.981139 [hotstuff info] 0.666625
2022-01-13 00:37:48.981149 [hotstuff info] 0.666624
2022-01-13 00:37:48.981157 [hotstuff info] 0.666625
2022-01-13 00:37:48.981164 [hotstuff info] 0.666626
2022-01-13 00:37:48.981172 [hotstuff info] 0.666624
2022-01-13 00:37:48.981179 [hotstuff info] 0.618992
2022-01-13 00:37:48.981184 [hotstuff info] 0.618988
2022-01-13 00:37:48.981192 [hotstuff info] 0.618948
2022-01-13 00:37:49.028432 [hotstuff info] 0.666177
2022-01-13 00:37:49.028457 [hotstuff info] 0.666190
2022-01-13 00:37:49.028470 [hotstuff info] 0.666193
2022-01-13 00:37:49.028483 [hotstuff info] 0.666193
2022-01-13 00:37:49.028492 [hotstuff info] 0.666194
2022-01-13 00:37:49.028503 [hotstuff info] 0.666193
2022-01-13 00:37:49.028698 [hotstuff info] 0.666377
2022-01-13 00:37:49.028716 [hotstuff info] 0.666380
2022-01-13 00:37:49.028726 [hotstuff info] 0.666379
2022-01-13 00:37:49.028737 [hotstuff info] 0.666378
2022-01-13 00:37:49.028748 [hotstuff info] 0.666381
2022-01-13 00:37:49.028759 [hotstuff info] 0.666381
2022-01-13 00:37:49.028768 [hotstuff info] 0.666381
2022-01-13 00:37:49.028779 [hotstuff info] 0.666381
2022-01-13 00:37:49.028790 [hotstuff info] 0.666381
2022-01-13 00:37:49.028801 [hotstuff info] 0.666181
2022-01-13 00:37:49.028810 [hotstuff info] 0.666182
2022-01-13 00:37:49.029029 [hotstuff info] 0.665425
2022-01-13 00:37:49.029049 [hotstuff info] 0.665435
2022-01-13 00:37:49.029062 [hotstuff info] 0.665438
2022-01-13 00:37:49.029073 [hotstuff info] 0.665440
2022-01-13 00:37:49.029083 [hotstuff info] 0.665440
2022-01-13 00:37:49.029092 [hotstuff info] 0.665440
2022-01-13 00:37:49.029104 [hotstuff info] 0.665442
2022-01-13 00:37:49.029115 [hotstuff info] 0.665441
2022-01-13 00:37:49.029128 [hotstuff info] 0.665442
2022-01-13 00:37:49.029138 [hotstuff info] 0.665441
2022-01-13 00:37:49.029151 [hotstuff info] 0.665441
2022-01-13 00:37:49.029162 [hotstuff info] 0.665442
2022-01-13 00:37:49.029173 [hotstuff info] 0.665443
2022-01-13 00:37:49.029182 [hotstuff info] 0.665441
2022-01-13 00:37:49.029194 [hotstuff info] 0.665444
2022-01-13 00:37:49.030113 [hotstuff info] 0.666353
2022-01-13 00:37:49.032706 [hotstuff info] 0.668935
2022-01-13 00:37:49.032724 [hotstuff info] 0.668944
2022-01-13 00:37:49.032736 [hotstuff info] 0.668943
2022-01-13 00:37:49.032743 [hotstuff info] 0.668940
2022-01-13 00:37:49.032749 [hotstuff info] 0.668934
2022-01-13 00:37:49.032755 [hotstuff info] 0.668929
2022-01-13 00:37:49.032762 [hotstuff info] 0.668926
2022-01-13 00:37:49.032769 [hotstuff info] 0.668921
2022-01-13 00:37:49.032777 [hotstuff info] 0.668904
2022-01-13 00:37:49.032783 [hotstuff info] 0.668900
2022-01-13 00:37:49.032791 [hotstuff info] 0.668895
2022-01-13 00:37:49.032797 [hotstuff info] 0.668865
2022-01-13 00:37:49.032804 [hotstuff info] 0.668860
2022-01-13 00:37:49.032812 [hotstuff info] 0.668857
2022-01-13 00:37:49.032820 [hotstuff info] 0.668854
2022-01-13 00:37:49.032826 [hotstuff info] 0.668849
2022-01-13 00:37:49.113416 [hotstuff info] 0.747336
2022-01-13 00:37:49.113441 [hotstuff info] 0.747351
2022-01-13 00:37:49.113450 [hotstuff info] 0.747354
2022-01-13 00:37:49.113456 [hotstuff info] 0.747354
2022-01-13 00:37:49.113463 [hotstuff info] 0.747353
2022-01-13 00:37:49.113470 [hotstuff info] 0.747353
2022-01-13 00:37:49.113477 [hotstuff info] 0.747353
2022-01-13 00:37:49.113484 [hotstuff info] 0.747355
2022-01-13 00:37:49.113491 [hotstuff info] 0.747356
2022-01-13 00:37:49.113498 [hotstuff info] 0.747356
2022-01-13 00:37:49.113505 [hotstuff info] 0.747359
2022-01-13 00:37:49.113511 [hotstuff info] 0.747359
2022-01-13 00:37:49.113518 [hotstuff info] 0.747359
2022-01-13 00:37:49.113525 [hotstuff info] 0.747360
2022-01-13 00:37:49.113532 [hotstuff info] 0.747362
2022-01-13 00:37:49.113538 [hotstuff info] 0.747361
2022-01-13 00:37:49.113545 [hotstuff info] 0.747360
2022-01-13 00:37:49.113552 [hotstuff info] 0.747360
2022-01-13 00:37:49.113560 [hotstuff info] 0.747360
2022-01-13 00:37:49.113567 [hotstuff info] 0.747359
2022-01-13 00:37:49.113810 [hotstuff info] 0.747594
2022-01-13 00:37:49.113827 [hotstuff info] 0.747602
2022-01-13 00:37:49.113835 [hotstuff info] 0.747604
2022-01-13 00:37:49.113841 [hotstuff info] 0.747603
2022-01-13 00:37:49.113848 [hotstuff info] 0.747603
2022-01-13 00:37:49.113856 [hotstuff info] 0.747605
2022-01-13 00:37:49.113863 [hotstuff info] 0.747606
2022-01-13 00:37:49.113871 [hotstuff info] 0.747607
2022-01-13 00:37:49.113878 [hotstuff info] 0.747607
2022-01-13 00:37:49.113886 [hotstuff info] 0.747608
2022-01-13 00:37:49.113892 [hotstuff info] 0.747608
2022-01-13 00:37:49.113900 [hotstuff info] 0.747609
2022-01-13 00:37:49.113908 [hotstuff info] 0.747610
2022-01-13 00:37:49.113916 [hotstuff info] 0.747611
2022-01-13 00:37:49.113924 [hotstuff info] 0.747612
2022-01-13 00:37:49.113933 [hotstuff info] 0.747614
2022-01-13 00:37:49.113941 [hotstuff info] 0.747617
2022-01-13 00:37:49.113950 [hotstuff info] 0.747618
2022-01-13 00:37:49.113957 [hotstuff info] 0.747620
2022-01-13 00:37:49.113963 [hotstuff info] 0.747620
2022-01-13 00:37:49.113972 [hotstuff info] 0.747622
2022-01-13 00:37:49.113979 [hotstuff info] 0.747624
2022-01-13 00:37:49.113985 [hotstuff info] 0.747625
2022-01-13 00:37:49.113992 [hotstuff info] 0.747625
2022-01-13 00:37:49.114001 [hotstuff info] 0.747628
2022-01-13 00:37:49.114008 [hotstuff info] 0.747627
2022-01-13 00:37:49.114015 [hotstuff info] 0.747628
2022-01-13 00:37:49.114024 [hotstuff info] 0.747629
2022-01-13 00:37:49.114032 [hotstuff info] 0.747633
2022-01-13 00:37:49.114039 [hotstuff info] 0.747632
2022-01-13 00:37:49.114048 [hotstuff info] 0.747635
2022-01-13 00:37:49.114054 [hotstuff info] 0.747635
2022-01-13 00:37:49.114061 [hotstuff info] 0.747635
2022-01-13 00:37:49.114066 [hotstuff info] 0.747634
2022-01-13 00:37:49.114072 [hotstuff info] 0.747633
2022-01-13 00:37:49.114079 [hotstuff info] 0.747634
2022-01-13 00:37:49.114086 [hotstuff info] 0.747634
2022-01-13 00:37:49.114092 [hotstuff info] 0.747634
2022-01-13 00:37:49.114100 [hotstuff info] 0.747634
2022-01-13 00:37:49.114106 [hotstuff info] 0.747635
2022-01-13 00:37:49.114113 [hotstuff info] 0.747635
2022-01-13 00:37:49.114119 [hotstuff info] 0.747635
2022-01-13 00:37:49.114126 [hotstuff info] 0.747635
2022-01-13 00:37:49.114132 [hotstuff info] 0.747636
2022-01-13 00:37:49.114139 [hotstuff info] 0.667175
2022-01-13 00:37:49.114145 [hotstuff info] 0.667171
2022-01-13 00:37:49.114151 [hotstuff info] 0.667167
2022-01-13 00:37:49.114158 [hotstuff info] 0.667163
2022-01-13 00:37:49.114164 [hotstuff info] 0.667160
2022-01-13 00:37:49.114170 [hotstuff info] 0.667160
2022-01-13 00:37:49.114177 [hotstuff info] 0.667159
2022-01-13 00:37:49.114183 [hotstuff info] 0.667157
2022-01-13 00:37:49.114190 [hotstuff info] 0.667157
2022-01-13 00:37:49.114196 [hotstuff info] 0.667154
2022-01-13 00:37:49.114202 [hotstuff info] 0.667153
2022-01-13 00:37:49.114208 [hotstuff info] 0.667151
2022-01-13 00:37:49.114215 [hotstuff info] 0.667149
2022-01-13 00:37:49.114233 [hotstuff info] 0.667161
2022-01-13 00:37:49.114239 [hotstuff info] 0.667159
2022-01-13 00:37:49.114246 [hotstuff info] 0.667159
2022-01-13 00:37:49.114253 [hotstuff info] 0.667159
2022-01-13 00:37:49.114259 [hotstuff info] 0.667159
2022-01-13 00:37:49.114265 [hotstuff info] 0.667158
2022-01-13 00:37:49.114271 [hotstuff info] 0.667158
2022-01-13 00:37:49.114277 [hotstuff info] 0.667157
2022-01-13 00:37:49.114285 [hotstuff info] 0.667158
2022-01-13 00:37:49.114291 [hotstuff info] 0.667158
2022-01-13 00:37:49.114297 [hotstuff info] 0.667158
2022-01-13 00:37:49.114304 [hotstuff info] 0.667157
2022-01-13 00:37:49.646988 [hotstuff info] 0.666266
2022-01-13 00:37:49.647041 [hotstuff info] 0.666309
2022-01-13 00:37:49.647052 [hotstuff info] 0.666313
2022-01-13 00:37:49.647062 [hotstuff info] 0.666315
2022-01-13 00:37:49.647070 [hotstuff info] 0.666315
2022-01-13 00:37:49.647077 [hotstuff info] 0.666313
2022-01-13 00:37:49.647083 [hotstuff info] 0.666312
2022-01-13 00:37:49.647091 [hotstuff info] 0.666309
2022-01-13 00:37:49.647099 [hotstuff info] 0.666311
2022-01-13 00:37:49.647106 [hotstuff info] 0.666310
2022-01-13 00:37:49.647326 [hotstuff info] 0.666319
2022-01-13 00:37:49.647346 [hotstuff info] 0.666330
2022-01-13 00:37:49.647354 [hotstuff info] 0.666331
2022-01-13 00:37:49.647363 [hotstuff info] 0.666333
2022-01-13 00:37:49.647369 [hotstuff info] 0.666332
2022-01-13 00:37:49.647377 [hotstuff info] 0.666331
2022-01-13 00:37:49.647383 [hotstuff info] 0.666331
2022-01-13 00:37:49.647393 [hotstuff info] 0.666334
2022-01-13 00:37:49.647401 [hotstuff info] 0.666335
2022-01-13 00:37:49.647408 [hotstuff info] 0.666336
2022-01-13 00:37:49.647415 [hotstuff info] 0.666335
2022-01-13 00:37:49.647423 [hotstuff info] 0.666336
2022-01-13 00:37:49.647431 [hotstuff info] 0.666338
2022-01-13 00:37:49.647440 [hotstuff info] 0.666339
2022-01-13 00:37:49.647446 [hotstuff info] 0.666340
2022-01-13 00:37:49.647454 [hotstuff info] 0.666340
2022-01-13 00:37:49.647460 [hotstuff info] 0.666339
2022-01-13 00:37:49.647468 [hotstuff info] 0.666337
2022-01-13 00:37:49.647476 [hotstuff info] 0.666338
2022-01-13 00:37:49.647485 [hotstuff info] 0.666337
2022-01-13 00:37:49.647492 [hotstuff info] 0.666335
2022-01-13 00:37:49.647501 [hotstuff info] 0.666338
2022-01-13 00:37:49.694825 [hotstuff info] 0.713653
2022-01-13 00:37:49.694856 [hotstuff info] 0.713678
2022-01-13 00:37:49.694866 [hotstuff info] 0.713682
2022-01-13 00:37:49.694877 [hotstuff info] 0.713686
2022-01-13 00:37:49.694886 [hotstuff info] 0.713688
2022-01-13 00:37:49.694937 [hotstuff info] 0.666481
2022-01-13 00:37:49.694947 [hotstuff info] 0.666478
2022-01-13 00:37:49.694959 [hotstuff info] 0.666478
2022-01-13 00:37:49.694971 [hotstuff info] 0.666479
2022-01-13 00:37:49.694982 [hotstuff info] 0.666480
2022-01-13 00:37:49.694991 [hotstuff info] 0.666480
2022-01-13 00:37:49.695003 [hotstuff info] 0.666288
2022-01-13 00:37:49.695013 [hotstuff info] 0.666288
2022-01-13 00:37:49.695023 [hotstuff info] 0.666288
2022-01-13 00:37:49.695035 [hotstuff info] 0.666288
2022-01-13 00:37:49.695045 [hotstuff info] 0.666287
2022-01-13 00:37:49.695436 [hotstuff info] 0.666669
2022-01-13 00:37:49.695454 [hotstuff info] 0.666677
2022-01-13 00:37:49.695461 [hotstuff info] 0.666673
2022-01-13 00:37:49.695469 [hotstuff info] 0.666670
2022-01-13 00:37:49.695477 [hotstuff info] 0.666668
2022-01-13 00:37:49.695523 [hotstuff info] 0.666700
2022-01-13 00:37:49.695532 [hotstuff info] 0.666485
2022-01-13 00:37:49.695539 [hotstuff info] 0.666479
2022-01-13 00:37:49.695547 [hotstuff info] 0.666474
2022-01-13 00:37:49.695555 [hotstuff info] 0.666473
2022-01-13 00:37:49.695562 [hotstuff info] 0.666472
2022-01-13 00:37:49.695572 [hotstuff info] 0.666469
2022-01-13 00:37:49.695580 [hotstuff info] 0.666466
2022-01-13 00:37:49.695588 [hotstuff info] 0.666462
2022-01-13 00:37:49.695594 [hotstuff info] 0.666458
2022-01-13 00:37:49.695602 [hotstuff info] 0.666453
2022-01-13 00:37:49.695608 [hotstuff info] 0.666447
2022-01-13 00:37:49.695616 [hotstuff info] 0.666444
2022-01-13 00:37:49.695622 [hotstuff info] 0.666441
2022-01-13 00:37:49.695629 [hotstuff info] 0.666436
2022-01-13 00:37:49.695635 [hotstuff info] 0.666431
2022-01-13 00:37:49.779988 [hotstuff info] 0.749857
2022-01-13 00:37:49.780136 [hotstuff info] 0.747413
2022-01-13 00:37:49.780160 [hotstuff info] 0.747425
2022-01-13 00:37:49.780168 [hotstuff info] 0.747426
2022-01-13 00:37:49.780177 [hotstuff info] 0.747429
2022-01-13 00:37:49.780184 [hotstuff info] 0.747431
2022-01-13 00:37:49.780191 [hotstuff info] 0.747429
2022-01-13 00:37:49.780198 [hotstuff info] 0.747430
2022-01-13 00:37:49.780206 [hotstuff info] 0.747429
2022-01-13 00:37:49.780212 [hotstuff info] 0.747429
2022-01-13 00:37:49.780219 [hotstuff info] 0.747429
2022-01-13 00:37:49.780226 [hotstuff info] 0.747430
2022-01-13 00:37:49.780493 [hotstuff info] 0.747689
2022-01-13 00:37:49.780511 [hotstuff info] 0.747701
2022-01-13 00:37:49.780520 [hotstuff info] 0.747700
2022-01-13 00:37:49.780527 [hotstuff info] 0.747702
2022-01-13 00:37:49.780534 [hotstuff info] 0.747700
2022-01-13 00:37:49.780542 [hotstuff info] 0.667102
2022-01-13 00:37:49.780548 [hotstuff info] 0.667099
2022-01-13 00:37:49.780555 [hotstuff info] 0.667100
2022-01-13 00:37:49.780563 [hotstuff info] 0.667101
2022-01-13 00:37:49.780570 [hotstuff info] 0.667101
2022-01-13 00:37:49.780576 [hotstuff info] 0.667101
2022-01-13 00:37:49.780585 [hotstuff info] 0.667103
2022-01-13 00:37:49.780594 [hotstuff info] 0.667104
2022-01-13 00:37:49.780602 [hotstuff info] 0.667105
2022-01-13 00:37:49.780609 [hotstuff info] 0.667104
2022-01-13 00:37:49.780615 [hotstuff info] 0.667104
2022-01-13 00:37:49.780622 [hotstuff info] 0.667105
2022-01-13 00:37:49.780629 [hotstuff info] 0.667105
2022-01-13 00:37:49.780636 [hotstuff info] 0.667105
2022-01-13 00:37:49.780643 [hotstuff info] 0.667107
2022-01-13 00:37:49.780650 [hotstuff info] 0.667107
2022-01-13 00:37:49.780657 [hotstuff info] 0.667107
2022-01-13 00:37:49.780664 [hotstuff info] 0.667106
2022-01-13 00:37:49.780671 [hotstuff info] 0.667105
2022-01-13 00:37:49.780678 [hotstuff info] 0.667101
2022-01-13 00:37:49.780685 [hotstuff info] 0.666859
2022-01-13 00:37:49.780692 [hotstuff info] 0.666859
2022-01-13 00:37:49.780698 [hotstuff info] 0.666859
2022-01-13 00:37:49.780706 [hotstuff info] 0.666859
2022-01-13 00:37:49.780713 [hotstuff info] 0.666858
2022-01-13 00:37:49.780719 [hotstuff info] 0.666857
2022-01-13 00:37:49.780726 [hotstuff info] 0.666857
2022-01-13 00:37:49.780733 [hotstuff info] 0.666855
2022-01-13 00:37:49.780738 [hotstuff info] 0.666853
2022-01-13 00:37:49.780745 [hotstuff info] 0.666853
2022-01-13 00:37:49.780751 [hotstuff info] 0.666853
2022-01-13 00:37:49.780759 [hotstuff info] 0.666852
2022-01-13 00:37:49.780765 [hotstuff info] 0.666850
2022-01-13 00:37:49.780772 [hotstuff info] 0.666849
2022-01-13 00:37:49.780779 [hotstuff info] 0.666847
2022-01-13 00:37:49.780787 [hotstuff info] 0.666848
2022-01-13 00:37:49.781153 [hotstuff info] 0.667204
2022-01-13 00:37:49.781170 [hotstuff info] 0.667214
2022-01-13 00:37:49.781177 [hotstuff info] 0.667214
2022-01-13 00:37:49.781185 [hotstuff info] 0.667214
2022-01-13 00:37:49.781192 [hotstuff info] 0.667214
2022-01-13 00:37:49.781200 [hotstuff info] 0.667215
2022-01-13 00:37:49.781206 [hotstuff info] 0.667215
2022-01-13 00:37:49.781213 [hotstuff info] 0.667212
2022-01-13 00:37:49.781220 [hotstuff info] 0.667213
2022-01-13 00:37:49.781228 [hotstuff info] 0.667213
2022-01-13 00:37:49.781234 [hotstuff info] 0.667213
2022-01-13 00:37:49.781244 [hotstuff info] 0.667212
2022-01-13 00:37:49.781253 [hotstuff info] 0.667214
2022-01-13 00:37:49.781260 [hotstuff info] 0.667214
2022-01-13 00:37:49.781266 [hotstuff info] 0.667214
2022-01-13 00:37:49.781273 [hotstuff info] 0.667214
2022-01-13 00:37:49.781280 [hotstuff info] 0.667215
2022-01-13 00:37:49.781287 [hotstuff info] 0.667216
2022-01-13 00:37:49.781294 [hotstuff info] 0.667216
2022-01-13 00:37:49.781303 [hotstuff info] 0.667217
2022-01-13 00:37:49.781309 [hotstuff info] 0.667218
2022-01-13 00:37:49.781317 [hotstuff info] 0.667218
2022-01-13 00:37:49.781324 [hotstuff info] 0.667218
2022-01-13 00:37:49.781331 [hotstuff info] 0.667218
2022-01-13 00:37:49.781339 [hotstuff info] 0.667220
2022-01-13 00:37:49.781346 [hotstuff info] 0.667221
2022-01-13 00:37:49.781353 [hotstuff info] 0.667221
2022-01-13 00:37:49.781362 [hotstuff info] 0.667224
2022-01-13 00:37:49.781370 [hotstuff info] 0.667227
2022-01-13 00:37:49.781379 [hotstuff info] 0.667229
2022-01-13 00:37:49.781386 [hotstuff info] 0.667229
2022-01-13 00:37:49.781392 [hotstuff info] 0.667230
2022-01-13 00:37:49.781399 [hotstuff info] 0.667230
2022-01-13 00:37:49.781405 [hotstuff info] 0.667229
2022-01-13 00:37:49.781412 [hotstuff info] 0.667230
2022-01-13 00:37:49.781418 [hotstuff info] 0.667230
2022-01-13 00:37:49.781425 [hotstuff info] 0.667229
2022-01-13 00:37:49.781431 [hotstuff info] 0.667230
2022-01-13 00:37:49.781438 [hotstuff info] 0.667230
2022-01-13 00:37:49.781445 [hotstuff info] 0.667231
2022-01-13 00:37:49.781452 [hotstuff info] 0.667219
2022-01-13 00:37:49.781458 [hotstuff info] 0.667220
2022-01-13 00:37:49.781465 [hotstuff info] 0.667221
2022-01-13 00:37:49.781472 [hotstuff info] 0.667220
2022-01-13 00:37:49.781482 [hotstuff info] 0.667225
2022-01-13 00:37:49.781489 [hotstuff info] 0.667226
2022-01-13 00:37:49.781496 [hotstuff info] 0.667227
2022-01-13 00:37:49.781504 [hotstuff info] 0.667227
2022-01-13 00:37:49.781510 [hotstuff info] 0.667226
2022-01-13 00:37:49.781517 [hotstuff info] 0.667226
2022-01-13 00:37:49.781523 [hotstuff info] 0.667227
2022-01-13 00:37:49.828230 [hotstuff info] 0.713925
2022-01-13 00:37:49.828259 [hotstuff info] 0.713949
2022-01-13 00:37:50.314000 [hotstuff info] 0.666973
2022-01-13 00:37:50.314034 [hotstuff info] 0.666985
2022-01-13 00:37:50.314048 [hotstuff info] 0.666987
2022-01-13 00:37:50.314058 [hotstuff info] 0.666989
2022-01-13 00:37:50.314066 [hotstuff info] 0.666990
2022-01-13 00:37:50.314074 [hotstuff info] 0.666991
2022-01-13 00:37:50.314084 [hotstuff info] 0.666994
2022-01-13 00:37:50.314092 [hotstuff info] 0.666994
2022-01-13 00:37:50.314101 [hotstuff info] 0.666996
2022-01-13 00:37:50.314109 [hotstuff info] 0.666998
2022-01-13 00:37:50.314323 [hotstuff info] 0.666978
