2022-01-13 00:37:46.855363 [net info] starting all threads...
2022-01-13 00:37:46.855475 [net warn] ignoring option name in conf file: block-size
2022-01-13 00:37:46.855483 [net warn] ignoring option name in conf file: nworker
2022-01-13 00:37:46.855487 [net warn] ignoring option name in conf file: repnworker
2022-01-13 00:37:46.855491 [net warn] ignoring option name in conf file: clinworker
2022-01-13 00:37:46.855495 [net warn] ignoring option name in conf file: repburst
2022-01-13 00:37:46.855499 [net warn] ignoring option name in conf file: cliburst
2022-01-13 00:37:46.855503 [net warn] ignoring option name in conf file: pace-maker
2022-01-13 00:37:46.855516 [net info] loaded configuration from hotstuff.conf
2022-01-13 00:37:46.855579 [hotstuff info] nfaulty = 3
2022-01-13 00:37:46.855799 [net info] created <Conn fd=11 addr=<NetAddr 18.188.17.142:20000> mode=active>
2022-01-13 00:37:46.856028 [net info] created <Conn fd=19 addr=<NetAddr 3.142.114.174:20000> mode=active>
2022-01-13 00:37:46.856052 [net info] connected to remote <Conn fd=11 addr=<NetAddr 18.188.17.142:20000> mode=active>
2022-01-13 00:37:46.856222 [net info] created <Conn fd=21 addr=<NetAddr 52.79.253.61:20000> mode=active>
2022-01-13 00:37:46.856387 [net info] created <Conn fd=23 addr=<NetAddr 3.36.103.56:20000> mode=active>
2022-01-13 00:37:46.856562 [net info] created <Conn fd=25 addr=<NetAddr 54.93.131.236:20000> mode=active>
2022-01-13 00:37:46.856575 [net info] connected to remote <Conn fd=19 addr=<NetAddr 3.142.114.174:20000> mode=active>
2022-01-13 00:37:46.856737 [net info] created <Conn fd=27 addr=<NetAddr 3.120.147.128:20000> mode=active>
2022-01-13 00:37:46.856905 [net info] created <Conn fd=29 addr=<NetAddr 54.215.140.88:20000> mode=active>
2022-01-13 00:37:46.857079 [net info] created <Conn fd=31 addr=<NetAddr 54.193.29.119:20000> mode=active>
2022-01-13 00:37:46.857265 [net info] created <Conn fd=33 addr=<NetAddr 3.112.224.96:20000> mode=active>
2022-01-13 00:37:46.857437 [net info] created <Conn fd=35 addr=<NetAddr 54.95.218.99:20000> mode=active>
2022-01-13 00:37:46.906683 [net info] connected to remote <Conn fd=29 addr=<NetAddr 54.215.140.88:20000> mode=active>
2022-01-13 00:37:46.907920 [net info] connected to remote <Conn fd=31 addr=<NetAddr 54.193.29.119:20000> mode=active>
2022-01-13 00:37:46.956367 [net info] connected to remote <Conn fd=27 addr=<NetAddr 3.120.147.128:20000> mode=active>
2022-01-13 00:37:46.956675 [net info] connected to remote <Conn fd=25 addr=<NetAddr 54.93.131.236:20000> mode=active>
2022-01-13 00:37:46.987272 [net info] connected to remote <Conn fd=33 addr=<NetAddr 3.112.224.96:20000> mode=active>
2022-01-13 00:37:46.989129 [net info] connected to remote <Conn fd=35 addr=<NetAddr 54.95.218.99:20000> mode=active>
2022-01-13 00:37:47.016645 [net info] connected to remote <Conn fd=23 addr=<NetAddr 3.36.103.56:20000> mode=active>
2022-01-13 00:37:47.016898 [net info] connected to remote <Conn fd=21 addr=<NetAddr 52.79.253.61:20000> mode=active>
2022-01-13 00:37:47.646841 [hotstuff info] 0.789362
2022-01-13 00:37:47.646874 [hotstuff info] 0.789385
2022-01-13 00:37:47.646883 [hotstuff info] 0.789386
2022-01-13 00:37:47.646915 [hotstuff info] 0.789408
2022-01-13 00:37:47.646923 [hotstuff info] 0.789407
2022-01-13 00:37:47.646932 [hotstuff info] 0.789407
2022-01-13 00:37:47.646940 [hotstuff info] 0.789407
2022-01-13 00:37:47.646946 [hotstuff info] 0.789404
2022-01-13 00:37:47.646954 [hotstuff info] 0.789402
2022-01-13 00:37:47.646962 [hotstuff info] 0.789401
2022-01-13 00:37:47.646968 [hotstuff info] 0.789399
2022-01-13 00:37:47.646974 [hotstuff info] 0.789394
2022-01-13 00:37:47.646983 [hotstuff info] 0.789393
2022-01-13 00:37:47.646989 [hotstuff info] 0.789390
2022-01-13 00:37:47.646998 [hotstuff info] 0.789391
2022-01-13 00:37:47.647004 [hotstuff info] 0.789389
2022-01-13 00:37:47.647011 [hotstuff info] 0.789387
2022-01-13 00:37:47.647019 [hotstuff info] 0.789383
2022-01-13 00:37:47.647026 [hotstuff info] 0.789382
2022-01-13 00:37:47.647032 [hotstuff info] 0.789379
2022-01-13 00:37:47.647040 [hotstuff info] 0.789378
2022-01-13 00:37:47.647046 [hotstuff info] 0.789376
2022-01-13 00:37:47.647053 [hotstuff info] 0.789373
2022-01-13 00:37:47.647059 [hotstuff info] 0.789370
2022-01-13 00:37:47.647066 [hotstuff info] 0.789368
2022-01-13 00:37:47.647073 [hotstuff info] 0.789365
2022-01-13 00:37:47.647080 [hotstuff info] 0.789363
2022-01-13 00:37:47.647086 [hotstuff info] 0.789360
2022-01-13 00:37:47.647093 [hotstuff info] 0.789358
2022-01-13 00:37:47.647100 [hotstuff info] 0.789357
2022-01-13 00:37:47.647106 [hotstuff info] 0.789355
2022-01-13 00:37:47.647112 [hotstuff info] 0.789351
2022-01-13 00:37:47.647120 [hotstuff info] 0.789348
2022-01-13 00:37:47.647145 [hotstuff info] 0.789366
2022-01-13 00:37:47.647152 [hotstuff info] 0.789363
2022-01-13 00:37:47.647158 [hotstuff info] 0.789361
2022-01-13 00:37:47.647166 [hotstuff info] 0.789359
2022-01-13 00:37:47.647171 [hotstuff info] 0.789355
2022-01-13 00:37:47.647178 [hotstuff info] 0.789351
2022-01-13 00:37:47.647184 [hotstuff info] 0.789348
2022-01-13 00:37:47.647190 [hotstuff info] 0.789346
2022-01-13 00:37:47.647196 [hotstuff info] 0.789343
2022-01-13 00:37:47.647202 [hotstuff info] 0.789340
2022-01-13 00:37:47.647209 [hotstuff info] 0.789338
2022-01-13 00:37:47.647215 [hotstuff info] 0.789336
2022-01-13 00:37:47.647221 [hotstuff info] 0.789330
2022-01-13 00:37:47.647228 [hotstuff info] 0.789327
2022-01-13 00:37:47.647234 [hotstuff info] 0.789324
2022-01-13 00:37:47.647241 [hotstuff info] 0.789323
2022-01-13 00:37:47.647247 [hotstuff info] 0.789320
2022-01-13 00:37:47.647253 [hotstuff info] 0.789317
2022-01-13 00:37:47.647259 [hotstuff info] 0.789315
2022-01-13 00:37:47.647266 [hotstuff info] 0.789310
2022-01-13 00:37:47.647272 [hotstuff info] 0.789307
2022-01-13 00:37:47.647278 [hotstuff info] 0.789306
2022-01-13 00:37:47.647284 [hotstuff info] 0.789303
2022-01-13 00:37:47.647291 [hotstuff info] 0.789300
2022-01-13 00:37:47.647297 [hotstuff info] 0.789298
2022-01-13 00:37:47.647831 [hotstuff info] 0.789822
2022-01-13 00:37:47.647848 [hotstuff info] 0.789829
2022-01-13 00:37:47.647865 [hotstuff info] 0.789837
2022-01-13 00:37:47.647871 [hotstuff info] 0.789835
2022-01-13 00:37:47.647879 [hotstuff info] 0.789833
2022-01-13 00:37:47.647887 [hotstuff info] 0.789832
2022-01-13 00:37:47.647894 [hotstuff info] 0.789831
2022-01-13 00:37:47.647914 [hotstuff info] 0.789842
2022-01-13 00:37:47.647920 [hotstuff info] 0.789837
2022-01-13 00:37:47.647927 [hotstuff info] 0.789835
2022-01-13 00:37:47.647934 [hotstuff info] 0.789832
2022-01-13 00:37:47.647939 [hotstuff info] 0.789829
2022-01-13 00:37:47.647947 [hotstuff info] 0.789827
2022-01-13 00:37:47.647953 [hotstuff info] 0.789825
2022-01-13 00:37:47.647960 [hotstuff info] 0.789823
2022-01-13 00:37:47.647966 [hotstuff info] 0.789819
2022-01-13 00:37:47.647973 [hotstuff info] 0.789817
2022-01-13 00:37:47.647980 [hotstuff info] 0.789814
2022-01-13 00:37:47.647987 [hotstuff info] 0.789812
2022-01-13 00:37:47.647993 [hotstuff info] 0.789809
2022-01-13 00:37:47.648000 [hotstuff info] 0.789808
2022-01-13 00:37:47.648007 [hotstuff info] 0.789802
2022-01-13 00:37:47.648015 [hotstuff info] 0.789801
2022-01-13 00:37:47.648021 [hotstuff info] 0.789797
2022-01-13 00:37:47.648027 [hotstuff info] 0.789795
2022-01-13 00:37:47.648034 [hotstuff info] 0.789793
2022-01-13 00:37:47.648040 [hotstuff info] 0.789791
2022-01-13 00:37:47.648046 [hotstuff info] 0.789786
2022-01-13 00:37:47.648052 [hotstuff info] 0.789782
2022-01-13 00:37:47.648057 [hotstuff info] 0.789779
2022-01-13 00:37:47.648064 [hotstuff info] 0.789777
2022-01-13 00:37:47.648071 [hotstuff info] 0.789775
2022-01-13 00:37:47.648078 [hotstuff info] 0.789774
2022-01-13 00:37:47.648085 [hotstuff info] 0.789771
2022-01-13 00:37:47.648091 [hotstuff info] 0.789766
2022-01-13 00:37:47.648096 [hotstuff info] 0.789763
2022-01-13 00:37:47.648103 [hotstuff info] 0.789761
2022-01-13 00:37:47.648110 [hotstuff info] 0.789758
2022-01-13 00:37:47.648116 [hotstuff info] 0.789756
2022-01-13 00:37:47.648122 [hotstuff info] 0.789754
2022-01-13 00:37:47.648129 [hotstuff info] 0.789751
2022-01-13 00:37:47.648135 [hotstuff info] 0.789749
2022-01-13 00:37:47.648143 [hotstuff info] 0.789745
2022-01-13 00:37:47.648149 [hotstuff info] 0.789743
2022-01-13 00:37:47.695503 [hotstuff info] 0.837087
2022-01-13 00:37:47.695528 [hotstuff info] 0.837104
2022-01-13 00:37:47.695538 [hotstuff info] 0.837106
2022-01-13 00:37:47.695544 [hotstuff info] 0.837102
2022-01-13 00:37:47.695551 [hotstuff info] 0.837101
2022-01-13 00:37:47.695560 [hotstuff info] 0.837098
2022-01-13 00:37:47.695568 [hotstuff info] 0.837096
2022-01-13 00:37:47.695575 [hotstuff info] 0.837095
2022-01-13 00:37:47.695582 [hotstuff info] 0.837093
2022-01-13 00:37:47.695587 [hotstuff info] 0.837090
2022-01-13 00:37:47.695595 [hotstuff info] 0.837089
2022-01-13 00:37:47.695940 [hotstuff info] 0.837424
2022-01-13 00:37:47.695957 [hotstuff info] 0.837430
2022-01-13 00:37:47.695966 [hotstuff info] 0.837430
2022-01-13 00:37:47.695972 [hotstuff info] 0.837428
2022-01-13 00:37:47.695978 [hotstuff info] 0.837425
2022-01-13 00:37:47.695986 [hotstuff info] 0.837424
2022-01-13 00:37:47.695992 [hotstuff info] 0.837422
2022-01-13 00:37:47.696000 [hotstuff info] 0.837420
2022-01-13 00:37:47.696008 [hotstuff info] 0.837417
2022-01-13 00:37:47.696016 [hotstuff info] 0.837416
2022-01-13 00:37:47.696022 [hotstuff info] 0.837414
2022-01-13 00:37:47.696513 [hotstuff info] 0.837895
2022-01-13 00:37:47.779269 [hotstuff info] 0.920642
2022-01-13 00:37:47.779294 [hotstuff info] 0.920658
2022-01-13 00:37:47.779304 [hotstuff info] 0.920659
2022-01-13 00:37:47.779311 [hotstuff info] 0.920656
2022-01-13 00:37:47.779328 [hotstuff info] 0.920664
2022-01-13 00:37:47.779336 [hotstuff info] 0.920663
2022-01-13 00:37:47.779342 [hotstuff info] 0.920662
2022-01-13 00:37:47.779350 [hotstuff info] 0.920661
2022-01-13 00:37:47.779356 [hotstuff info] 0.920658
2022-01-13 00:37:47.779363 [hotstuff info] 0.920655
2022-01-13 00:37:47.779370 [hotstuff info] 0.920652
2022-01-13 00:37:47.779376 [hotstuff info] 0.920649
2022-01-13 00:37:47.779382 [hotstuff info] 0.920647
2022-01-13 00:37:47.779395 [hotstuff info] 0.920651
2022-01-13 00:37:47.779402 [hotstuff info] 0.920648
2022-01-13 00:37:47.779408 [hotstuff info] 0.920645
2022-01-13 00:37:47.779415 [hotstuff info] 0.920643
2022-01-13 00:37:47.779422 [hotstuff info] 0.920637
2022-01-13 00:37:47.779429 [hotstuff info] 0.920634
2022-01-13 00:37:47.779436 [hotstuff info] 0.920633
2022-01-13 00:37:47.779442 [hotstuff info] 0.920631
2022-01-13 00:37:47.779448 [hotstuff info] 0.920628
2022-01-13 00:37:47.779455 [hotstuff info] 0.920625
2022-01-13 00:37:47.779461 [hotstuff info] 0.920622
2022-01-13 00:37:47.779467 [hotstuff info] 0.920619
2022-01-13 00:37:47.779475 [hotstuff info] 0.920617
2022-01-13 00:37:47.779481 [hotstuff info] 0.920613
2022-01-13 00:37:47.779487 [hotstuff info] 0.920611
2022-01-13 00:37:47.779493 [hotstuff info] 0.920608
2022-01-13 00:37:47.779500 [hotstuff info] 0.920606
2022-01-13 00:37:47.779506 [hotstuff info] 0.920604
2022-01-13 00:37:47.779513 [hotstuff info] 0.920600
2022-01-13 00:37:47.779520 [hotstuff info] 0.920598
2022-01-13 00:37:47.779527 [hotstuff info] 0.920596
2022-01-13 00:37:47.779533 [hotstuff info] 0.920593
2022-01-13 00:37:47.779539 [hotstuff info] 0.920590
2022-01-13 00:37:47.779545 [hotstuff info] 0.920588
2022-01-13 00:37:47.779552 [hotstuff info] 0.920585
2022-01-13 00:37:47.779559 [hotstuff info] 0.920584
2022-01-13 00:37:47.779565 [hotstuff info] 0.920579
2022-01-13 00:37:47.779571 [hotstuff info] 0.920577
2022-01-13 00:37:47.779578 [hotstuff info] 0.920575
2022-01-13 00:37:47.779588 [hotstuff info] 0.920572
2022-01-13 00:37:47.779595 [hotstuff info] 0.920570
2022-01-13 00:37:47.779604 [hotstuff info] 0.920570
2022-01-13 00:37:47.779612 [hotstuff info] 0.920570
2022-01-13 00:37:47.779618 [hotstuff info] 0.920567
2022-01-13 00:37:47.779625 [hotstuff info] 0.920564
2022-01-13 00:37:47.779632 [hotstuff info] 0.920562
2022-01-13 00:37:47.779639 [hotstuff info] 0.920560
2022-01-13 00:37:48.312566 [hotstuff info] 0.665693
2022-01-13 00:37:48.312603 [hotstuff info] 0.665720
2022-01-13 00:37:48.312614 [hotstuff info] 0.665724
2022-01-13 00:37:48.312763 [hotstuff info] 0.665841
2022-01-13 00:37:48.312780 [hotstuff info] 0.665850
2022-01-13 00:37:48.312788 [hotstuff info] 0.665849
2022-01-13 00:37:48.312794 [hotstuff info] 0.665849
2022-01-13 00:37:48.312802 [hotstuff info] 0.665849
2022-01-13 00:37:48.312810 [hotstuff info] 0.665849
2022-01-13 00:37:48.312818 [hotstuff info] 0.665851
2022-01-13 00:37:48.312825 [hotstuff info] 0.665852
2022-01-13 00:37:48.312836 [hotstuff info] 0.665853
2022-01-13 00:37:48.312845 [hotstuff info] 0.665856
2022-01-13 00:37:48.312852 [hotstuff info] 0.665855
2022-01-13 00:37:48.312859 [hotstuff info] 0.665855
2022-01-13 00:37:48.312865 [hotstuff info] 0.665855
2022-01-13 00:37:48.312872 [hotstuff info] 0.665855
2022-01-13 00:37:48.312880 [hotstuff info] 0.665855
2022-01-13 00:37:48.312886 [hotstuff info] 0.665855
2022-01-13 00:37:48.312894 [hotstuff info] 0.665855
2022-01-13 00:37:48.312900 [hotstuff info] 0.665854
2022-01-13 00:37:48.312906 [hotstuff info] 0.665855
2022-01-13 00:37:48.312912 [hotstuff info] 0.665854
2022-01-13 00:37:48.312920 [hotstuff info] 0.665856
2022-01-13 00:37:48.312927 [hotstuff info] 0.665855
2022-01-13 00:37:48.312935 [hotstuff info] 0.665857
2022-01-13 00:37:48.312942 [hotstuff info] 0.665857
2022-01-13 00:37:48.312950 [hotstuff info] 0.665859
2022-01-13 00:37:48.312957 [hotstuff info] 0.665858
2022-01-13 00:37:48.312965 [hotstuff info] 0.665859
2022-01-13 00:37:48.313326 [hotstuff info] 0.666214
2022-01-13 00:37:48.313347 [hotstuff info] 0.666228
2022-01-13 00:37:48.313357 [hotstuff info] 0.666213
2022-01-13 00:37:48.313365 [hotstuff info] 0.666214
2022-01-13 00:37:48.313373 [hotstuff info] 0.666215
2022-01-13 00:37:48.313381 [hotstuff info] 0.666216
2022-01-13 00:37:48.313388 [hotstuff info] 0.666217
2022-01-13 00:37:48.313395 [hotstuff info] 0.666218
2022-01-13 00:37:48.313401 [hotstuff info] 0.666219
2022-01-13 00:37:48.313409 [hotstuff info] 0.666220
2022-01-13 00:37:48.313416 [hotstuff info] 0.666220
2022-01-13 00:37:48.313423 [hotstuff info] 0.666221
2022-01-13 00:37:48.313429 [hotstuff info] 0.666221
2022-01-13 00:37:48.313436 [hotstuff info] 0.666222
2022-01-13 00:37:48.313445 [hotstuff info] 0.666224
2022-01-13 00:37:48.313454 [hotstuff info] 0.666227
2022-01-13 00:37:48.313462 [hotstuff info] 0.666228
2022-01-13 00:37:48.313470 [hotstuff info] 0.666230
2022-01-13 00:37:48.313476 [hotstuff info] 0.666230
2022-01-13 00:37:48.313486 [hotstuff info] 0.666234
2022-01-13 00:37:48.313493 [hotstuff info] 0.666234
2022-01-13 00:37:48.313501 [hotstuff info] 0.666236
2022-01-13 00:37:48.313507 [hotstuff info] 0.666237
2022-01-13 00:37:48.313515 [hotstuff info] 0.666237
2022-01-13 00:37:48.313522 [hotstuff info] 0.666238
2022-01-13 00:37:48.313532 [hotstuff info] 0.666242
2022-01-13 00:37:48.313539 [hotstuff info] 0.666242
2022-01-13 00:37:48.361427 [hotstuff info] 0.714124
2022-01-13 00:37:48.363276 [hotstuff info] 0.715429
2022-01-13 00:37:48.363297 [hotstuff info] 0.715433
2022-01-13 00:37:48.363307 [hotstuff info] 0.715437
2022-01-13 00:37:48.363318 [hotstuff info] 0.715441
2022-01-13 00:37:48.363327 [hotstuff info] 0.715442
2022-01-13 00:37:48.363335 [hotstuff info] 0.715442
2022-01-13 00:37:48.363342 [hotstuff info] 0.715428
2022-01-13 00:37:48.363350 [hotstuff info] 0.715430
2022-01-13 00:37:48.363356 [hotstuff info] 0.715429
2022-01-13 00:37:48.363364 [hotstuff info] 0.715431
2022-01-13 00:37:48.363370 [hotstuff info] 0.715432
2022-01-13 00:37:48.363377 [hotstuff info] 0.715430
2022-01-13 00:37:48.363384 [hotstuff info] 0.715431
2022-01-13 00:37:48.363392 [hotstuff info] 0.715432
2022-01-13 00:37:48.363397 [hotstuff info] 0.715432
2022-01-13 00:37:48.363404 [hotstuff info] 0.715432
2022-01-13 00:37:48.363411 [hotstuff info] 0.715433
2022-01-13 00:37:48.363418 [hotstuff info] 0.715432
2022-01-13 00:37:48.363424 [hotstuff info] 0.715433
2022-01-13 00:37:48.363432 [hotstuff info] 0.715432
2022-01-13 00:37:48.363437 [hotstuff info] 0.715432
2022-01-13 00:37:48.363445 [hotstuff info] 0.715431
2022-01-13 00:37:48.363452 [hotstuff info] 0.715431
2022-01-13 00:37:48.363458 [hotstuff info] 0.715432
2022-01-13 00:37:48.363477 [hotstuff info] 0.715445
2022-01-13 00:37:48.363483 [hotstuff info] 0.715444
2022-01-13 00:37:48.363489 [hotstuff info] 0.715444
2022-01-13 00:37:48.363495 [hotstuff info] 0.715445
2022-01-13 00:37:48.363502 [hotstuff info] 0.715445
2022-01-13 00:37:48.363509 [hotstuff info] 0.715445
2022-01-13 00:37:48.363515 [hotstuff info] 0.715445
2022-01-13 00:37:48.363522 [hotstuff info] 0.715445
2022-01-13 00:37:48.363529 [hotstuff info] 0.715445
2022-01-13 00:37:48.363536 [hotstuff info] 0.715446
2022-01-13 00:37:48.363541 [hotstuff info] 0.715446
2022-01-13 00:37:48.363547 [hotstuff info] 0.715445
2022-01-13 00:37:48.363553 [hotstuff info] 0.715444
2022-01-13 00:37:48.363562 [hotstuff info] 0.715447
2022-01-13 00:37:48.363569 [hotstuff info] 0.715447
2022-01-13 00:37:48.363577 [hotstuff info] 0.715449
2022-01-13 00:37:48.363584 [hotstuff info] 0.715449
2022-01-13 00:37:48.363593 [hotstuff info] 0.715451
2022-01-13 00:37:48.363600 [hotstuff info] 0.715451
2022-01-13 00:37:48.363608 [hotstuff info] 0.715454
2022-01-13 00:37:48.363616 [hotstuff info] 0.668089
2022-01-13 00:37:48.363624 [hotstuff info] 0.668086
2022-01-13 00:37:48.363630 [hotstuff info] 0.668087
2022-01-13 00:37:48.363636 [hotstuff info] 0.668085
2022-01-13 00:37:48.363643 [hotstuff info] 0.668084
2022-01-13 00:37:48.363650 [hotstuff info] 0.668083
2022-01-13 00:37:48.363658 [hotstuff info] 0.668084
2022-01-13 00:37:48.363664 [hotstuff info] 0.668084
2022-01-13 00:37:48.363672 [hotstuff info] 0.668085
2022-01-13 00:37:48.363678 [hotstuff info] 0.668084
2022-01-13 00:37:48.363685 [hotstuff info] 0.668084
2022-01-13 00:37:48.363692 [hotstuff info] 0.667736
2022-01-13 00:37:48.363700 [hotstuff info] 0.667735
2022-01-13 00:37:48.363707 [hotstuff info] 0.667735
2022-01-13 00:37:48.363714 [hotstuff info] 0.667737
2022-01-13 00:37:48.363721 [hotstuff info] 0.667736
2022-01-13 00:37:48.363727 [hotstuff info] 0.667735
2022-01-13 00:37:48.363734 [hotstuff info] 0.667735
2022-01-13 00:37:48.363740 [hotstuff info] 0.667734
2022-01-13 00:37:48.363747 [hotstuff info] 0.667733
2022-01-13 00:37:48.363754 [hotstuff info] 0.667734
2022-01-13 00:37:48.363761 [hotstuff info] 0.667733
2022-01-13 00:37:48.363767 [hotstuff info] 0.667234
2022-01-13 00:37:48.445931 [hotstuff info] 0.666638
2022-01-13 00:37:48.445955 [hotstuff info] 0.666653
2022-01-13 00:37:48.445964 [hotstuff info] 0.666654
2022-01-13 00:37:48.445984 [hotstuff info] 0.666657
2022-01-13 00:37:48.445992 [hotstuff info] 0.666657
2022-01-13 00:37:48.445998 [hotstuff info] 0.666657
2022-01-13 00:37:48.446005 [hotstuff info] 0.666655
2022-01-13 00:37:48.446012 [hotstuff info] 0.666657
2022-01-13 00:37:48.446019 [hotstuff info] 0.666658
2022-01-13 00:37:48.446025 [hotstuff info] 0.666657
2022-01-13 00:37:48.446033 [hotstuff info] 0.666658
2022-01-13 00:37:48.446039 [hotstuff info] 0.666658
2022-01-13 00:37:48.446047 [hotstuff info] 0.666658
2022-01-13 00:37:48.446053 [hotstuff info] 0.666653
2022-01-13 00:37:48.446061 [hotstuff info] 0.666654
2022-01-13 00:37:48.446067 [hotstuff info] 0.666654
2022-01-13 00:37:48.446294 [hotstuff info] 0.666872
2022-01-13 00:37:48.446311 [hotstuff info] 0.666884
2022-01-13 00:37:48.446318 [hotstuff info] 0.666884
2022-01-13 00:37:48.446325 [hotstuff info] 0.666883
2022-01-13 00:37:48.446356 [hotstuff info] 0.666908
2022-01-13 00:37:48.446365 [hotstuff info] 0.666911
2022-01-13 00:37:48.446372 [hotstuff info] 0.666913
2022-01-13 00:37:48.446379 [hotstuff info] 0.666913
2022-01-13 00:37:48.446386 [hotstuff info] 0.666912
2022-01-13 00:37:48.446393 [hotstuff info] 0.666913
2022-01-13 00:37:48.446399 [hotstuff info] 0.666914
2022-01-13 00:37:48.446405 [hotstuff info] 0.666913
2022-01-13 00:37:48.446413 [hotstuff info] 0.666914
2022-01-13 00:37:48.446419 [hotstuff info] 0.666914
2022-01-13 00:37:48.446426 [hotstuff info] 0.666914
2022-01-13 00:37:48.446432 [hotstuff info] 0.666913
2022-01-13 00:37:48.446440 [hotstuff info] 0.666914
2022-01-13 00:37:48.446446 [hotstuff info] 0.666915
2022-01-13 00:37:48.446455 [hotstuff info] 0.666917
2022-01-13 00:37:48.446462 [hotstuff info] 0.666917
2022-01-13 00:37:48.446468 [hotstuff info] 0.666917
2022-01-13 00:37:48.446475 [hotstuff info] 0.666917
2022-01-13 00:37:48.446482 [hotstuff info] 0.666918
2022-01-13 00:37:48.446488 [hotstuff info] 0.666917
2022-01-13 00:37:48.446496 [hotstuff info] 0.666920
2022-01-13 00:37:48.446502 [hotstuff info] 0.666916
2022-01-13 00:37:48.446509 [hotstuff info] 0.666915
2022-01-13 00:37:48.446516 [hotstuff info] 0.666914
2022-01-13 00:37:48.446523 [hotstuff info] 0.666911
2022-01-13 00:37:48.446529 [hotstuff info] 0.666911
2022-01-13 00:37:48.446536 [hotstuff info] 0.666912
2022-01-13 00:37:48.446542 [hotstuff info] 0.666911
2022-01-13 00:37:48.446549 [hotstuff info] 0.666911
2022-01-13 00:37:48.446555 [hotstuff info] 0.666911
2022-01-13 00:37:48.979231 [hotstuff info] 0.666629
2022-01-13 00:37:48.979271 [hotstuff info] 0.666658
2022-01-13 00:37:48.979308 [hotstuff info] 0.666689
2022-01-13 00:37:48.979325 [hotstuff info] 0.666545
2022-01-13 00:37:48.979451 [hotstuff info] 0.666664
2022-01-13 00:37:48.979470 [hotstuff info] 0.666676
2022-01-13 00:37:48.979481 [hotstuff info] 0.666680
2022-01-13 00:37:48.979492 [hotstuff info] 0.666683
2022-01-13 00:37:48.979504 [hotstuff info] 0.666687
2022-01-13 00:37:48.979514 [hotstuff info] 0.666689
2022-01-13 00:37:48.979525 [hotstuff info] 0.666692
2022-01-13 00:37:48.979537 [hotstuff info] 0.666693
2022-01-13 00:37:48.979549 [hotstuff info] 0.666698
2022-01-13 00:37:48.979559 [hotstuff info] 0.666702
2022-01-13 00:37:48.979573 [hotstuff info] 0.666708
2022-01-13 00:37:48.979583 [hotstuff info] 0.666712
2022-01-13 00:37:48.979595 [hotstuff info] 0.666715
2022-01-13 00:37:48.979605 [hotstuff info] 0.666719
2022-01-13 00:37:48.979616 [hotstuff info] 0.666723
2022-01-13 00:37:48.979627 [hotstuff info] 0.666728
2022-01-13 00:37:48.979638 [hotstuff info] 0.666732
2022-01-13 00:37:48.979649 [hotstuff info] 0.666737
2022-01-13 00:37:48.979661 [hotstuff info] 0.666741
2022-01-13 00:37:48.979671 [hotstuff info] 0.666746
2022-01-13 00:37:48.979683 [hotstuff info] 0.666749
2022-01-13 00:37:48.979695 [hotstuff info] 0.666754
2022-01-13 00:37:48.979707 [hotstuff info] 0.666759
2022-01-13 00:37:48.979718 [hotstuff info] 0.666762
2022-01-13 00:37:48.979730 [hotstuff info] 0.666767
2022-01-13 00:37:48.979741 [hotstuff info] 0.666771
2022-01-13 00:37:48.979752 [hotstuff info] 0.666406
2022-01-13 00:37:48.979763 [hotstuff info] 0.666407
2022-01-13 00:37:48.979774 [hotstuff info] 0.666409
2022-01-13 00:37:48.979786 [hotstuff info] 0.666415
2022-01-13 00:37:48.979797 [hotstuff info] 0.666418
2022-01-13 00:37:48.979809 [hotstuff info] 0.666422
2022-01-13 00:37:48.979821 [hotstuff info] 0.666426
2022-01-13 00:37:48.979832 [hotstuff info] 0.666431
2022-01-13 00:37:48.979845 [hotstuff info] 0.666437
2022-01-13 00:37:48.979872 [hotstuff info] 0.666457
2022-01-13 00:37:48.979882 [hotstuff info] 0.666460
2022-01-13 00:37:48.979893 [hotstuff info] 0.666465
2022-01-13 00:37:48.979906 [hotstuff info] 0.666470
2022-01-13 00:37:48.979916 [hotstuff info] 0.666473
2022-01-13 00:37:48.979928 [hotstuff info] 0.666475
2022-01-13 00:37:48.979940 [hotstuff info] 0.666478
2022-01-13 00:37:48.979950 [hotstuff info] 0.666481
2022-01-13 00:37:48.979961 [hotstuff info] 0.666487
2022-01-13 00:37:48.979973 [hotstuff info] 0.666488
2022-01-13 00:37:48.979986 [hotstuff info] 0.666494
2022-01-13 00:37:48.979998 [hotstuff info] 0.666498
2022-01-13 00:37:48.980009 [hotstuff info] 0.666502
2022-01-13 00:37:48.980021 [hotstuff info] 0.666507
2022-01-13 00:37:48.980033 [hotstuff info] 0.666512
2022-01-13 00:37:48.980045 [hotstuff info] 0.666515
2022-01-13 00:37:48.980056 [hotstuff info] 0.666518
2022-01-13 00:37:48.980069 [hotstuff info] 0.666525
2022-01-13 00:37:49.028038 [hotstuff info] 0.666584
2022-01-13 00:37:49.028230 [hotstuff info] 0.664934
2022-01-13 00:37:49.028930 [hotstuff info] 0.665624
2022-01-13 00:37:49.028948 [hotstuff info] 0.665630
2022-01-13 00:37:49.029900 [hotstuff info] 0.666573
2022-01-13 00:37:49.029921 [hotstuff info] 0.666586
2022-01-13 00:37:49.029930 [hotstuff info] 0.666589
2022-01-13 00:37:49.029940 [hotstuff info] 0.666591
2022-01-13 00:37:49.029950 [hotstuff info] 0.666595
2022-01-13 00:37:49.029959 [hotstuff info] 0.666596
2022-01-13 00:37:49.029965 [hotstuff info] 0.666596
2022-01-13 00:37:49.029972 [hotstuff info] 0.666597
2022-01-13 00:37:49.029979 [hotstuff info] 0.666597
2022-01-13 00:37:49.029985 [hotstuff info] 0.666595
2022-01-13 00:37:49.029992 [hotstuff info] 0.666595
2022-01-13 00:37:49.029999 [hotstuff info] 0.666595
2022-01-13 00:37:49.030005 [hotstuff info] 0.666594
2022-01-13 00:37:49.030011 [hotstuff info] 0.666595
2022-01-13 00:37:49.030018 [hotstuff info] 0.666594
2022-01-13 00:37:49.030025 [hotstuff info] 0.666594
2022-01-13 00:37:49.030032 [hotstuff info] 0.666596
2022-01-13 00:37:49.030042 [hotstuff info] 0.666597
2022-01-13 00:37:49.030050 [hotstuff info] 0.666599
2022-01-13 00:37:49.030059 [hotstuff info] 0.666601
2022-01-13 00:37:49.030065 [hotstuff info] 0.666589
2022-01-13 00:37:49.030072 [hotstuff info] 0.666589
2022-01-13 00:37:49.030078 [hotstuff info] 0.666589
2022-01-13 00:37:49.030085 [hotstuff info] 0.666590
2022-01-13 00:37:49.030091 [hotstuff info] 0.666590
2022-01-13 00:37:49.030098 [hotstuff info] 0.666590
2022-01-13 00:37:49.030104 [hotstuff info] 0.666591
2022-01-13 00:37:49.030111 [hotstuff info] 0.666589
2022-01-13 00:37:49.030120 [hotstuff info] 0.666592
2022-01-13 00:37:49.030127 [hotstuff info] 0.666592
2022-01-13 00:37:49.030133 [hotstuff info] 0.666592
2022-01-13 00:37:49.030140 [hotstuff info] 0.666593
2022-01-13 00:37:49.030148 [hotstuff info] 0.666596
2022-01-13 00:37:49.030154 [hotstuff info] 0.666594
2022-01-13 00:37:49.030160 [hotstuff info] 0.666593
2022-01-13 00:37:49.030167 [hotstuff info] 0.666591
2022-01-13 00:37:49.030174 [hotstuff info] 0.666591
2022-01-13 00:37:49.030183 [hotstuff info] 0.666591
2022-01-13 00:37:49.030189 [hotstuff info] 0.666591
2022-01-13 00:37:49.030196 [hotstuff info] 0.666589
2022-01-13 00:37:49.030203 [hotstuff info] 0.666589
2022-01-13 00:37:49.030210 [hotstuff info] 0.666587
2022-01-13 00:37:49.030217 [hotstuff info] 0.666587
2022-01-13 00:37:49.030224 [hotstuff info] 0.666588
2022-01-13 00:37:49.030231 [hotstuff info] 0.666589
2022-01-13 00:37:49.030238 [hotstuff info] 0.666589
2022-01-13 00:37:49.030245 [hotstuff info] 0.666588
2022-01-13 00:37:49.030252 [hotstuff info] 0.666588
2022-01-13 00:37:49.030258 [hotstuff info] 0.666587
2022-01-13 00:37:49.030266 [hotstuff info] 0.666588
2022-01-13 00:37:49.030272 [hotstuff info] 0.666588
2022-01-13 00:37:49.030281 [hotstuff info] 0.666589
2022-01-13 00:37:49.030288 [hotstuff info] 0.666590
2022-01-13 00:37:49.030295 [hotstuff info] 0.666589
2022-01-13 00:37:49.030301 [hotstuff info] 0.666589
2022-01-13 00:37:49.030308 [hotstuff info] 0.666588
2022-01-13 00:37:49.030314 [hotstuff info] 0.666588
2022-01-13 00:37:49.030323 [hotstuff info] 0.666590
2022-01-13 00:37:49.030330 [hotstuff info] 0.666591
2022-01-13 00:37:49.030336 [hotstuff info] 0.666590
2022-01-13 00:37:49.030343 [hotstuff info] 0.666589
2022-01-13 00:37:49.030351 [hotstuff info] 0.666591
2022-01-13 00:37:49.030359 [hotstuff info] 0.666593
2022-01-13 00:37:49.030366 [hotstuff info] 0.666592
2022-01-13 00:37:49.112569 [hotstuff info] 0.666616
2022-01-13 00:37:49.112593 [hotstuff info] 0.666630
2022-01-13 00:37:49.112604 [hotstuff info] 0.666635
2022-01-13 00:37:49.112610 [hotstuff info] 0.666620
2022-01-13 00:37:49.112616 [hotstuff info] 0.666619
2022-01-13 00:37:49.112624 [hotstuff info] 0.666619
2022-01-13 00:37:49.112629 [hotstuff info] 0.666618
2022-01-13 00:37:49.112636 [hotstuff info] 0.666617
2022-01-13 00:37:49.112643 [hotstuff info] 0.666618
2022-01-13 00:37:49.112650 [hotstuff info] 0.666618
2022-01-13 00:37:49.112657 [hotstuff info] 0.666618
2022-01-13 00:37:49.112664 [hotstuff info] 0.666618
2022-01-13 00:37:49.112669 [hotstuff info] 0.666617
2022-01-13 00:37:49.112677 [hotstuff info] 0.666617
2022-01-13 00:37:49.112683 [hotstuff info] 0.666617
2022-01-13 00:37:49.112692 [hotstuff info] 0.666618
2022-01-13 00:37:49.112699 [hotstuff info] 0.666389
2022-01-13 00:37:49.112706 [hotstuff info] 0.666389
2022-01-13 00:37:49.112712 [hotstuff info] 0.666388
2022-01-13 00:37:49.112719 [hotstuff info] 0.666387
2022-01-13 00:37:49.112962 [hotstuff info] 0.666598
2022-01-13 00:37:49.112979 [hotstuff info] 0.666608
2022-01-13 00:37:49.112988 [hotstuff info] 0.666609
2022-01-13 00:37:49.112997 [hotstuff info] 0.666612
2022-01-13 00:37:49.113002 [hotstuff info] 0.666611
2022-01-13 00:37:49.113009 [hotstuff info] 0.666611
2022-01-13 00:37:49.113016 [hotstuff info] 0.666611
2022-01-13 00:37:49.113023 [hotstuff info] 0.666611
2022-01-13 00:37:49.113030 [hotstuff info] 0.666611
2022-01-13 00:37:49.113037 [hotstuff info] 0.666613
2022-01-13 00:37:49.113043 [hotstuff info] 0.666612
2022-01-13 00:37:49.113051 [hotstuff info] 0.666612
2022-01-13 00:37:49.113058 [hotstuff info] 0.666612
2022-01-13 00:37:49.113064 [hotstuff info] 0.666611
2022-01-13 00:37:49.113071 [hotstuff info] 0.666610
2022-01-13 00:37:49.113078 [hotstuff info] 0.666610
2022-01-13 00:37:49.113084 [hotstuff info] 0.666611
2022-01-13 00:37:49.113091 [hotstuff info] 0.666611
2022-01-13 00:37:49.113115 [hotstuff info] 0.666628
2022-01-13 00:37:49.113121 [hotstuff info] 0.666625
2022-01-13 00:37:49.113127 [hotstuff info] 0.666625
2022-01-13 00:37:49.113134 [hotstuff info] 0.666625
2022-01-13 00:37:49.113140 [hotstuff info] 0.666626
2022-01-13 00:37:49.113146 [hotstuff info] 0.666625
2022-01-13 00:37:49.113152 [hotstuff info] 0.666624
2022-01-13 00:37:49.113158 [hotstuff info] 0.666624
2022-01-13 00:37:49.113166 [hotstuff info] 0.666626
2022-01-13 00:37:49.113172 [hotstuff info] 0.666625
2022-01-13 00:37:49.113180 [hotstuff info] 0.666625
2022-01-13 00:37:49.113186 [hotstuff info] 0.666622
2022-01-13 00:37:49.645469 [hotstuff info] 0.666200
2022-01-13 00:37:49.645507 [hotstuff info] 0.666222
2022-01-13 00:37:49.645520 [hotstuff info] 0.666197
2022-01-13 00:37:49.645534 [hotstuff info] 0.666197
2022-01-13 00:37:49.645545 [hotstuff info] 0.666077
2022-01-13 00:37:49.645730 [hotstuff info] 0.666250
2022-01-13 00:37:49.645748 [hotstuff info] 0.666257
2022-01-13 00:37:49.645758 [hotstuff info] 0.666256
2022-01-13 00:37:49.645768 [hotstuff info] 0.666256
2022-01-13 00:37:49.645778 [hotstuff info] 0.666254
2022-01-13 00:37:49.645789 [hotstuff info] 0.666253
2022-01-13 00:37:49.645800 [hotstuff info] 0.666253
2022-01-13 00:37:49.645809 [hotstuff info] 0.666252
2022-01-13 00:37:49.645820 [hotstuff info] 0.666248
2022-01-13 00:37:49.645830 [hotstuff info] 0.666249
2022-01-13 00:37:49.645840 [hotstuff info] 0.666246
2022-01-13 00:37:49.645851 [hotstuff info] 0.666247
2022-01-13 00:37:49.645862 [hotstuff info] 0.666248
2022-01-13 00:37:49.645873 [hotstuff info] 0.666247
2022-01-13 00:37:49.645884 [hotstuff info] 0.666247
2022-01-13 00:37:49.645894 [hotstuff info] 0.666246
2022-01-13 00:37:49.645904 [hotstuff info] 0.666244
2022-01-13 00:37:49.645914 [hotstuff info] 0.666244
2022-01-13 00:37:49.645926 [hotstuff info] 0.666244
2022-01-13 00:37:49.645936 [hotstuff info] 0.666242
2022-01-13 00:37:49.645948 [hotstuff info] 0.666242
2022-01-13 00:37:49.645959 [hotstuff info] 0.666242
2022-01-13 00:37:49.645970 [hotstuff info] 0.666241
2022-01-13 00:37:49.645980 [hotstuff info] 0.666240
2022-01-13 00:37:49.645994 [hotstuff info] 0.666243
2022-01-13 00:37:49.646004 [hotstuff info] 0.666242
2022-01-13 00:37:49.646044 [hotstuff info] 0.666271
2022-01-13 00:37:49.646054 [hotstuff info] 0.666269
2022-01-13 00:37:49.646065 [hotstuff info] 0.666270
2022-01-13 00:37:49.646076 [hotstuff info] 0.666268
2022-01-13 00:37:49.646086 [hotstuff info] 0.666266
2022-01-13 00:37:49.646096 [hotstuff info] 0.666266
2022-01-13 00:37:49.646106 [hotstuff info] 0.666262
2022-01-13 00:37:49.646116 [hotstuff info] 0.666245
2022-01-13 00:37:49.646127 [hotstuff info] 0.666246
2022-01-13 00:37:49.646137 [hotstuff info] 0.666246
2022-01-13 00:37:49.646148 [hotstuff info] 0.666243
2022-01-13 00:37:49.646158 [hotstuff info] 0.666243
2022-01-13 00:37:49.646169 [hotstuff info] 0.666243
2022-01-13 00:37:49.646180 [hotstuff info] 0.666242
2022-01-13 00:37:49.646191 [hotstuff info] 0.666242
2022-01-13 00:37:49.646202 [hotstuff info] 0.666242
2022-01-13 00:37:49.646212 [hotstuff info] 0.666241
2022-01-13 00:37:49.646223 [hotstuff info] 0.666239
2022-01-13 00:37:49.646235 [hotstuff info] 0.666238
2022-01-13 00:37:49.646245 [hotstuff info] 0.666237
2022-01-13 00:37:49.646256 [hotstuff info] 0.666236
2022-01-13 00:37:49.646266 [hotstuff info] 0.666235
2022-01-13 00:37:49.646278 [hotstuff info] 0.666234
2022-01-13 00:37:49.646288 [hotstuff info] 0.666233
2022-01-13 00:37:49.646300 [hotstuff info] 0.666232
2022-01-13 00:37:49.694290 [hotstuff info] 0.714208
2022-01-13 00:37:49.695256 [hotstuff info] 0.667195
2022-01-13 00:37:49.695277 [hotstuff info] 0.667026
2022-01-13 00:37:49.695286 [hotstuff info] 0.666340
2022-01-13 00:37:49.695295 [hotstuff info] 0.666342
2022-01-13 00:37:49.778965 [hotstuff info] 0.749045
2022-01-13 00:37:49.778994 [hotstuff info] 0.749065
2022-01-13 00:37:49.779005 [hotstuff info] 0.749065
2022-01-13 00:37:49.779014 [hotstuff info] 0.749065
2022-01-13 00:37:49.779022 [hotstuff info] 0.749064
2022-01-13 00:37:49.779029 [hotstuff info] 0.749065
2022-01-13 00:37:49.779037 [hotstuff info] 0.749065
2022-01-13 00:37:49.779043 [hotstuff info] 0.749064
2022-01-13 00:37:49.779051 [hotstuff info] 0.749067
2022-01-13 00:37:49.779058 [hotstuff info] 0.749067
2022-01-13 00:37:49.779064 [hotstuff info] 0.749067
2022-01-13 00:37:49.779071 [hotstuff info] 0.749068
2022-01-13 00:37:49.779079 [hotstuff info] 0.749068
2022-01-13 00:37:49.779084 [hotstuff info] 0.749068
2022-01-13 00:37:49.779092 [hotstuff info] 0.749068
2022-01-13 00:37:49.779101 [hotstuff info] 0.749070
2022-01-13 00:37:49.779110 [hotstuff info] 0.749070
2022-01-13 00:37:49.779122 [hotstuff info] 0.749074
2022-01-13 00:37:49.779129 [hotstuff info] 0.749072
2022-01-13 00:37:49.779135 [hotstuff info] 0.749070
2022-01-13 00:37:49.779142 [hotstuff info] 0.749072
2022-01-13 00:37:49.779527 [hotstuff info] 0.749450
2022-01-13 00:37:49.779544 [hotstuff info] 0.749460
2022-01-13 00:37:49.779551 [hotstuff info] 0.749461
2022-01-13 00:37:49.779558 [hotstuff info] 0.749461
2022-01-13 00:37:49.779564 [hotstuff info] 0.749461
2022-01-13 00:37:49.779571 [hotstuff info] 0.749462
2022-01-13 00:37:49.779578 [hotstuff info] 0.749460
2022-01-13 00:37:49.779588 [hotstuff info] 0.749463
2022-01-13 00:37:49.779600 [hotstuff info] 0.749467
2022-01-13 00:37:49.779610 [hotstuff info] 0.749471
2022-01-13 00:37:49.779617 [hotstuff info] 0.749470
2022-01-13 00:37:49.779624 [hotstuff info] 0.749470
2022-01-13 00:37:49.779633 [hotstuff info] 0.749474
2022-01-13 00:37:49.779642 [hotstuff info] 0.749476
2022-01-13 00:37:49.779654 [hotstuff info] 0.749481
2022-01-13 00:37:49.779664 [hotstuff info] 0.749483
2022-01-13 00:37:49.779673 [hotstuff info] 0.749484
2022-01-13 00:37:49.779685 [hotstuff info] 0.749490
2022-01-13 00:37:49.779695 [hotstuff info] 0.749493
2022-01-13 00:37:49.779704 [hotstuff info] 0.749494
2022-01-13 00:37:49.779716 [hotstuff info] 0.749500
2022-01-13 00:37:49.779726 [hotstuff info] 0.749503
2022-01-13 00:37:49.779736 [hotstuff info] 0.749506
2022-01-13 00:37:49.779743 [hotstuff info] 0.749506
2022-01-13 00:37:49.779749 [hotstuff info] 0.749505
2022-01-13 00:37:49.779756 [hotstuff info] 0.749505
2022-01-13 00:37:49.779762 [hotstuff info] 0.749505
2022-01-13 00:37:49.779769 [hotstuff info] 0.749504
2022-01-13 00:37:49.779776 [hotstuff info] 0.749504
2022-01-13 00:37:49.779782 [hotstuff info] 0.749502
2022-01-13 00:37:49.779789 [hotstuff info] 0.749502
2022-01-13 00:37:49.779796 [hotstuff info] 0.749501
2022-01-13 00:37:49.779802 [hotstuff info] 0.749501
2022-01-13 00:37:49.779808 [hotstuff info] 0.749500
2022-01-13 00:37:49.779814 [hotstuff info] 0.749501
2022-01-13 00:37:49.779821 [hotstuff info] 0.749500
2022-01-13 00:37:49.779828 [hotstuff info] 0.749498
2022-01-13 00:37:49.779836 [hotstuff info] 0.749500
2022-01-13 00:37:49.779843 [hotstuff info] 0.749501
2022-01-13 00:37:49.779850 [hotstuff info] 0.749500
2022-01-13 00:37:49.779868 [hotstuff info] 0.749510
2022-01-13 00:37:49.779875 [hotstuff info] 0.749509
2022-01-13 00:37:49.779881 [hotstuff info] 0.749510
2022-01-13 00:37:49.779888 [hotstuff info] 0.667296
2022-01-13 00:37:49.779895 [hotstuff info] 0.667292
2022-01-13 00:37:49.779903 [hotstuff info] 0.667293
2022-01-13 00:37:49.779912 [hotstuff info] 0.667296
2022-01-13 00:37:49.779921 [hotstuff info] 0.667298
2022-01-13 00:37:49.779928 [hotstuff info] 0.667300
2022-01-13 00:37:49.779935 [hotstuff info] 0.667300
2022-01-13 00:37:49.779942 [hotstuff info] 0.667300
2022-01-13 00:37:49.779950 [hotstuff info] 0.667301
2022-01-13 00:37:49.779956 [hotstuff info] 0.667300
2022-01-13 00:37:49.779967 [hotstuff info] 0.667304
2022-01-13 00:37:49.779976 [hotstuff info] 0.667308
2022-01-13 00:37:49.779987 [hotstuff info] 0.667311
2022-01-13 00:37:49.779994 [hotstuff info] 0.667312
2022-01-13 00:37:49.780003 [hotstuff info] 0.667312
2022-01-13 00:37:49.780013 [hotstuff info] 0.667316
2022-01-13 00:37:49.780025 [hotstuff info] 0.667320
2022-01-13 00:37:49.780035 [hotstuff info] 0.667324
2022-01-13 00:37:49.780045 [hotstuff info] 0.667327
2022-01-13 00:37:49.780057 [hotstuff info] 0.667332
2022-01-13 00:37:49.780069 [hotstuff info] 0.667091
2022-01-13 00:37:49.780079 [hotstuff info] 0.667092
2022-01-13 00:37:49.780091 [hotstuff info] 0.667095
2022-01-13 00:37:49.780101 [hotstuff info] 0.667099
2022-01-13 00:37:49.780113 [hotstuff info] 0.667104
2022-01-13 00:37:49.780125 [hotstuff info] 0.667110
2022-01-13 00:37:49.780137 [hotstuff info] 0.667115
2022-01-13 00:37:49.780147 [hotstuff info] 0.667118
2022-01-13 00:37:49.780159 [hotstuff info] 0.667122
2022-01-13 00:37:49.780169 [hotstuff info] 0.667126
2022-01-13 00:37:49.780181 [hotstuff info] 0.667131
2022-01-13 00:37:49.780191 [hotstuff info] 0.667134
2022-01-13 00:37:49.780202 [hotstuff info] 0.667139
2022-01-13 00:37:49.780213 [hotstuff info] 0.667143
2022-01-13 00:37:49.780225 [hotstuff info] 0.667148
2022-01-13 00:37:49.780235 [hotstuff info] 0.667151
2022-01-13 00:37:49.780247 [hotstuff info] 0.667156
2022-01-13 00:37:49.780258 [hotstuff info] 0.667144
2022-01-13 00:37:49.780270 [hotstuff info] 0.667151
2022-01-13 00:37:49.780282 [hotstuff info] 0.667155
2022-01-13 00:37:49.780295 [hotstuff info] 0.667162
2022-01-13 00:37:49.780312 [hotstuff info] 0.667172
2022-01-13 00:37:49.780324 [hotstuff info] 0.667178
2022-01-13 00:37:49.780336 [hotstuff info] 0.667184
2022-01-13 00:37:49.780347 [hotstuff info] 0.667190
2022-01-13 00:37:49.780358 [hotstuff info] 0.667192
2022-01-13 00:37:49.780369 [hotstuff info] 0.667197
2022-01-13 00:37:49.780379 [hotstuff info] 0.667200
2022-01-13 00:37:49.780391 [hotstuff info] 0.667205
2022-01-13 00:37:49.780402 [hotstuff info] 0.667210
2022-01-13 00:37:50.312435 [hotstuff info] 0.666929
2022-01-13 00:37:50.312473 [hotstuff info] 0.666955
2022-01-13 00:37:50.312484 [hotstuff info] 0.666954
2022-01-13 00:37:50.312676 [hotstuff info] 0.667132
2022-01-13 00:37:50.312694 [hotstuff info] 0.667136
2022-01-13 00:37:50.312700 [hotstuff info] 0.666954
2022-01-13 00:37:50.312710 [hotstuff info] 0.666953
2022-01-13 00:37:50.312718 [hotstuff info] 0.666952
2022-01-13 00:37:50.312726 [hotstuff info] 0.666949
2022-01-13 00:37:50.312732 [hotstuff info] 0.666945
2022-01-13 00:37:50.312741 [hotstuff info] 0.666942
