2022-01-13 00:37:46.798633 [net info] starting all threads...
2022-01-13 00:37:46.798746 [net warn] ignoring option name in conf file: block-size
2022-01-13 00:37:46.798755 [net warn] ignoring option name in conf file: nworker
2022-01-13 00:37:46.798760 [net warn] ignoring option name in conf file: repnworker
2022-01-13 00:37:46.798763 [net warn] ignoring option name in conf file: clinworker
2022-01-13 00:37:46.798767 [net warn] ignoring option name in conf file: repburst
2022-01-13 00:37:46.798771 [net warn] ignoring option name in conf file: cliburst
2022-01-13 00:37:46.798775 [net warn] ignoring option name in conf file: pace-maker
2022-01-13 00:37:46.798789 [net info] loaded configuration from hotstuff.conf
2022-01-13 00:37:46.798857 [hotstuff info] nfaulty = 3
2022-01-13 00:37:46.799109 [net info] created <Conn fd=11 addr=<NetAddr 18.188.17.142:20000> mode=active>
2022-01-13 00:37:46.799371 [net info] created <Conn fd=19 addr=<NetAddr 3.142.114.174:20000> mode=active>
2022-01-13 00:37:46.799625 [net info] created <Conn fd=21 addr=<NetAddr 52.79.253.61:20000> mode=active>
2022-01-13 00:37:46.799655 [net info] connected to remote <Conn fd=11 addr=<NetAddr 18.188.17.142:20000> mode=active>
2022-01-13 00:37:46.799901 [net info] created <Conn fd=23 addr=<NetAddr 3.36.103.56:20000> mode=active>
2022-01-13 00:37:46.800134 [net info] created <Conn fd=25 addr=<NetAddr 54.93.131.236:20000> mode=active>
2022-01-13 00:37:46.800369 [net info] created <Conn fd=27 addr=<NetAddr 3.120.147.128:20000> mode=active>
2022-01-13 00:37:46.800398 [net info] connected to remote <Conn fd=19 addr=<NetAddr 3.142.114.174:20000> mode=active>
2022-01-13 00:37:46.800621 [net info] created <Conn fd=29 addr=<NetAddr 54.215.140.88:20000> mode=active>
2022-01-13 00:37:46.800852 [net info] created <Conn fd=31 addr=<NetAddr 54.193.29.119:20000> mode=active>
2022-01-13 00:37:46.801098 [net info] created <Conn fd=33 addr=<NetAddr 3.112.224.96:20000> mode=active>
2022-01-13 00:37:46.801335 [net info] created <Conn fd=35 addr=<NetAddr 54.95.218.99:20000> mode=active>
2022-01-13 00:37:46.851522 [net info] connected to remote <Conn fd=29 addr=<NetAddr 54.215.140.88:20000> mode=active>
2022-01-13 00:37:46.852680 [net info] connected to remote <Conn fd=31 addr=<NetAddr 54.193.29.119:20000> mode=active>
2022-01-13 00:37:46.899738 [net info] connected to remote <Conn fd=25 addr=<NetAddr 54.93.131.236:20000> mode=active>
2022-01-13 00:37:46.900189 [net info] connected to remote <Conn fd=27 addr=<NetAddr 3.120.147.128:20000> mode=active>
2022-01-13 00:37:46.932956 [net info] connected to remote <Conn fd=33 addr=<NetAddr 3.112.224.96:20000> mode=active>
2022-01-13 00:37:46.933210 [net info] connected to remote <Conn fd=35 addr=<NetAddr 54.95.218.99:20000> mode=active>
2022-01-13 00:37:46.959813 [net info] connected to remote <Conn fd=21 addr=<NetAddr 52.79.253.61:20000> mode=active>
2022-01-13 00:37:46.959837 [net info] connected to remote <Conn fd=23 addr=<NetAddr 3.36.103.56:20000> mode=active>
2022-01-13 00:37:47.514338 [hotstuff info] 0.712946
2022-01-13 00:37:47.514377 [hotstuff info] 0.712975
2022-01-13 00:37:47.514392 [hotstuff info] 0.712980
2022-01-13 00:37:47.514403 [hotstuff info] 0.712982
2022-01-13 00:37:47.514415 [hotstuff info] 0.712984
2022-01-13 00:37:47.514431 [hotstuff info] 0.712990
2022-01-13 00:37:47.514444 [hotstuff info] 0.712993
2022-01-13 00:37:47.514455 [hotstuff info] 0.712996
2022-01-13 00:37:47.514468 [hotstuff info] 0.712998
2022-01-13 00:37:47.514481 [hotstuff info] 0.713002
2022-01-13 00:37:47.514493 [hotstuff info] 0.713008
2022-01-13 00:37:47.514505 [hotstuff info] 0.713008
2022-01-13 00:37:47.514517 [hotstuff info] 0.713015
2022-01-13 00:37:47.514527 [hotstuff info] 0.713016
2022-01-13 00:37:47.514540 [hotstuff info] 0.713020
2022-01-13 00:37:47.514551 [hotstuff info] 0.713021
2022-01-13 00:37:47.514563 [hotstuff info] 0.713023
2022-01-13 00:37:47.514575 [hotstuff info] 0.713024
2022-01-13 00:37:47.514588 [hotstuff info] 0.713028
2022-01-13 00:37:47.514598 [hotstuff info] 0.713029
2022-01-13 00:37:47.514610 [hotstuff info] 0.713031
2022-01-13 00:37:47.514622 [hotstuff info] 0.713034
2022-01-13 00:37:47.514633 [hotstuff info] 0.713038
2022-01-13 00:37:47.514643 [hotstuff info] 0.713041
2022-01-13 00:37:47.514656 [hotstuff info] 0.713046
2022-01-13 00:37:47.514666 [hotstuff info] 0.713046
2022-01-13 00:37:47.514696 [hotstuff info] 0.713066
2022-01-13 00:37:47.514709 [hotstuff info] 0.713069
2022-01-13 00:37:47.514719 [hotstuff info] 0.713069
2022-01-13 00:37:47.514730 [hotstuff info] 0.713071
2022-01-13 00:37:47.514742 [hotstuff info] 0.713073
2022-01-13 00:37:47.514754 [hotstuff info] 0.713079
2022-01-13 00:37:47.514765 [hotstuff info] 0.713080
2022-01-13 00:37:47.514809 [hotstuff info] 0.713117
2022-01-13 00:37:47.514820 [hotstuff info] 0.713119
2022-01-13 00:37:47.514830 [hotstuff info] 0.713119
2022-01-13 00:37:47.514840 [hotstuff info] 0.713123
2022-01-13 00:37:47.514851 [hotstuff info] 0.713124
2022-01-13 00:37:47.514862 [hotstuff info] 0.713125
2022-01-13 00:37:47.514872 [hotstuff info] 0.713125
2022-01-13 00:37:47.514883 [hotstuff info] 0.713126
2022-01-13 00:37:47.514895 [hotstuff info] 0.713132
2022-01-13 00:37:47.514906 [hotstuff info] 0.713134
2022-01-13 00:37:47.514917 [hotstuff info] 0.713137
2022-01-13 00:37:47.514931 [hotstuff info] 0.713140
2022-01-13 00:37:47.514943 [hotstuff info] 0.713141
2022-01-13 00:37:47.514955 [hotstuff info] 0.713147
2022-01-13 00:37:47.514967 [hotstuff info] 0.713150
2022-01-13 00:37:47.514979 [hotstuff info] 0.713155
2022-01-13 00:37:47.514990 [hotstuff info] 0.713158
2022-01-13 00:37:47.515003 [hotstuff info] 0.713161
2022-01-13 00:37:47.515013 [hotstuff info] 0.713161
2022-01-13 00:37:47.515024 [hotstuff info] 0.713162
2022-01-13 00:37:47.515035 [hotstuff info] 0.713162
2022-01-13 00:37:47.515047 [hotstuff info] 0.713166
2022-01-13 00:37:47.515058 [hotstuff info] 0.713168
2022-01-13 00:37:47.515070 [hotstuff info] 0.713169
2022-01-13 00:37:47.515081 [hotstuff info] 0.713171
2022-01-13 00:37:47.515110 [hotstuff info] 0.713190
2022-01-13 00:37:47.515121 [hotstuff info] 0.713191
2022-01-13 00:37:47.515133 [hotstuff info] 0.713193
2022-01-13 00:37:47.515144 [hotstuff info] 0.713195
2022-01-13 00:37:47.515155 [hotstuff info] 0.713196
2022-01-13 00:37:47.515167 [hotstuff info] 0.713199
2022-01-13 00:37:47.515177 [hotstuff info] 0.713200
2022-01-13 00:37:47.515193 [hotstuff info] 0.713209
2022-01-13 00:37:47.515204 [hotstuff info] 0.713209
2022-01-13 00:37:47.515215 [hotstuff info] 0.713212
2022-01-13 00:37:47.515227 [hotstuff info] 0.713214
2022-01-13 00:37:47.515238 [hotstuff info] 0.713215
2022-01-13 00:37:47.515250 [hotstuff info] 0.713218
2022-01-13 00:37:47.515260 [hotstuff info] 0.713218
2022-01-13 00:37:47.515273 [hotstuff info] 0.713222
2022-01-13 00:37:47.515285 [hotstuff info] 0.713223
2022-01-13 00:37:47.515296 [hotstuff info] 0.713225
2022-01-13 00:37:47.515308 [hotstuff info] 0.713227
2022-01-13 00:37:47.515319 [hotstuff info] 0.713229
2022-01-13 00:37:47.515331 [hotstuff info] 0.713232
2022-01-13 00:37:47.515344 [hotstuff info] 0.713235
2022-01-13 00:37:47.515356 [hotstuff info] 0.713235
2022-01-13 00:37:47.515368 [hotstuff info] 0.713238
2022-01-13 00:37:47.515378 [hotstuff info] 0.713241
2022-01-13 00:37:47.515390 [hotstuff info] 0.713244
2022-01-13 00:37:47.515403 [hotstuff info] 0.713248
2022-01-13 00:37:47.515415 [hotstuff info] 0.713250
2022-01-13 00:37:47.515427 [hotstuff info] 0.713251
2022-01-13 00:37:47.515438 [hotstuff info] 0.713254
2022-01-13 00:37:47.515450 [hotstuff info] 0.713257
2022-01-13 00:37:47.515461 [hotstuff info] 0.713258
2022-01-13 00:37:47.515472 [hotstuff info] 0.713260
2022-01-13 00:37:47.515485 [hotstuff info] 0.713266
2022-01-13 00:37:47.515496 [hotstuff info] 0.713268
2022-01-13 00:37:47.515507 [hotstuff info] 0.713268
2022-01-13 00:37:47.515517 [hotstuff info] 0.713270
2022-01-13 00:37:47.515916 [hotstuff info] 0.713661
2022-01-13 00:37:47.515935 [hotstuff info] 0.713672
2022-01-13 00:37:47.515948 [hotstuff info] 0.713674
2022-01-13 00:37:47.515954 [hotstuff info] 0.713671
2022-01-13 00:37:47.515961 [hotstuff info] 0.713673
2022-01-13 00:37:47.515969 [hotstuff info] 0.713671
2022-01-13 00:37:47.515977 [hotstuff info] 0.713668
2022-01-13 00:37:47.515985 [hotstuff info] 0.713667
2022-01-13 00:37:47.515993 [hotstuff info] 0.713668
2022-01-13 00:37:47.516002 [hotstuff info] 0.713661
2022-01-13 00:37:47.516009 [hotstuff info] 0.713659
2022-01-13 00:37:47.516017 [hotstuff info] 0.713657
2022-01-13 00:37:47.516024 [hotstuff info] 0.713654
2022-01-13 00:37:47.516030 [hotstuff info] 0.713651
2022-01-13 00:37:47.516038 [hotstuff info] 0.713649
2022-01-13 00:37:47.516045 [hotstuff info] 0.713646
2022-01-13 00:37:47.516052 [hotstuff info] 0.713643
2022-01-13 00:37:47.562136 [hotstuff info] 0.759717
2022-01-13 00:37:47.562163 [hotstuff info] 0.759736
2022-01-13 00:37:47.562172 [hotstuff info] 0.759736
2022-01-13 00:37:47.562179 [hotstuff info] 0.759732
2022-01-13 00:37:47.562187 [hotstuff info] 0.759730
2022-01-13 00:37:47.562195 [hotstuff info] 0.759730
2022-01-13 00:37:47.562203 [hotstuff info] 0.759728
2022-01-13 00:37:47.562211 [hotstuff info] 0.759727
2022-01-13 00:37:47.565122 [hotstuff info] 0.762629
2022-01-13 00:37:47.565145 [hotstuff info] 0.762643
2022-01-13 00:37:47.565154 [hotstuff info] 0.762642
2022-01-13 00:37:47.565164 [hotstuff info] 0.762643
2022-01-13 00:37:47.565174 [hotstuff info] 0.762644
2022-01-13 00:37:47.566064 [hotstuff info] 0.763523
2022-01-13 00:37:47.566082 [hotstuff info] 0.763533
2022-01-13 00:37:47.566092 [hotstuff info] 0.763533
2022-01-13 00:37:47.566101 [hotstuff info] 0.763533
2022-01-13 00:37:47.566110 [hotstuff info] 0.763532
2022-01-13 00:37:47.566142 [hotstuff info] 0.763554
2022-01-13 00:37:47.566153 [hotstuff info] 0.763556
2022-01-13 00:37:47.566163 [hotstuff info] 0.763558
2022-01-13 00:37:47.566176 [hotstuff info] 0.763561
2022-01-13 00:37:47.566186 [hotstuff info] 0.763562
2022-01-13 00:37:47.566198 [hotstuff info] 0.763565
2022-01-13 00:37:47.566210 [hotstuff info] 0.763566
2022-01-13 00:37:47.566222 [hotstuff info] 0.763568
2022-01-13 00:37:47.566233 [hotstuff info] 0.763570
2022-01-13 00:37:47.566246 [hotstuff info] 0.763574
2022-01-13 00:37:47.566257 [hotstuff info] 0.763576
2022-01-13 00:37:47.566268 [hotstuff info] 0.763579
2022-01-13 00:37:47.566279 [hotstuff info] 0.763580
2022-01-13 00:37:47.566292 [hotstuff info] 0.763580
2022-01-13 00:37:47.566303 [hotstuff info] 0.763583
2022-01-13 00:37:47.566314 [hotstuff info] 0.763584
2022-01-13 00:37:47.566325 [hotstuff info] 0.763586
2022-01-13 00:37:47.566335 [hotstuff info] 0.763588
2022-01-13 00:37:47.566346 [hotstuff info] 0.763589
2022-01-13 00:37:47.566356 [hotstuff info] 0.763590
2022-01-13 00:37:47.566366 [hotstuff info] 0.763588
2022-01-13 00:37:47.566377 [hotstuff info] 0.763590
2022-01-13 00:37:47.566388 [hotstuff info] 0.763592
2022-01-13 00:37:47.566397 [hotstuff info] 0.763593
2022-01-13 00:37:47.566408 [hotstuff info] 0.763594
2022-01-13 00:37:47.566419 [hotstuff info] 0.763596
2022-01-13 00:37:47.566428 [hotstuff info] 0.763596
2022-01-13 00:37:47.566437 [hotstuff info] 0.763593
2022-01-13 00:37:47.566446 [hotstuff info] 0.763593
2022-01-13 00:37:47.566457 [hotstuff info] 0.763595
2022-01-13 00:37:47.566466 [hotstuff info] 0.763596
2022-01-13 00:37:47.566477 [hotstuff info] 0.763597
2022-01-13 00:37:47.566489 [hotstuff info] 0.763600
2022-01-13 00:37:47.566500 [hotstuff info] 0.763602
2022-01-13 00:37:47.566511 [hotstuff info] 0.763605
2022-01-13 00:37:47.566522 [hotstuff info] 0.763606
2022-01-13 00:37:47.566533 [hotstuff info] 0.763607
2022-01-13 00:37:47.566545 [hotstuff info] 0.763611
2022-01-13 00:37:47.566556 [hotstuff info] 0.763607
2022-01-13 00:37:47.566567 [hotstuff info] 0.763609
2022-01-13 00:37:47.566578 [hotstuff info] 0.763611
2022-01-13 00:37:47.566590 [hotstuff info] 0.763614
2022-01-13 00:37:47.566601 [hotstuff info] 0.763616
2022-01-13 00:37:47.566612 [hotstuff info] 0.763618
2022-01-13 00:37:47.566622 [hotstuff info] 0.763619
2022-01-13 00:37:47.566633 [hotstuff info] 0.763621
2022-01-13 00:37:48.047535 [hotstuff info] 0.533159
2022-01-13 00:37:48.047577 [hotstuff info] 0.533186
2022-01-13 00:37:48.047590 [hotstuff info] 0.533189
2022-01-13 00:37:48.047742 [hotstuff info] 0.533328
2022-01-13 00:37:48.047765 [hotstuff info] 0.533336
2022-01-13 00:37:48.047776 [hotstuff info] 0.533334
2022-01-13 00:37:48.047787 [hotstuff info] 0.533333
2022-01-13 00:37:48.047799 [hotstuff info] 0.533332
2022-01-13 00:37:48.047811 [hotstuff info] 0.533331
2022-01-13 00:37:48.047823 [hotstuff info] 0.533331
2022-01-13 00:37:48.047889 [hotstuff info] 0.533385
2022-01-13 00:37:48.047905 [hotstuff info] 0.533389
2022-01-13 00:37:48.047917 [hotstuff info] 0.533391
2022-01-13 00:37:48.047929 [hotstuff info] 0.533389
2022-01-13 00:37:48.047941 [hotstuff info] 0.533391
2022-01-13 00:37:48.047952 [hotstuff info] 0.533391
2022-01-13 00:37:48.047963 [hotstuff info] 0.533389
2022-01-13 00:37:48.047975 [hotstuff info] 0.533388
2022-01-13 00:37:48.047986 [hotstuff info] 0.533389
2022-01-13 00:37:48.047999 [hotstuff info] 0.533390
2022-01-13 00:37:48.048010 [hotstuff info] 0.533389
2022-01-13 00:37:48.048217 [hotstuff info] 0.533586
2022-01-13 00:37:48.048244 [hotstuff info] 0.533602
2022-01-13 00:37:48.048257 [hotstuff info] 0.533603
2022-01-13 00:37:48.048269 [hotstuff info] 0.533605
2022-01-13 00:37:48.048284 [hotstuff info] 0.533607
2022-01-13 00:37:48.048297 [hotstuff info] 0.533589
2022-01-13 00:37:48.048308 [hotstuff info] 0.533590
2022-01-13 00:37:48.048317 [hotstuff info] 0.533588
2022-01-13 00:37:48.048329 [hotstuff info] 0.533588
2022-01-13 00:37:48.048341 [hotstuff info] 0.533589
2022-01-13 00:37:48.048354 [hotstuff info] 0.533591
2022-01-13 00:37:48.048367 [hotstuff info] 0.533559
2022-01-13 00:37:48.048378 [hotstuff info] 0.533559
2022-01-13 00:37:48.048390 [hotstuff info] 0.533561
2022-01-13 00:37:48.048404 [hotstuff info] 0.533565
2022-01-13 00:37:48.048413 [hotstuff info] 0.533563
2022-01-13 00:37:48.048425 [hotstuff info] 0.533564
2022-01-13 00:37:48.048436 [hotstuff info] 0.533565
2022-01-13 00:37:48.048449 [hotstuff info] 0.533567
2022-01-13 00:37:48.048460 [hotstuff info] 0.533566
2022-01-13 00:37:48.048472 [hotstuff info] 0.533567
2022-01-13 00:37:48.048482 [hotstuff info] 0.533565
2022-01-13 00:37:48.048494 [hotstuff info] 0.533564
2022-01-13 00:37:48.048506 [hotstuff info] 0.533564
2022-01-13 00:37:48.048517 [hotstuff info] 0.533563
2022-01-13 00:37:48.048527 [hotstuff info] 0.533561
2022-01-13 00:37:48.048538 [hotstuff info] 0.533560
2022-01-13 00:37:48.048549 [hotstuff info] 0.533560
2022-01-13 00:37:48.048562 [hotstuff info] 0.533560
2022-01-13 00:37:48.048573 [hotstuff info] 0.533562
2022-01-13 00:37:48.048584 [hotstuff info] 0.533562
2022-01-13 00:37:48.048596 [hotstuff info] 0.533563
2022-01-13 00:37:48.048823 [hotstuff info] 0.533777
2022-01-13 00:37:48.048848 [hotstuff info] 0.533791
2022-01-13 00:37:48.048864 [hotstuff info] 0.533795
2022-01-13 00:37:48.098412 [hotstuff info] 0.583331
2022-01-13 00:37:48.098441 [hotstuff info] 0.583349
2022-01-13 00:37:48.098451 [hotstuff info] 0.583331
2022-01-13 00:37:48.098461 [hotstuff info] 0.583330
2022-01-13 00:37:48.098471 [hotstuff info] 0.583328
2022-01-13 00:37:48.098481 [hotstuff info] 0.583327
2022-01-13 00:37:48.098492 [hotstuff info] 0.583326
2022-01-13 00:37:48.098503 [hotstuff info] 0.583327
2022-01-13 00:37:48.098515 [hotstuff info] 0.583323
2022-01-13 00:37:48.098526 [hotstuff info] 0.583323
2022-01-13 00:37:48.098537 [hotstuff info] 0.583323
2022-01-13 00:37:48.098547 [hotstuff info] 0.583321
2022-01-13 00:37:48.098559 [hotstuff info] 0.583322
2022-01-13 00:37:48.098569 [hotstuff info] 0.583321
2022-01-13 00:37:48.098580 [hotstuff info] 0.583321
2022-01-13 00:37:48.098591 [hotstuff info] 0.583320
2022-01-13 00:37:48.098601 [hotstuff info] 0.583318
2022-01-13 00:37:48.098610 [hotstuff info] 0.583316
2022-01-13 00:37:48.098619 [hotstuff info] 0.583314
2022-01-13 00:37:48.098629 [hotstuff info] 0.583311
2022-01-13 00:37:48.098639 [hotstuff info] 0.583310
2022-01-13 00:37:48.099451 [hotstuff info] 0.584108
2022-01-13 00:37:48.099468 [hotstuff info] 0.584114
2022-01-13 00:37:48.099480 [hotstuff info] 0.584114
2022-01-13 00:37:48.099489 [hotstuff info] 0.584113
2022-01-13 00:37:48.099496 [hotstuff info] 0.584107
2022-01-13 00:37:48.099523 [hotstuff info] 0.584121
2022-01-13 00:37:48.099529 [hotstuff info] 0.584116
2022-01-13 00:37:48.099536 [hotstuff info] 0.584110
2022-01-13 00:37:48.099544 [hotstuff info] 0.584108
2022-01-13 00:37:48.099551 [hotstuff info] 0.584102
2022-01-13 00:37:48.099558 [hotstuff info] 0.584098
2022-01-13 00:37:48.099565 [hotstuff info] 0.584095
2022-01-13 00:37:48.099573 [hotstuff info] 0.584089
2022-01-13 00:37:48.099580 [hotstuff info] 0.584085
2022-01-13 00:37:48.099587 [hotstuff info] 0.584081
2022-01-13 00:37:48.099593 [hotstuff info] 0.584078
2022-01-13 00:37:48.099790 [hotstuff info] 0.584262
2022-01-13 00:37:48.099808 [hotstuff info] 0.583875
2022-01-13 00:37:48.099818 [hotstuff info] 0.583872
2022-01-13 00:37:48.099824 [hotstuff info] 0.583872
2022-01-13 00:37:48.099833 [hotstuff info] 0.583872
2022-01-13 00:37:48.099840 [hotstuff info] 0.583872
2022-01-13 00:37:48.099847 [hotstuff info] 0.583871
2022-01-13 00:37:48.099865 [hotstuff info] 0.583870
2022-01-13 00:37:48.099874 [hotstuff info] 0.583882
2022-01-13 00:37:48.099880 [hotstuff info] 0.583879
2022-01-13 00:37:48.099888 [hotstuff info] 0.583879
2022-01-13 00:37:48.099894 [hotstuff info] 0.583879
2022-01-13 00:37:48.099901 [hotstuff info] 0.583878
2022-01-13 00:37:48.099907 [hotstuff info] 0.583877
2022-01-13 00:37:48.099915 [hotstuff info] 0.583878
2022-01-13 00:37:48.099922 [hotstuff info] 0.583879
2022-01-13 00:37:48.099929 [hotstuff info] 0.583879
2022-01-13 00:37:48.099936 [hotstuff info] 0.583878
2022-01-13 00:37:48.180796 [hotstuff info] 0.618634
2022-01-13 00:37:48.180825 [hotstuff info] 0.618654
2022-01-13 00:37:48.180838 [hotstuff info] 0.618660
2022-01-13 00:37:48.180855 [hotstuff info] 0.618670
2022-01-13 00:37:48.180866 [hotstuff info] 0.618671
2022-01-13 00:37:48.180873 [hotstuff info] 0.618672
2022-01-13 00:37:48.180881 [hotstuff info] 0.618671
2022-01-13 00:37:48.180889 [hotstuff info] 0.618672
2022-01-13 00:37:48.181107 [hotstuff info] 0.615963
2022-01-13 00:37:48.181125 [hotstuff info] 0.615972
2022-01-13 00:37:48.181134 [hotstuff info] 0.615970
2022-01-13 00:37:48.181141 [hotstuff info] 0.615968
2022-01-13 00:37:48.181149 [hotstuff info] 0.615965
2022-01-13 00:37:48.181157 [hotstuff info] 0.615076
2022-01-13 00:37:48.181164 [hotstuff info] 0.615074
2022-01-13 00:37:48.181171 [hotstuff info] 0.615072
2022-01-13 00:37:48.181178 [hotstuff info] 0.615069
2022-01-13 00:37:48.181184 [hotstuff info] 0.615044
2022-01-13 00:37:48.181192 [hotstuff info] 0.615041
2022-01-13 00:37:48.181199 [hotstuff info] 0.615037
2022-01-13 00:37:48.181207 [hotstuff info] 0.615034
2022-01-13 00:37:48.181214 [hotstuff info] 0.615030
2022-01-13 00:37:48.181221 [hotstuff info] 0.615025
2022-01-13 00:37:48.181229 [hotstuff info] 0.615020
2022-01-13 00:37:48.181236 [hotstuff info] 0.615016
2022-01-13 00:37:48.181245 [hotstuff info] 0.615013
2022-01-13 00:37:48.181254 [hotstuff info] 0.615009
2022-01-13 00:37:48.181262 [hotstuff info] 0.615007
2022-01-13 00:37:48.181269 [hotstuff info] 0.615002
2022-01-13 00:37:48.181278 [hotstuff info] 0.615000
2022-01-13 00:37:48.181287 [hotstuff info] 0.614996
2022-01-13 00:37:48.181295 [hotstuff info] 0.614994
2022-01-13 00:37:48.181302 [hotstuff info] 0.614990
2022-01-13 00:37:48.181309 [hotstuff info] 0.614986
2022-01-13 00:37:48.181318 [hotstuff info] 0.614984
2022-01-13 00:37:48.181325 [hotstuff info] 0.614981
2022-01-13 00:37:48.181332 [hotstuff info] 0.614978
2022-01-13 00:37:48.181339 [hotstuff info] 0.614974
2022-01-13 00:37:48.181349 [hotstuff info] 0.614974
2022-01-13 00:37:48.181356 [hotstuff info] 0.614969
2022-01-13 00:37:48.181363 [hotstuff info] 0.614968
2022-01-13 00:37:48.181370 [hotstuff info] 0.614963
2022-01-13 00:37:48.181381 [hotstuff info] 0.614964
2022-01-13 00:37:48.181389 [hotstuff info] 0.614963
2022-01-13 00:37:48.181420 [hotstuff info] 0.614984
2022-01-13 00:37:48.181426 [hotstuff info] 0.614982
2022-01-13 00:37:48.181434 [hotstuff info] 0.614979
2022-01-13 00:37:48.181440 [hotstuff info] 0.614975
2022-01-13 00:37:48.181448 [hotstuff info] 0.614972
2022-01-13 00:37:48.181454 [hotstuff info] 0.614967
2022-01-13 00:37:48.181462 [hotstuff info] 0.614963
2022-01-13 00:37:48.181471 [hotstuff info] 0.614961
2022-01-13 00:37:48.181480 [hotstuff info] 0.614959
2022-01-13 00:37:48.181486 [hotstuff info] 0.614955
2022-01-13 00:37:48.181493 [hotstuff info] 0.614950
2022-01-13 00:37:48.181499 [hotstuff info] 0.614944
2022-01-13 00:37:48.181506 [hotstuff info] 0.614940
2022-01-13 00:37:48.181513 [hotstuff info] 0.614936
2022-01-13 00:37:48.181520 [hotstuff info] 0.614931
2022-01-13 00:37:48.181526 [hotstuff info] 0.614927
2022-01-13 00:37:48.181534 [hotstuff info] 0.614923
2022-01-13 00:37:48.181540 [hotstuff info] 0.614919
2022-01-13 00:37:48.181546 [hotstuff info] 0.614915
2022-01-13 00:37:48.181553 [hotstuff info] 0.614909
2022-01-13 00:37:48.714134 [hotstuff info] 0.666561
2022-01-13 00:37:48.714171 [hotstuff info] 0.666582
2022-01-13 00:37:48.714181 [hotstuff info] 0.666580
2022-01-13 00:37:48.714315 [hotstuff info] 0.666550
2022-01-13 00:37:48.714336 [hotstuff info] 0.666562
2022-01-13 00:37:48.714346 [hotstuff info] 0.666560
2022-01-13 00:37:48.714352 [hotstuff info] 0.666555
2022-01-13 00:37:48.714360 [hotstuff info] 0.666550
2022-01-13 00:37:48.714367 [hotstuff info] 0.666546
2022-01-13 00:37:48.714374 [hotstuff info] 0.666542
2022-01-13 00:37:48.714384 [hotstuff info] 0.666480
2022-01-13 00:37:48.714587 [hotstuff info] 0.666672
2022-01-13 00:37:48.714606 [hotstuff info] 0.666678
2022-01-13 00:37:48.714614 [hotstuff info] 0.666675
2022-01-13 00:37:48.714622 [hotstuff info] 0.666672
2022-01-13 00:37:48.714629 [hotstuff info] 0.666667
2022-01-13 00:37:48.714637 [hotstuff info] 0.666663
2022-01-13 00:37:48.714646 [hotstuff info] 0.666662
2022-01-13 00:37:48.714655 [hotstuff info] 0.666657
2022-01-13 00:37:48.714661 [hotstuff info] 0.666652
2022-01-13 00:37:48.714669 [hotstuff info] 0.666648
2022-01-13 00:37:48.714676 [hotstuff info] 0.666434
2022-01-13 00:37:48.714683 [hotstuff info] 0.666428
2022-01-13 00:37:48.714691 [hotstuff info] 0.666423
2022-01-13 00:37:48.762163 [hotstuff info] 0.713880
2022-01-13 00:37:48.762189 [hotstuff info] 0.713894
2022-01-13 00:37:48.762199 [hotstuff info] 0.713893
2022-01-13 00:37:48.762205 [hotstuff info] 0.713889
2022-01-13 00:37:48.762215 [hotstuff info] 0.713887
2022-01-13 00:37:48.762223 [hotstuff info] 0.713883
2022-01-13 00:37:48.762230 [hotstuff info] 0.713878
2022-01-13 00:37:48.762238 [hotstuff info] 0.713872
2022-01-13 00:37:48.762245 [hotstuff info] 0.713869
2022-01-13 00:37:48.762251 [hotstuff info] 0.713863
2022-01-13 00:37:48.762490 [hotstuff info] 0.714089
2022-01-13 00:37:48.764958 [hotstuff info] 0.716547
2022-01-13 00:37:48.764981 [hotstuff info] 0.716558
2022-01-13 00:37:48.764991 [hotstuff info] 0.716557
2022-01-13 00:37:48.765001 [hotstuff info] 0.716553
2022-01-13 00:37:48.765008 [hotstuff info] 0.716549
2022-01-13 00:37:48.765016 [hotstuff info] 0.716545
2022-01-13 00:37:48.765026 [hotstuff info] 0.716546
2022-01-13 00:37:48.765034 [hotstuff info] 0.716541
2022-01-13 00:37:48.765041 [hotstuff info] 0.716537
2022-01-13 00:37:48.765051 [hotstuff info] 0.716535
2022-01-13 00:37:48.765057 [hotstuff info] 0.716531
2022-01-13 00:37:48.765066 [hotstuff info] 0.716529
2022-01-13 00:37:48.765076 [hotstuff info] 0.716528
2022-01-13 00:37:48.765085 [hotstuff info] 0.716524
2022-01-13 00:37:48.765093 [hotstuff info] 0.716521
2022-01-13 00:37:48.765100 [hotstuff info] 0.716517
2022-01-13 00:37:48.765107 [hotstuff info] 0.716513
2022-01-13 00:37:48.765117 [hotstuff info] 0.716512
2022-01-13 00:37:48.765124 [hotstuff info] 0.716277
2022-01-13 00:37:48.846791 [hotstuff info] 0.797929
2022-01-13 00:37:48.846821 [hotstuff info] 0.797945
2022-01-13 00:37:48.847021 [hotstuff info] 0.748581
2022-01-13 00:37:48.847039 [hotstuff info] 0.748589
2022-01-13 00:37:48.847049 [hotstuff info] 0.748589
2022-01-13 00:37:48.847056 [hotstuff info] 0.748586
2022-01-13 00:37:48.847065 [hotstuff info] 0.748585
2022-01-13 00:37:48.847072 [hotstuff info] 0.748581
2022-01-13 00:37:48.847080 [hotstuff info] 0.748578
2022-01-13 00:37:48.847087 [hotstuff info] 0.748574
2022-01-13 00:37:48.847095 [hotstuff info] 0.748570
2022-01-13 00:37:48.847101 [hotstuff info] 0.748567
2022-01-13 00:37:48.847107 [hotstuff info] 0.748562
2022-01-13 00:37:48.847114 [hotstuff info] 0.748557
2022-01-13 00:37:48.847121 [hotstuff info] 0.748553
2022-01-13 00:37:48.847127 [hotstuff info] 0.748548
2022-01-13 00:37:48.847134 [hotstuff info] 0.748544
2022-01-13 00:37:48.847139 [hotstuff info] 0.748540
2022-01-13 00:37:48.847146 [hotstuff info] 0.748536
2022-01-13 00:37:48.847153 [hotstuff info] 0.748535
2022-01-13 00:37:48.847170 [hotstuff info] 0.748542
2022-01-13 00:37:48.847175 [hotstuff info] 0.748538
2022-01-13 00:37:48.847183 [hotstuff info] 0.748533
2022-01-13 00:37:48.847189 [hotstuff info] 0.747723
2022-01-13 00:37:48.847195 [hotstuff info] 0.747716
2022-01-13 00:37:48.847202 [hotstuff info] 0.747713
2022-01-13 00:37:48.847207 [hotstuff info] 0.747713
2022-01-13 00:37:48.847213 [hotstuff info] 0.747691
2022-01-13 00:37:48.847221 [hotstuff info] 0.747692
2022-01-13 00:37:48.847229 [hotstuff info] 0.747694
2022-01-13 00:37:48.847235 [hotstuff info] 0.747693
2022-01-13 00:37:48.847243 [hotstuff info] 0.747693
2022-01-13 00:37:48.847250 [hotstuff info] 0.747693
2022-01-13 00:37:48.847358 [hotstuff info] 0.747793
2022-01-13 00:37:48.847368 [hotstuff info] 0.747797
2022-01-13 00:37:48.847375 [hotstuff info] 0.747796
2022-01-13 00:37:48.847382 [hotstuff info] 0.747795
2022-01-13 00:37:48.847388 [hotstuff info] 0.747795
2022-01-13 00:37:48.847394 [hotstuff info] 0.747794
2022-01-13 00:37:48.847400 [hotstuff info] 0.747594
2022-01-13 00:37:48.847407 [hotstuff info] 0.747589
2022-01-13 00:37:48.847413 [hotstuff info] 0.747589
2022-01-13 00:37:48.847421 [hotstuff info] 0.747590
2022-01-13 00:37:48.847428 [hotstuff info] 0.747589
2022-01-13 00:37:48.847434 [hotstuff info] 0.747588
2022-01-13 00:37:48.847439 [hotstuff info] 0.747588
2022-01-13 00:37:48.847446 [hotstuff info] 0.747574
2022-01-13 00:37:48.847452 [hotstuff info] 0.747574
2022-01-13 00:37:48.847459 [hotstuff info] 0.747572
2022-01-13 00:37:48.847465 [hotstuff info] 0.747571
2022-01-13 00:37:48.847471 [hotstuff info] 0.747572
2022-01-13 00:37:48.847477 [hotstuff info] 0.747572
2022-01-13 00:37:48.847484 [hotstuff info] 0.747569
2022-01-13 00:37:48.847491 [hotstuff info] 0.747570
2022-01-13 00:37:48.847500 [hotstuff info] 0.747572
2022-01-13 00:37:48.847507 [hotstuff info] 0.747572
2022-01-13 00:37:48.847515 [hotstuff info] 0.747572
2022-01-13 00:37:48.847521 [hotstuff info] 0.666697
2022-01-13 00:37:48.847528 [hotstuff info] 0.666691
2022-01-13 00:37:48.847534 [hotstuff info] 0.666686
2022-01-13 00:37:48.847543 [hotstuff info] 0.666678
2022-01-13 00:37:48.847559 [hotstuff info] 0.666686
2022-01-13 00:37:48.847569 [hotstuff info] 0.666689
2022-01-13 00:37:48.847575 [hotstuff info] 0.666687
2022-01-13 00:37:48.847583 [hotstuff info] 0.666686
2022-01-13 00:37:48.847589 [hotstuff info] 0.666466
2022-01-13 00:37:48.847597 [hotstuff info] 0.666464
2022-01-13 00:37:48.847603 [hotstuff info] 0.666463
2022-01-13 00:37:48.847610 [hotstuff info] 0.666462
2022-01-13 00:37:48.848279 [hotstuff info] 0.667124
2022-01-13 00:37:48.848299 [hotstuff info] 0.667136
2022-01-13 00:37:48.848310 [hotstuff info] 0.667139
2022-01-13 00:37:48.848322 [hotstuff info] 0.667144
2022-01-13 00:37:48.848332 [hotstuff info] 0.667149
2022-01-13 00:37:48.848341 [hotstuff info] 0.667150
2022-01-13 00:37:48.848348 [hotstuff info] 0.667150
2022-01-13 00:37:48.848357 [hotstuff info] 0.667151
2022-01-13 00:37:48.848364 [hotstuff info] 0.667150
2022-01-13 00:37:48.848373 [hotstuff info] 0.667152
2022-01-13 00:37:48.848380 [hotstuff info] 0.667153
2022-01-13 00:37:48.848388 [hotstuff info] 0.667153
2022-01-13 00:37:48.848394 [hotstuff info] 0.667151
2022-01-13 00:37:48.848402 [hotstuff info] 0.667149
2022-01-13 00:37:48.848411 [hotstuff info] 0.667150
2022-01-13 00:37:48.848419 [hotstuff info] 0.667151
2022-01-13 00:37:48.848426 [hotstuff info] 0.667150
2022-01-13 00:37:48.848434 [hotstuff info] 0.667148
2022-01-13 00:37:48.848442 [hotstuff info] 0.667147
2022-01-13 00:37:48.895185 [hotstuff info] 0.713883
2022-01-13 00:37:48.895211 [hotstuff info] 0.713903
2022-01-13 00:37:48.895224 [hotstuff info] 0.713907
2022-01-13 00:37:48.895233 [hotstuff info] 0.713909
2022-01-13 00:37:48.895244 [hotstuff info] 0.713913
2022-01-13 00:37:48.895430 [hotstuff info] 0.714092
2022-01-13 00:37:48.895475 [hotstuff info] 0.714127
2022-01-13 00:37:48.895485 [hotstuff info] 0.714130
2022-01-13 00:37:48.895498 [hotstuff info] 0.714135
2022-01-13 00:37:48.895509 [hotstuff info] 0.714140
2022-01-13 00:37:48.895521 [hotstuff info] 0.714143
2022-01-13 00:37:48.895530 [hotstuff info] 0.714143
2022-01-13 00:37:48.895542 [hotstuff info] 0.714145
2022-01-13 00:37:48.895552 [hotstuff info] 0.714127
2022-01-13 00:37:48.895563 [hotstuff info] 0.714130
2022-01-13 00:37:48.895574 [hotstuff info] 0.714135
2022-01-13 00:37:48.895586 [hotstuff info] 0.714140
2022-01-13 00:37:48.895595 [hotstuff info] 0.714142
2022-01-13 00:37:48.895607 [hotstuff info] 0.714146
2022-01-13 00:37:48.895617 [hotstuff info] 0.714147
2022-01-13 00:37:48.895626 [hotstuff info] 0.714148
2022-01-13 00:37:48.895662 [hotstuff info] 0.714176
2022-01-13 00:37:48.895672 [hotstuff info] 0.714179
2022-01-13 00:37:48.897557 [hotstuff info] 0.716059
2022-01-13 00:37:48.897577 [hotstuff info] 0.716072
2022-01-13 00:37:48.897587 [hotstuff info] 0.716076
2022-01-13 00:37:48.897594 [hotstuff info] 0.716076
2022-01-13 00:37:48.897601 [hotstuff info] 0.716076
2022-01-13 00:37:48.897608 [hotstuff info] 0.716075
2022-01-13 00:37:48.897616 [hotstuff info] 0.716077
2022-01-13 00:37:48.897624 [hotstuff info] 0.716078
2022-01-13 00:37:48.897631 [hotstuff info] 0.716079
2022-01-13 00:37:48.897638 [hotstuff info] 0.716080
2022-01-13 00:37:49.380780 [hotstuff info] 0.666611
2022-01-13 00:37:49.380818 [hotstuff info] 0.666638
2022-01-13 00:37:49.380831 [hotstuff info] 0.666644
2022-01-13 00:37:49.380989 [hotstuff info] 0.666654
2022-01-13 00:37:49.381008 [hotstuff info] 0.666663
2022-01-13 00:37:49.381017 [hotstuff info] 0.666665
2022-01-13 00:37:49.381024 [hotstuff info] 0.666665
2022-01-13 00:37:49.381033 [hotstuff info] 0.666666
2022-01-13 00:37:49.381042 [hotstuff info] 0.666669
2022-01-13 00:37:49.381050 [hotstuff info] 0.666668
2022-01-13 00:37:49.381057 [hotstuff info] 0.666665
2022-01-13 00:37:49.381066 [hotstuff info] 0.666462
2022-01-13 00:37:49.381078 [hotstuff info] 0.666464
2022-01-13 00:37:49.381087 [hotstuff info] 0.666465
2022-01-13 00:37:49.381096 [hotstuff info] 0.666468
2022-01-13 00:37:49.381351 [hotstuff info] 0.666715
2022-01-13 00:37:49.381373 [hotstuff info] 0.666728
2022-01-13 00:37:49.381382 [hotstuff info] 0.666728
2022-01-13 00:37:49.381392 [hotstuff info] 0.666732
2022-01-13 00:37:49.381403 [hotstuff info] 0.666737
2022-01-13 00:37:49.381416 [hotstuff info] 0.666741
2022-01-13 00:37:49.381428 [hotstuff info] 0.666745
2022-01-13 00:37:49.381439 [hotstuff info] 0.666749
2022-01-13 00:37:49.381451 [hotstuff info] 0.666752
2022-01-13 00:37:49.513330 [hotstuff info] 0.751143
2022-01-13 00:37:49.513357 [hotstuff info] 0.751159
2022-01-13 00:37:49.513368 [hotstuff info] 0.751164
2022-01-13 00:37:49.513539 [hotstuff info] 0.751325
2022-01-13 00:37:49.513562 [hotstuff info] 0.751341
2022-01-13 00:37:49.513574 [hotstuff info] 0.751344
2022-01-13 00:37:49.513581 [hotstuff info] 0.751345
2022-01-13 00:37:49.513588 [hotstuff info] 0.751344
2022-01-13 00:37:49.513594 [hotstuff info] 0.751344
2022-01-13 00:37:49.513603 [hotstuff info] 0.751345
2022-01-13 00:37:49.513610 [hotstuff info] 0.751099
2022-01-13 00:37:49.513619 [hotstuff info] 0.748640
2022-01-13 00:37:49.513626 [hotstuff info] 0.748636
2022-01-13 00:37:49.513633 [hotstuff info] 0.748634
2022-01-13 00:37:49.513848 [hotstuff info] 0.748841
2022-01-13 00:37:49.513866 [hotstuff info] 0.748851
2022-01-13 00:37:49.513876 [hotstuff info] 0.748850
2022-01-13 00:37:49.513887 [hotstuff info] 0.748854
2022-01-13 00:37:49.513896 [hotstuff info] 0.748856
2022-01-13 00:37:49.513904 [hotstuff info] 0.748854
2022-01-13 00:37:49.513911 [hotstuff info] 0.748855
2022-01-13 00:37:49.513919 [hotstuff info] 0.748854
2022-01-13 00:37:49.513928 [hotstuff info] 0.748854
2022-01-13 00:37:49.513935 [hotstuff info] 0.748852
2022-01-13 00:37:49.513943 [hotstuff info] 0.748851
2022-01-13 00:37:49.513949 [hotstuff info] 0.748851
2022-01-13 00:37:49.513956 [hotstuff info] 0.748850
2022-01-13 00:37:49.513965 [hotstuff info] 0.748849
2022-01-13 00:37:49.513973 [hotstuff info] 0.748850
2022-01-13 00:37:49.513982 [hotstuff info] 0.748851
2022-01-13 00:37:49.513990 [hotstuff info] 0.667170
2022-01-13 00:37:49.513998 [hotstuff info] 0.667169
2022-01-13 00:37:49.514006 [hotstuff info] 0.666969
2022-01-13 00:37:49.514289 [hotstuff info] 0.667241
2022-01-13 00:37:49.514309 [hotstuff info] 0.667254
2022-01-13 00:37:49.514383 [hotstuff info] 0.667319
2022-01-13 00:37:49.514390 [hotstuff info] 0.667319
2022-01-13 00:37:49.514397 [hotstuff info] 0.667320
2022-01-13 00:37:49.514404 [hotstuff info] 0.667317
2022-01-13 00:37:49.514410 [hotstuff info] 0.667316
2022-01-13 00:37:49.514416 [hotstuff info] 0.667316
2022-01-13 00:37:49.514425 [hotstuff info] 0.667318
2022-01-13 00:37:49.514431 [hotstuff info] 0.667318
2022-01-13 00:37:49.514439 [hotstuff info] 0.667319
2022-01-13 00:37:49.514446 [hotstuff info] 0.667320
2022-01-13 00:37:49.514453 [hotstuff info] 0.667321
2022-01-13 00:37:49.514460 [hotstuff info] 0.667321
2022-01-13 00:37:49.514469 [hotstuff info] 0.667324
2022-01-13 00:37:49.514475 [hotstuff info] 0.667323
2022-01-13 00:37:49.514482 [hotstuff info] 0.667323
2022-01-13 00:37:49.514489 [hotstuff info] 0.667314
2022-01-13 00:37:49.514496 [hotstuff info] 0.667314
2022-01-13 00:37:49.514503 [hotstuff info] 0.667314
2022-01-13 00:37:49.514513 [hotstuff info] 0.667318
2022-01-13 00:37:49.514520 [hotstuff info] 0.667320
2022-01-13 00:37:49.514529 [hotstuff info] 0.667323
2022-01-13 00:37:49.514536 [hotstuff info] 0.667324
2022-01-13 00:37:49.514543 [hotstuff info] 0.667324
2022-01-13 00:37:49.514550 [hotstuff info] 0.667322
2022-01-13 00:37:49.514557 [hotstuff info] 0.667322
2022-01-13 00:37:49.514565 [hotstuff info] 0.667324
2022-01-13 00:37:49.514573 [hotstuff info] 0.667324
2022-01-13 00:37:49.514580 [hotstuff info] 0.667325
2022-01-13 00:37:49.514587 [hotstuff info] 0.667220
2022-01-13 00:37:49.514595 [hotstuff info] 0.667221
2022-01-13 00:37:49.514604 [hotstuff info] 0.667225
2022-01-13 00:37:49.514612 [hotstuff info] 0.667225
2022-01-13 00:37:49.514619 [hotstuff info] 0.667227
2022-01-13 00:37:49.514626 [hotstuff info] 0.667228
2022-01-13 00:37:49.514633 [hotstuff info] 0.667228
2022-01-13 00:37:49.514640 [hotstuff info] 0.667229
2022-01-13 00:37:49.514647 [hotstuff info] 0.667228
2022-01-13 00:37:49.514654 [hotstuff info] 0.667227
2022-01-13 00:37:49.514662 [hotstuff info] 0.667230
2022-01-13 00:37:49.514671 [hotstuff info] 0.667232
2022-01-13 00:37:49.514679 [hotstuff info] 0.667233
2022-01-13 00:37:49.514688 [hotstuff info] 0.667236
2022-01-13 00:37:49.514696 [hotstuff info] 0.667238
2022-01-13 00:37:49.514704 [hotstuff info] 0.667241
2022-01-13 00:37:49.514713 [hotstuff info] 0.667243
2022-01-13 00:37:49.514720 [hotstuff info] 0.667244
2022-01-13 00:37:49.514729 [hotstuff info] 0.667246
2022-01-13 00:37:49.514736 [hotstuff info] 0.667247
2022-01-13 00:37:49.514744 [hotstuff info] 0.667244
2022-01-13 00:37:49.514753 [hotstuff info] 0.667247
2022-01-13 00:37:49.514760 [hotstuff info] 0.667246
2022-01-13 00:37:49.514766 [hotstuff info] 0.667247
2022-01-13 00:37:49.514774 [hotstuff info] 0.667246
2022-01-13 00:37:49.514780 [hotstuff info] 0.667247
2022-01-13 00:37:49.514790 [hotstuff info] 0.667248
2022-01-13 00:37:49.514799 [hotstuff info] 0.667247
2022-01-13 00:37:49.514806 [hotstuff info] 0.667239
2022-01-13 00:37:49.514814 [hotstuff info] 0.667240
2022-01-13 00:37:49.514823 [hotstuff info] 0.667242
2022-01-13 00:37:49.514830 [hotstuff info] 0.667241
2022-01-13 00:37:49.514839 [hotstuff info] 0.667243
2022-01-13 00:37:49.514848 [hotstuff info] 0.667246
2022-01-13 00:37:49.514856 [hotstuff info] 0.667246
2022-01-13 00:37:49.514863 [hotstuff info] 0.667247
2022-01-13 00:37:49.514878 [hotstuff info] 0.666580
2022-01-13 00:37:49.514885 [hotstuff info] 0.666576
2022-01-13 00:37:49.514892 [hotstuff info] 0.666572
2022-01-13 00:37:49.561821 [hotstuff info] 0.713490
2022-01-13 00:37:49.561965 [hotstuff info] 0.713624
2022-01-13 00:37:49.561982 [hotstuff info] 0.713636
2022-01-13 00:37:49.561992 [hotstuff info] 0.713637
2022-01-13 00:37:49.562003 [hotstuff info] 0.713640
2022-01-13 00:37:49.562013 [hotstuff info] 0.713642
2022-01-13 00:37:49.562023 [hotstuff info] 0.713643
2022-01-13 00:37:49.562034 [hotstuff info] 0.713647
2022-01-13 00:37:49.562043 [hotstuff info] 0.713650
2022-01-13 00:37:49.562054 [hotstuff info] 0.713654
2022-01-13 00:37:49.562065 [hotstuff info] 0.713655
2022-01-13 00:37:49.562077 [hotstuff info] 0.713659
2022-01-13 00:37:49.562086 [hotstuff info] 0.713660
2022-01-13 00:37:49.562098 [hotstuff info] 0.713665
2022-01-13 00:37:49.562109 [hotstuff info] 0.713668
2022-01-13 00:37:49.562120 [hotstuff info] 0.713672
2022-01-13 00:37:49.564125 [hotstuff info] 0.668915
2022-01-13 00:37:49.564145 [hotstuff info] 0.668922
2022-01-13 00:37:49.564157 [hotstuff info] 0.668925
2022-01-13 00:37:49.564163 [hotstuff info] 0.668921
2022-01-13 00:37:49.564171 [hotstuff info] 0.668919
2022-01-13 00:37:49.564179 [hotstuff info] 0.668733
2022-01-13 00:37:49.564187 [hotstuff info] 0.668703
2022-01-13 00:37:49.564195 [hotstuff info] 0.668698
2022-01-13 00:37:49.564201 [hotstuff info] 0.668693
2022-01-13 00:37:49.564208 [hotstuff info] 0.668688
2022-01-13 00:37:49.564214 [hotstuff info] 0.668685
2022-01-13 00:37:49.564222 [hotstuff info] 0.668682
2022-01-13 00:37:49.564228 [hotstuff info] 0.668678
2022-01-13 00:37:49.646334 [hotstuff info] 0.750772
2022-01-13 00:37:49.646366 [hotstuff info] 0.750793
2022-01-13 00:37:49.646375 [hotstuff info] 0.750791
2022-01-13 00:37:49.646588 [hotstuff info] 0.750995
2022-01-13 00:37:49.646607 [hotstuff info] 0.751002
2022-01-13 00:37:49.646617 [hotstuff info] 0.751002
2022-01-13 00:37:49.646626 [hotstuff info] 0.751000
2022-01-13 00:37:49.646632 [hotstuff info] 0.750971
2022-01-13 00:37:49.646639 [hotstuff info] 0.750968
2022-01-13 00:37:49.646646 [hotstuff info] 0.750965
2022-01-13 00:37:49.646653 [hotstuff info] 0.749077
2022-01-13 00:37:49.646663 [hotstuff info] 0.749077
2022-01-13 00:37:49.646670 [hotstuff info] 0.749077
2022-01-13 00:37:49.646677 [hotstuff info] 0.749076
2022-01-13 00:37:49.646684 [hotstuff info] 0.749078
2022-01-13 00:37:49.646690 [hotstuff info] 0.749076
2022-01-13 00:37:49.646697 [hotstuff info] 0.749074
2022-01-13 00:37:49.646704 [hotstuff info] 0.749074
2022-01-13 00:37:49.646712 [hotstuff info] 0.749074
2022-01-13 00:37:49.646717 [hotstuff info] 0.749074
2022-01-13 00:37:50.047404 [hotstuff info] 0.666588
2022-01-13 00:37:50.047443 [hotstuff info] 0.666614
2022-01-13 00:37:50.047457 [hotstuff info] 0.666618
2022-01-13 00:37:50.047590 [hotstuff info] 0.666583
2022-01-13 00:37:50.047621 [hotstuff info] 0.666605
2022-01-13 00:37:50.047634 [hotstuff info] 0.666611
2022-01-13 00:37:50.047646 [hotstuff info] 0.666614
2022-01-13 00:37:50.047781 [hotstuff info] 0.666740
2022-01-13 00:37:50.047799 [hotstuff info] 0.666750
2022-01-13 00:37:50.047806 [hotstuff info] 0.666751
2022-01-13 00:37:50.047814 [hotstuff info] 0.666748
