2022-01-13 00:37:47.551041 [net info] starting all threads...
2022-01-13 00:37:47.551157 [net warn] ignoring option name in conf file: block-size
2022-01-13 00:37:47.551165 [net warn] ignoring option name in conf file: nworker
2022-01-13 00:37:47.551170 [net warn] ignoring option name in conf file: repnworker
2022-01-13 00:37:47.551174 [net warn] ignoring option name in conf file: clinworker
2022-01-13 00:37:47.551178 [net warn] ignoring option name in conf file: repburst
2022-01-13 00:37:47.551182 [net warn] ignoring option name in conf file: cliburst
2022-01-13 00:37:47.551185 [net warn] ignoring option name in conf file: pace-maker
2022-01-13 00:37:47.551200 [net info] loaded configuration from hotstuff.conf
2022-01-13 00:37:47.551265 [hotstuff info] nfaulty = 3
2022-01-13 00:37:47.551502 [net info] created <Conn fd=11 addr=<NetAddr 18.188.17.142:20000> mode=active>
2022-01-13 00:37:47.551716 [net info] created <Conn fd=19 addr=<NetAddr 3.142.114.174:20000> mode=active>
2022-01-13 00:37:47.551736 [net info] connected to remote <Conn fd=11 addr=<NetAddr 18.188.17.142:20000> mode=active>
2022-01-13 00:37:47.551914 [net info] created <Conn fd=21 addr=<NetAddr 52.79.253.61:20000> mode=active>
2022-01-13 00:37:47.552099 [net info] created <Conn fd=23 addr=<NetAddr 3.36.103.56:20000> mode=active>
2022-01-13 00:37:47.552285 [net info] created <Conn fd=25 addr=<NetAddr 54.93.131.236:20000> mode=active>
2022-01-13 00:37:47.552299 [net info] connected to remote <Conn fd=19 addr=<NetAddr 3.142.114.174:20000> mode=active>
2022-01-13 00:37:47.552476 [net info] created <Conn fd=27 addr=<NetAddr 3.120.147.128:20000> mode=active>
2022-01-13 00:37:47.552660 [net info] created <Conn fd=29 addr=<NetAddr 54.215.140.88:20000> mode=active>
2022-01-13 00:37:47.552848 [net info] created <Conn fd=31 addr=<NetAddr 54.193.29.119:20000> mode=active>
2022-01-13 00:37:47.553042 [net info] created <Conn fd=33 addr=<NetAddr 3.112.224.96:20000> mode=active>
2022-01-13 00:37:47.553231 [net info] created <Conn fd=35 addr=<NetAddr 54.95.218.99:20000> mode=active>
2022-01-13 00:37:47.603351 [net info] connected to remote <Conn fd=29 addr=<NetAddr 54.215.140.88:20000> mode=active>
2022-01-13 00:37:47.604808 [net info] connected to remote <Conn fd=31 addr=<NetAddr 54.193.29.119:20000> mode=active>
2022-01-13 00:37:47.651911 [net info] connected to remote <Conn fd=25 addr=<NetAddr 54.93.131.236:20000> mode=active>
2022-01-13 00:37:47.652253 [net info] connected to remote <Conn fd=27 addr=<NetAddr 3.120.147.128:20000> mode=active>
2022-01-13 00:37:47.684264 [net info] connected to remote <Conn fd=33 addr=<NetAddr 3.112.224.96:20000> mode=active>
2022-01-13 00:37:47.685159 [net info] connected to remote <Conn fd=35 addr=<NetAddr 54.95.218.99:20000> mode=active>
2022-01-13 00:37:47.712135 [net info] connected to remote <Conn fd=23 addr=<NetAddr 3.36.103.56:20000> mode=active>
2022-01-13 00:37:47.712359 [net info] connected to remote <Conn fd=21 addr=<NetAddr 52.79.253.61:20000> mode=active>
2022-01-13 00:37:48.047959 [hotstuff info] 0.494685
2022-01-13 00:37:48.047990 [hotstuff info] 0.494705
2022-01-13 00:37:48.180257 [hotstuff info] 0.626963
2022-01-13 00:37:48.180286 [hotstuff info] 0.626984
2022-01-13 00:37:48.180298 [hotstuff info] 0.626987
2022-01-13 00:37:48.180311 [hotstuff info] 0.626991
2022-01-13 00:37:48.180319 [hotstuff info] 0.626989
2022-01-13 00:37:48.180329 [hotstuff info] 0.626990
2022-01-13 00:37:48.180336 [hotstuff info] 0.626988
2022-01-13 00:37:48.180343 [hotstuff info] 0.626986
2022-01-13 00:37:48.180350 [hotstuff info] 0.626984
2022-01-13 00:37:48.180356 [hotstuff info] 0.626979
2022-01-13 00:37:48.180364 [hotstuff info] 0.626978
2022-01-13 00:37:48.180565 [hotstuff info] 0.627171
2022-01-13 00:37:48.180586 [hotstuff info] 0.627183
2022-01-13 00:37:48.180593 [hotstuff info] 0.627181
2022-01-13 00:37:48.180601 [hotstuff info] 0.627181
2022-01-13 00:37:48.180608 [hotstuff info] 0.627177
2022-01-13 00:37:48.180616 [hotstuff info] 0.627176
2022-01-13 00:37:48.180622 [hotstuff info] 0.627173
2022-01-13 00:37:48.180630 [hotstuff info] 0.627171
2022-01-13 00:37:48.180638 [hotstuff info] 0.627171
2022-01-13 00:37:48.180645 [hotstuff info] 0.627169
2022-01-13 00:37:48.180656 [hotstuff info] 0.627170
2022-01-13 00:37:48.180664 [hotstuff info] 0.627170
2022-01-13 00:37:48.180674 [hotstuff info] 0.627169
2022-01-13 00:37:48.180682 [hotstuff info] 0.627168
2022-01-13 00:37:48.180691 [hotstuff info] 0.627169
2022-01-13 00:37:48.180700 [hotstuff info] 0.627168
2022-01-13 00:37:48.180708 [hotstuff info] 0.627167
2022-01-13 00:37:48.180716 [hotstuff info] 0.627167
2022-01-13 00:37:48.180722 [hotstuff info] 0.627164
2022-01-13 00:37:48.180729 [hotstuff info] 0.627161
2022-01-13 00:37:48.180758 [hotstuff info] 0.627181
2022-01-13 00:37:48.180768 [hotstuff info] 0.627181
2022-01-13 00:37:48.180775 [hotstuff info] 0.627179
2022-01-13 00:37:48.180781 [hotstuff info] 0.627178
2022-01-13 00:37:48.180790 [hotstuff info] 0.627176
2022-01-13 00:37:48.180797 [hotstuff info] 0.627173
2022-01-13 00:37:48.180804 [hotstuff info] 0.627172
2022-01-13 00:37:48.180810 [hotstuff info] 0.627169
2022-01-13 00:37:48.180818 [hotstuff info] 0.627168
2022-01-13 00:37:48.180825 [hotstuff info] 0.627166
2022-01-13 00:37:48.180833 [hotstuff info] 0.627164
2022-01-13 00:37:48.180841 [hotstuff info] 0.627163
2022-01-13 00:37:48.180847 [hotstuff info] 0.627157
2022-01-13 00:37:48.180854 [hotstuff info] 0.627157
2022-01-13 00:37:48.180860 [hotstuff info] 0.627154
2022-01-13 00:37:48.180870 [hotstuff info] 0.627154
2022-01-13 00:37:48.180877 [hotstuff info] 0.627152
2022-01-13 00:37:48.180884 [hotstuff info] 0.627150
2022-01-13 00:37:48.180891 [hotstuff info] 0.627148
2022-01-13 00:37:48.180898 [hotstuff info] 0.627146
2022-01-13 00:37:48.180904 [hotstuff info] 0.627142
2022-01-13 00:37:48.180910 [hotstuff info] 0.627140
2022-01-13 00:37:48.180917 [hotstuff info] 0.627137
2022-01-13 00:37:48.180923 [hotstuff info] 0.627135
2022-01-13 00:37:48.180929 [hotstuff info] 0.627132
2022-01-13 00:37:48.180937 [hotstuff info] 0.627130
2022-01-13 00:37:48.180943 [hotstuff info] 0.627126
2022-01-13 00:37:48.180950 [hotstuff info] 0.627124
2022-01-13 00:37:48.180957 [hotstuff info] 0.627122
2022-01-13 00:37:48.180962 [hotstuff info] 0.627119
2022-01-13 00:37:48.180968 [hotstuff info] 0.627115
2022-01-13 00:37:48.180974 [hotstuff info] 0.627113
2022-01-13 00:37:48.180984 [hotstuff info] 0.627113
2022-01-13 00:37:48.180990 [hotstuff info] 0.627109
2022-01-13 00:37:48.180997 [hotstuff info] 0.627106
2022-01-13 00:37:48.181003 [hotstuff info] 0.627105
2022-01-13 00:37:48.181009 [hotstuff info] 0.627102
2022-01-13 00:37:48.181016 [hotstuff info] 0.627099
2022-01-13 00:37:48.181022 [hotstuff info] 0.627097
2022-01-13 00:37:48.181029 [hotstuff info] 0.627094
2022-01-13 00:37:48.181035 [hotstuff info] 0.627089
2022-01-13 00:37:48.181041 [hotstuff info] 0.627087
2022-01-13 00:37:48.181048 [hotstuff info] 0.627084
2022-01-13 00:37:48.181055 [hotstuff info] 0.627083
2022-01-13 00:37:48.181061 [hotstuff info] 0.627080
2022-01-13 00:37:48.181069 [hotstuff info] 0.627079
2022-01-13 00:37:48.181075 [hotstuff info] 0.627073
2022-01-13 00:37:48.181082 [hotstuff info] 0.627072
2022-01-13 00:37:48.181088 [hotstuff info] 0.627068
2022-01-13 00:37:48.181095 [hotstuff info] 0.627066
2022-01-13 00:37:48.181101 [hotstuff info] 0.627064
2022-01-13 00:37:48.181107 [hotstuff info] 0.627061
2022-01-13 00:37:48.181114 [hotstuff info] 0.627057
2022-01-13 00:37:48.181123 [hotstuff info] 0.627057
2022-01-13 00:37:48.181129 [hotstuff info] 0.627055
2022-01-13 00:37:48.181135 [hotstuff info] 0.627052
2022-01-13 00:37:48.181141 [hotstuff info] 0.627050
2022-01-13 00:37:48.181149 [hotstuff info] 0.627048
2022-01-13 00:37:48.181155 [hotstuff info] 0.627045
2022-01-13 00:37:48.181162 [hotstuff info] 0.627041
2022-01-13 00:37:48.181169 [hotstuff info] 0.627041
2022-01-13 00:37:48.181176 [hotstuff info] 0.627039
2022-01-13 00:37:48.181183 [hotstuff info] 0.627036
2022-01-13 00:37:48.181189 [hotstuff info] 0.627034
2022-01-13 00:37:48.181196 [hotstuff info] 0.627031
2022-01-13 00:37:48.181203 [hotstuff info] 0.627029
2022-01-13 00:37:48.181211 [hotstuff info] 0.627030
2022-01-13 00:37:48.181218 [hotstuff info] 0.627025
2022-01-13 00:37:48.181225 [hotstuff info] 0.627023
2022-01-13 00:37:48.227829 [hotstuff info] 0.673618
2022-01-13 00:37:48.230776 [hotstuff info] 0.676556
2022-01-13 00:37:48.230795 [hotstuff info] 0.676568
2022-01-13 00:37:48.230804 [hotstuff info] 0.676568
2022-01-13 00:37:48.230811 [hotstuff info] 0.676566
2022-01-13 00:37:48.230819 [hotstuff info] 0.676562
2022-01-13 00:37:48.230825 [hotstuff info] 0.676561
2022-01-13 00:37:48.230832 [hotstuff info] 0.676559
2022-01-13 00:37:48.232399 [hotstuff info] 0.678116
2022-01-13 00:37:48.232421 [hotstuff info] 0.678130
2022-01-13 00:37:48.232433 [hotstuff info] 0.678133
2022-01-13 00:37:48.232440 [hotstuff info] 0.678130
2022-01-13 00:37:48.232446 [hotstuff info] 0.678127
2022-01-13 00:37:48.232453 [hotstuff info] 0.678125
2022-01-13 00:37:48.232463 [hotstuff info] 0.678125
2022-01-13 00:37:48.232470 [hotstuff info] 0.678123
2022-01-13 00:37:48.232477 [hotstuff info] 0.678122
2022-01-13 00:37:48.232483 [hotstuff info] 0.678120
2022-01-13 00:37:48.232491 [hotstuff info] 0.678118
2022-01-13 00:37:48.232497 [hotstuff info] 0.678113
2022-01-13 00:37:48.232504 [hotstuff info] 0.678112
2022-01-13 00:37:48.232511 [hotstuff info] 0.678111
2022-01-13 00:37:48.232519 [hotstuff info] 0.678108
2022-01-13 00:37:48.232526 [hotstuff info] 0.678107
2022-01-13 00:37:48.232534 [hotstuff info] 0.678107
2022-01-13 00:37:48.232544 [hotstuff info] 0.678107
2022-01-13 00:37:48.232553 [hotstuff info] 0.678105
2022-01-13 00:37:48.232574 [hotstuff info] 0.678117
2022-01-13 00:37:48.232582 [hotstuff info] 0.678116
2022-01-13 00:37:48.232588 [hotstuff info] 0.678114
2022-01-13 00:37:48.232595 [hotstuff info] 0.678112
2022-01-13 00:37:48.232602 [hotstuff info] 0.678110
2022-01-13 00:37:48.232609 [hotstuff info] 0.678108
2022-01-13 00:37:48.232616 [hotstuff info] 0.678105
2022-01-13 00:37:48.232623 [hotstuff info] 0.678102
2022-01-13 00:37:48.232629 [hotstuff info] 0.678101
2022-01-13 00:37:48.232636 [hotstuff info] 0.678099
2022-01-13 00:37:48.232643 [hotstuff info] 0.678097
2022-01-13 00:37:48.232650 [hotstuff info] 0.678094
2022-01-13 00:37:48.232656 [hotstuff info] 0.678092
2022-01-13 00:37:48.232663 [hotstuff info] 0.678085
2022-01-13 00:37:48.232669 [hotstuff info] 0.678082
2022-01-13 00:37:48.232675 [hotstuff info] 0.678079
2022-01-13 00:37:48.232682 [hotstuff info] 0.678077
2022-01-13 00:37:48.232688 [hotstuff info] 0.678075
2022-01-13 00:37:48.232694 [hotstuff info] 0.678073
2022-01-13 00:37:48.232701 [hotstuff info] 0.678070
2022-01-13 00:37:48.232708 [hotstuff info] 0.678066
2022-01-13 00:37:48.232714 [hotstuff info] 0.678063
2022-01-13 00:37:48.232720 [hotstuff info] 0.678061
2022-01-13 00:37:48.232726 [hotstuff info] 0.678058
2022-01-13 00:37:48.232732 [hotstuff info] 0.678056
2022-01-13 00:37:48.232739 [hotstuff info] 0.678053
2022-01-13 00:37:48.232745 [hotstuff info] 0.678050
2022-01-13 00:37:48.232751 [hotstuff info] 0.678046
2022-01-13 00:37:48.232758 [hotstuff info] 0.678043
2022-01-13 00:37:48.232764 [hotstuff info] 0.678041
2022-01-13 00:37:48.232771 [hotstuff info] 0.678040
2022-01-13 00:37:48.232778 [hotstuff info] 0.678037
2022-01-13 00:37:48.232785 [hotstuff info] 0.678035
2022-01-13 00:37:48.232791 [hotstuff info] 0.678032
2022-01-13 00:37:48.232798 [hotstuff info] 0.678030
2022-01-13 00:37:48.232804 [hotstuff info] 0.678026
2022-01-13 00:37:48.232810 [hotstuff info] 0.678024
2022-01-13 00:37:48.232817 [hotstuff info] 0.678022
2022-01-13 00:37:48.232824 [hotstuff info] 0.678016
2022-01-13 00:37:48.232830 [hotstuff info] 0.678013
2022-01-13 00:37:48.233250 [hotstuff info] 0.678423
2022-01-13 00:37:48.233272 [hotstuff info] 0.678436
2022-01-13 00:37:48.233282 [hotstuff info] 0.678437
2022-01-13 00:37:48.233291 [hotstuff info] 0.678438
2022-01-13 00:37:48.233301 [hotstuff info] 0.678423
2022-01-13 00:37:48.233310 [hotstuff info] 0.678423
2022-01-13 00:37:48.714247 [hotstuff info] 0.666260
2022-01-13 00:37:48.714286 [hotstuff info] 0.666286
2022-01-13 00:37:48.846875 [hotstuff info] 0.666591
2022-01-13 00:37:48.846906 [hotstuff info] 0.666610
2022-01-13 00:37:48.846916 [hotstuff info] 0.666607
2022-01-13 00:37:48.846938 [hotstuff info] 0.666620
2022-01-13 00:37:48.846948 [hotstuff info] 0.666620
2022-01-13 00:37:48.846956 [hotstuff info] 0.666621
2022-01-13 00:37:48.846964 [hotstuff info] 0.666622
2022-01-13 00:37:48.846973 [hotstuff info] 0.666624
2022-01-13 00:37:48.846980 [hotstuff info] 0.666626
2022-01-13 00:37:48.846988 [hotstuff info] 0.666625
2022-01-13 00:37:48.846994 [hotstuff info] 0.666626
2022-01-13 00:37:48.847214 [hotstuff info] 0.666629
2022-01-13 00:37:48.847231 [hotstuff info] 0.666640
2022-01-13 00:37:48.847238 [hotstuff info] 0.666639
2022-01-13 00:37:48.847246 [hotstuff info] 0.666638
2022-01-13 00:37:48.847256 [hotstuff info] 0.666641
2022-01-13 00:37:48.847263 [hotstuff info] 0.666642
2022-01-13 00:37:48.847271 [hotstuff info] 0.666643
2022-01-13 00:37:48.847278 [hotstuff info] 0.666640
2022-01-13 00:37:48.847286 [hotstuff info] 0.666642
2022-01-13 00:37:48.847296 [hotstuff info] 0.666642
2022-01-13 00:37:48.847304 [hotstuff info] 0.666641
2022-01-13 00:37:48.847311 [hotstuff info] 0.666638
2022-01-13 00:37:48.847318 [hotstuff info] 0.666638
2022-01-13 00:37:48.847326 [hotstuff info] 0.666636
2022-01-13 00:37:48.847333 [hotstuff info] 0.666634
2022-01-13 00:37:48.847340 [hotstuff info] 0.666634
2022-01-13 00:37:48.847348 [hotstuff info] 0.666633
2022-01-13 00:37:48.847355 [hotstuff info] 0.666634
2022-01-13 00:37:48.847619 [hotstuff info] 0.666890
2022-01-13 00:37:48.847637 [hotstuff info] 0.666880
2022-01-13 00:37:48.847646 [hotstuff info] 0.666880
2022-01-13 00:37:48.847654 [hotstuff info] 0.666880
2022-01-13 00:37:48.847662 [hotstuff info] 0.666882
2022-01-13 00:37:48.847670 [hotstuff info] 0.666882
2022-01-13 00:37:48.847680 [hotstuff info] 0.666884
2022-01-13 00:37:48.847687 [hotstuff info] 0.666883
2022-01-13 00:37:48.847694 [hotstuff info] 0.666884
2022-01-13 00:37:48.847701 [hotstuff info] 0.666883
2022-01-13 00:37:48.894786 [hotstuff info] 0.713960
2022-01-13 00:37:48.894812 [hotstuff info] 0.713980
2022-01-13 00:37:48.894824 [hotstuff info] 0.713984
2022-01-13 00:37:48.894834 [hotstuff info] 0.713988
2022-01-13 00:37:48.894845 [hotstuff info] 0.713991
2022-01-13 00:37:48.894857 [hotstuff info] 0.713997
2022-01-13 00:37:48.894880 [hotstuff info] 0.714011
2022-01-13 00:37:48.894890 [hotstuff info] 0.714014
2022-01-13 00:37:48.894902 [hotstuff info] 0.714019
2022-01-13 00:37:48.894913 [hotstuff info] 0.714023
2022-01-13 00:37:48.894924 [hotstuff info] 0.714027
2022-01-13 00:37:48.895119 [hotstuff info] 0.714216
2022-01-13 00:37:48.897261 [hotstuff info] 0.716352
2022-01-13 00:37:48.897279 [hotstuff info] 0.716363
2022-01-13 00:37:48.897290 [hotstuff info] 0.716367
2022-01-13 00:37:48.897298 [hotstuff info] 0.716369
2022-01-13 00:37:48.897305 [hotstuff info] 0.716370
2022-01-13 00:37:48.897312 [hotstuff info] 0.716370
2022-01-13 00:37:48.897319 [hotstuff info] 0.716370
2022-01-13 00:37:48.897326 [hotstuff info] 0.716370
2022-01-13 00:37:48.897333 [hotstuff info] 0.716371
2022-01-13 00:37:48.897340 [hotstuff info] 0.716373
2022-01-13 00:37:48.897346 [hotstuff info] 0.716373
2022-01-13 00:37:48.897353 [hotstuff info] 0.716370
2022-01-13 00:37:48.897360 [hotstuff info] 0.716371
2022-01-13 00:37:48.897367 [hotstuff info] 0.716372
2022-01-13 00:37:48.897374 [hotstuff info] 0.716372
2022-01-13 00:37:48.898887 [hotstuff info] 0.717878
2022-01-13 00:37:48.898909 [hotstuff info] 0.717894
2022-01-13 00:37:48.898919 [hotstuff info] 0.717897
2022-01-13 00:37:48.898929 [hotstuff info] 0.717901
2022-01-13 00:37:48.898935 [hotstuff info] 0.717902
2022-01-13 00:37:48.898943 [hotstuff info] 0.717902
2022-01-13 00:37:48.898950 [hotstuff info] 0.717904
2022-01-13 00:37:48.898958 [hotstuff info] 0.717904
2022-01-13 00:37:48.898966 [hotstuff info] 0.717906
2022-01-13 00:37:48.898976 [hotstuff info] 0.717908
2022-01-13 00:37:48.898983 [hotstuff info] 0.717909
2022-01-13 00:37:48.898990 [hotstuff info] 0.717908
2022-01-13 00:37:48.898996 [hotstuff info] 0.717909
2022-01-13 00:37:48.899003 [hotstuff info] 0.717910
2022-01-13 00:37:48.899029 [hotstuff info] 0.717928
2022-01-13 00:37:48.899036 [hotstuff info] 0.717929
2022-01-13 00:37:48.899042 [hotstuff info] 0.717930
2022-01-13 00:37:48.899050 [hotstuff info] 0.717928
2022-01-13 00:37:48.899055 [hotstuff info] 0.717927
2022-01-13 00:37:48.899062 [hotstuff info] 0.717927
2022-01-13 00:37:48.899069 [hotstuff info] 0.717928
2022-01-13 00:37:48.899075 [hotstuff info] 0.717927
2022-01-13 00:37:48.899082 [hotstuff info] 0.717927
2022-01-13 00:37:48.899089 [hotstuff info] 0.717929
2022-01-13 00:37:48.899096 [hotstuff info] 0.717927
2022-01-13 00:37:48.899102 [hotstuff info] 0.717927
2022-01-13 00:37:48.899109 [hotstuff info] 0.717927
2022-01-13 00:37:48.899116 [hotstuff info] 0.717928
2022-01-13 00:37:48.899122 [hotstuff info] 0.717928
2022-01-13 00:37:48.899129 [hotstuff info] 0.717928
2022-01-13 00:37:48.899136 [hotstuff info] 0.717926
2022-01-13 00:37:48.899144 [hotstuff info] 0.717927
2022-01-13 00:37:48.899150 [hotstuff info] 0.717926
2022-01-13 00:37:48.899155 [hotstuff info] 0.717923
2022-01-13 00:37:48.979685 [hotstuff info] 0.751828
2022-01-13 00:37:48.979956 [hotstuff info] 0.749162
2022-01-13 00:37:48.979977 [hotstuff info] 0.749173
2022-01-13 00:37:48.979986 [hotstuff info] 0.749175
2022-01-13 00:37:48.980135 [hotstuff info] 0.749317
2022-01-13 00:37:48.980152 [hotstuff info] 0.749328
2022-01-13 00:37:48.980159 [hotstuff info] 0.749327
2022-01-13 00:37:48.980167 [hotstuff info] 0.749328
2022-01-13 00:37:48.980173 [hotstuff info] 0.747753
2022-01-13 00:37:48.980183 [hotstuff info] 0.747751
2022-01-13 00:37:48.980194 [hotstuff info] 0.747755
2022-01-13 00:37:48.980204 [hotstuff info] 0.747758
2022-01-13 00:37:48.980213 [hotstuff info] 0.747761
2022-01-13 00:37:48.980224 [hotstuff info] 0.747763
2022-01-13 00:37:48.980234 [hotstuff info] 0.747766
2022-01-13 00:37:48.980246 [hotstuff info] 0.747770
2022-01-13 00:37:48.980256 [hotstuff info] 0.747773
2022-01-13 00:37:48.980268 [hotstuff info] 0.747778
2022-01-13 00:37:48.980277 [hotstuff info] 0.747780
2022-01-13 00:37:48.980288 [hotstuff info] 0.747784
2022-01-13 00:37:48.980299 [hotstuff info] 0.747788
2022-01-13 00:37:48.980309 [hotstuff info] 0.747792
2022-01-13 00:37:48.980320 [hotstuff info] 0.747794
2022-01-13 00:37:48.980331 [hotstuff info] 0.747798
2022-01-13 00:37:48.980340 [hotstuff info] 0.747797
2022-01-13 00:37:48.980352 [hotstuff info] 0.747800
2022-01-13 00:37:48.980361 [hotstuff info] 0.747788
2022-01-13 00:37:48.980374 [hotstuff info] 0.747793
2022-01-13 00:37:48.980385 [hotstuff info] 0.747798
2022-01-13 00:37:48.980397 [hotstuff info] 0.747803
2022-01-13 00:37:48.980406 [hotstuff info] 0.747805
2022-01-13 00:37:48.980418 [hotstuff info] 0.747811
2022-01-13 00:37:48.980429 [hotstuff info] 0.747815
2022-01-13 00:37:48.980441 [hotstuff info] 0.747820
2022-01-13 00:37:48.980452 [hotstuff info] 0.747823
2022-01-13 00:37:48.980464 [hotstuff info] 0.747828
2022-01-13 00:37:48.980475 [hotstuff info] 0.747832
2022-01-13 00:37:48.980486 [hotstuff info] 0.747837
2022-01-13 00:37:48.980495 [hotstuff info] 0.747840
2022-01-13 00:37:48.980509 [hotstuff info] 0.747847
2022-01-13 00:37:48.980519 [hotstuff info] 0.747851
2022-01-13 00:37:48.980529 [hotstuff info] 0.747854
2022-01-13 00:37:48.980539 [hotstuff info] 0.747858
2022-01-13 00:37:48.980550 [hotstuff info] 0.747862
2022-01-13 00:37:48.980561 [hotstuff info] 0.747867
2022-01-13 00:37:48.980572 [hotstuff info] 0.747872
2022-01-13 00:37:48.980582 [hotstuff info] 0.747876
2022-01-13 00:37:48.980594 [hotstuff info] 0.747881
2022-01-13 00:37:48.980605 [hotstuff info] 0.747885
2022-01-13 00:37:48.980617 [hotstuff info] 0.747892
2022-01-13 00:37:48.980627 [hotstuff info] 0.747895
2022-01-13 00:37:48.980638 [hotstuff info] 0.747900
2022-01-13 00:37:48.980649 [hotstuff info] 0.747905
2022-01-13 00:37:48.980660 [hotstuff info] 0.747910
2022-01-13 00:37:48.980671 [hotstuff info] 0.747914
2022-01-13 00:37:48.980680 [hotstuff info] 0.747916
2022-01-13 00:37:48.980690 [hotstuff info] 0.747919
2022-01-13 00:37:48.980700 [hotstuff info] 0.747924
2022-01-13 00:37:48.980711 [hotstuff info] 0.747927
2022-01-13 00:37:48.980723 [hotstuff info] 0.747932
2022-01-13 00:37:48.980734 [hotstuff info] 0.747937
2022-01-13 00:37:48.980746 [hotstuff info] 0.747942
2022-01-13 00:37:48.980757 [hotstuff info] 0.747947
2022-01-13 00:37:48.980769 [hotstuff info] 0.747952
2022-01-13 00:37:48.980779 [hotstuff info] 0.747955
2022-01-13 00:37:48.980791 [hotstuff info] 0.747961
2022-01-13 00:37:48.980802 [hotstuff info] 0.747967
2022-01-13 00:37:48.980813 [hotstuff info] 0.747543
2022-01-13 00:37:48.980825 [hotstuff info] 0.747545
2022-01-13 00:37:48.980837 [hotstuff info] 0.747548
2022-01-13 00:37:48.980848 [hotstuff info] 0.747548
2022-01-13 00:37:48.980861 [hotstuff info] 0.747552
2022-01-13 00:37:48.980871 [hotstuff info] 0.747555
2022-01-13 00:37:49.380728 [hotstuff info] 0.666442
2022-01-13 00:37:49.380770 [hotstuff info] 0.666476
2022-01-13 00:37:49.513432 [hotstuff info] 0.666527
2022-01-13 00:37:49.513463 [hotstuff info] 0.666547
2022-01-13 00:37:49.513472 [hotstuff info] 0.666548
2022-01-13 00:37:49.513621 [hotstuff info] 0.666674
2022-01-13 00:37:49.513638 [hotstuff info] 0.666682
2022-01-13 00:37:49.513646 [hotstuff info] 0.666683
2022-01-13 00:37:49.513657 [hotstuff info] 0.666686
2022-01-13 00:37:49.513666 [hotstuff info] 0.666687
2022-01-13 00:37:49.513678 [hotstuff info] 0.666692
2022-01-13 00:37:49.513685 [hotstuff info] 0.666691
2022-01-13 00:37:49.513692 [hotstuff info] 0.666691
2022-01-13 00:37:49.513701 [hotstuff info] 0.666471
2022-01-13 00:37:49.513710 [hotstuff info] 0.666472
2022-01-13 00:37:49.513716 [hotstuff info] 0.666472
2022-01-13 00:37:49.513727 [hotstuff info] 0.666472
2022-01-13 00:37:49.513734 [hotstuff info] 0.666472
2022-01-13 00:37:49.513742 [hotstuff info] 0.666471
2022-01-13 00:37:49.513751 [hotstuff info] 0.666475
2022-01-13 00:37:49.513761 [hotstuff info] 0.666475
2022-01-13 00:37:49.513775 [hotstuff info] 0.666480
2022-01-13 00:37:49.513785 [hotstuff info] 0.666482
2022-01-13 00:37:49.513794 [hotstuff info] 0.666484
2022-01-13 00:37:49.514059 [hotstuff info] 0.666742
2022-01-13 00:37:49.514082 [hotstuff info] 0.666756
2022-01-13 00:37:49.514092 [hotstuff info] 0.666760
2022-01-13 00:37:49.514100 [hotstuff info] 0.666761
2022-01-13 00:37:49.514120 [hotstuff info] 0.666774
2022-01-13 00:37:49.561335 [hotstuff info] 0.713981
2022-01-13 00:37:49.561363 [hotstuff info] 0.714001
2022-01-13 00:37:49.561373 [hotstuff info] 0.713736
2022-01-13 00:37:49.561384 [hotstuff info] 0.713738
2022-01-13 00:37:49.561393 [hotstuff info] 0.713741
2022-01-13 00:37:49.561405 [hotstuff info] 0.713744
2022-01-13 00:37:49.561414 [hotstuff info] 0.713744
2022-01-13 00:37:49.561424 [hotstuff info] 0.713744
2022-01-13 00:37:49.561434 [hotstuff info] 0.713748
2022-01-13 00:37:49.561451 [hotstuff info] 0.713758
2022-01-13 00:37:49.561460 [hotstuff info] 0.713761
2022-01-13 00:37:49.561713 [hotstuff info] 0.714006
2022-01-13 00:37:49.562283 [hotstuff info] 0.667473
2022-01-13 00:37:49.565378 [hotstuff info] 0.670556
2022-01-13 00:37:49.565396 [hotstuff info] 0.670563
2022-01-13 00:37:49.565408 [hotstuff info] 0.670564
2022-01-13 00:37:49.565418 [hotstuff info] 0.670563
2022-01-13 00:37:49.565425 [hotstuff info] 0.670546
2022-01-13 00:37:49.565432 [hotstuff info] 0.670543
2022-01-13 00:37:49.565441 [hotstuff info] 0.670540
2022-01-13 00:37:49.565447 [hotstuff info] 0.670536
2022-01-13 00:37:49.565455 [hotstuff info] 0.670533
2022-01-13 00:37:49.565464 [hotstuff info] 0.670530
2022-01-13 00:37:49.565472 [hotstuff info] 0.670331
2022-01-13 00:37:49.646294 [hotstuff info] 0.749017
2022-01-13 00:37:49.646332 [hotstuff info] 0.749038
2022-01-13 00:37:49.646347 [hotstuff info] 0.749050
2022-01-13 00:37:49.646503 [hotstuff info] 0.749198
2022-01-13 00:37:49.646525 [hotstuff info] 0.749213
2022-01-13 00:37:49.646537 [hotstuff info] 0.749218
2022-01-13 00:37:49.646547 [hotstuff info] 0.749219
2022-01-13 00:37:49.646561 [hotstuff info] 0.749230
2022-01-13 00:37:49.646569 [hotstuff info] 0.749230
2022-01-13 00:37:49.646581 [hotstuff info] 0.749235
2022-01-13 00:37:49.646588 [hotstuff info] 0.749236
2022-01-13 00:37:49.646607 [hotstuff info] 0.749247
2022-01-13 00:37:49.646614 [hotstuff info] 0.749248
2022-01-13 00:37:49.646621 [hotstuff info] 0.749247
2022-01-13 00:37:49.646627 [hotstuff info] 0.749248
2022-01-13 00:37:49.646636 [hotstuff info] 0.747728
2022-01-13 00:37:49.646642 [hotstuff info] 0.747724
2022-01-13 00:37:49.646656 [hotstuff info] 0.747729
2022-01-13 00:37:49.646664 [hotstuff info] 0.747730
2022-01-13 00:37:49.646676 [hotstuff info] 0.747734
2022-01-13 00:37:49.646683 [hotstuff info] 0.747734
2022-01-13 00:37:49.646690 [hotstuff info] 0.747733
2022-01-13 00:37:49.646696 [hotstuff info] 0.747731
2022-01-13 00:37:49.646703 [hotstuff info] 0.747728
2022-01-13 00:37:49.646713 [hotstuff info] 0.747731
2022-01-13 00:37:49.646723 [hotstuff info] 0.747734
2022-01-13 00:37:49.646730 [hotstuff info] 0.747734
2022-01-13 00:37:49.646737 [hotstuff info] 0.747735
2022-01-13 00:37:49.646743 [hotstuff info] 0.747715
2022-01-13 00:37:49.646750 [hotstuff info] 0.747715
2022-01-13 00:37:49.646761 [hotstuff info] 0.747715
2022-01-13 00:37:49.646768 [hotstuff info] 0.747719
2022-01-13 00:37:49.646779 [hotstuff info] 0.747725
2022-01-13 00:37:49.646786 [hotstuff info] 0.747725
2022-01-13 00:37:49.646792 [hotstuff info] 0.747724
2022-01-13 00:37:49.646802 [hotstuff info] 0.747728
2022-01-13 00:37:49.646808 [hotstuff info] 0.747727
2022-01-13 00:37:49.646814 [hotstuff info] 0.747726
2022-01-13 00:37:49.646828 [hotstuff info] 0.747726
2022-01-13 00:37:49.646836 [hotstuff info] 0.747735
2022-01-13 00:37:49.646845 [hotstuff info] 0.747737
2022-01-13 00:37:49.646852 [hotstuff info] 0.747737
2022-01-13 00:37:49.646868 [hotstuff info] 0.747737
2022-01-13 00:37:49.646875 [hotstuff info] 0.747746
2022-01-13 00:37:49.646881 [hotstuff info] 0.747747
2022-01-13 00:37:49.646889 [hotstuff info] 0.747746
2022-01-13 00:37:49.646901 [hotstuff info] 0.747752
2022-01-13 00:37:49.646908 [hotstuff info] 0.747753
2022-01-13 00:37:49.646917 [hotstuff info] 0.747757
2022-01-13 00:37:49.646936 [hotstuff info] 0.667226
2022-01-13 00:37:49.647446 [hotstuff info] 0.667471
2022-01-13 00:37:49.647469 [hotstuff info] 0.667485
2022-01-13 00:37:49.647480 [hotstuff info] 0.667488
2022-01-13 00:37:49.647490 [hotstuff info] 0.667339
2022-01-13 00:37:49.647497 [hotstuff info] 0.667339
2022-01-13 00:37:49.647503 [hotstuff info] 0.667337
2022-01-13 00:37:49.647510 [hotstuff info] 0.667338
2022-01-13 00:37:49.647517 [hotstuff info] 0.667335
2022-01-13 00:37:49.647523 [hotstuff info] 0.667330
2022-01-13 00:37:49.647530 [hotstuff info] 0.667328
2022-01-13 00:37:49.647537 [hotstuff info] 0.667324
2022-01-13 00:37:49.647543 [hotstuff info] 0.667321
2022-01-13 00:37:49.647557 [hotstuff info] 0.667324
2022-01-13 00:37:49.647568 [hotstuff info] 0.667323
2022-01-13 00:37:49.647629 [hotstuff info] 0.667375
2022-01-13 00:37:49.647640 [hotstuff info] 0.667373
2022-01-13 00:37:49.647646 [hotstuff info] 0.667371
2022-01-13 00:37:49.647653 [hotstuff info] 0.667366
2022-01-13 00:37:49.647660 [hotstuff info] 0.667362
2022-01-13 00:37:49.647667 [hotstuff info] 0.667360
2022-01-13 00:37:49.647679 [hotstuff info] 0.667355
2022-01-13 00:37:49.647688 [hotstuff info] 0.667359
2022-01-13 00:37:49.647694 [hotstuff info] 0.667356
2022-01-13 00:37:49.647701 [hotstuff info] 0.667351
2022-01-13 00:37:49.647707 [hotstuff info] 0.667348
2022-01-13 00:37:49.647720 [hotstuff info] 0.667348
2022-01-13 00:37:49.647726 [hotstuff info] 0.667342
2022-01-13 00:37:49.647736 [hotstuff info] 0.667341
2022-01-13 00:37:49.647743 [hotstuff info] 0.667338
2022-01-13 00:37:49.647755 [hotstuff info] 0.667337
2022-01-13 00:37:49.647761 [hotstuff info] 0.667333
2022-01-13 00:37:49.647768 [hotstuff info] 0.667329
2022-01-13 00:37:49.647774 [hotstuff info] 0.667324
2022-01-13 00:37:49.647781 [hotstuff info] 0.667319
2022-01-13 00:37:49.647788 [hotstuff info] 0.667315
2022-01-13 00:37:49.647795 [hotstuff info] 0.667311
2022-01-13 00:37:49.647802 [hotstuff info] 0.667308
2022-01-13 00:37:49.647809 [hotstuff info] 0.667302
2022-01-13 00:37:49.647820 [hotstuff info] 0.667302
2022-01-13 00:37:49.647827 [hotstuff info] 0.667300
2022-01-13 00:37:49.647837 [hotstuff info] 0.667300
2022-01-13 00:37:49.647844 [hotstuff info] 0.667295
2022-01-13 00:37:49.647850 [hotstuff info] 0.667290
2022-01-13 00:37:49.647862 [hotstuff info] 0.667292
2022-01-13 00:37:49.647869 [hotstuff info] 0.667289
2022-01-13 00:37:49.647876 [hotstuff info] 0.667284
2022-01-13 00:37:49.647887 [hotstuff info] 0.667285
2022-01-13 00:37:49.647900 [hotstuff info] 0.667284
2022-01-13 00:37:49.647910 [hotstuff info] 0.667285
2022-01-13 00:37:49.647917 [hotstuff info] 0.667280
2022-01-13 00:37:49.647923 [hotstuff info] 0.667274
2022-01-13 00:37:49.647929 [hotstuff info] 0.667271
2022-01-13 00:37:49.647936 [hotstuff info] 0.667267
2022-01-13 00:37:49.647943 [hotstuff info] 0.667264
2022-01-13 00:37:49.647950 [hotstuff info] 0.667261
2022-01-13 00:37:49.647956 [hotstuff info] 0.667258
2022-01-13 00:37:49.647962 [hotstuff info] 0.667253
2022-01-13 00:37:49.647969 [hotstuff info] 0.667248
2022-01-13 00:37:49.647976 [hotstuff info] 0.667243
2022-01-13 00:37:49.647982 [hotstuff info] 0.667238
2022-01-13 00:37:49.648001 [hotstuff info] 0.667245
2022-01-13 00:37:49.648008 [hotstuff info] 0.667240
2022-01-13 00:37:49.648014 [hotstuff info] 0.667237
2022-01-13 00:37:49.648021 [hotstuff info] 0.667231
2022-01-13 00:37:49.648028 [hotstuff info] 0.667227
2022-01-13 00:37:49.648034 [hotstuff info] 0.667222
2022-01-13 00:37:49.648040 [hotstuff info] 0.667217
2022-01-13 00:37:49.648046 [hotstuff info] 0.667211
2022-01-13 00:37:49.648055 [hotstuff info] 0.667209
2022-01-13 00:37:49.648062 [hotstuff info] 0.667202
2022-01-13 00:37:49.648068 [hotstuff info] 0.667199
2022-01-13 00:37:49.648075 [hotstuff info] 0.667194
2022-01-13 00:37:50.047449 [hotstuff info] 0.666682
2022-01-13 00:37:50.047493 [hotstuff info] 0.666707
2022-01-13 00:37:50.180454 [hotstuff info] 0.666994
2022-01-13 00:37:50.180508 [hotstuff info] 0.667037
2022-01-13 00:37:50.180524 [hotstuff info] 0.667046
2022-01-13 00:37:50.180531 [hotstuff info] 0.666895
2022-01-13 00:37:50.180541 [hotstuff info] 0.666896
2022-01-13 00:37:50.180549 [hotstuff info] 0.666894
2022-01-13 00:37:50.180781 [hotstuff info] 0.667116
2022-01-13 00:37:50.180798 [hotstuff info] 0.667121
2022-01-13 00:37:50.180812 [hotstuff info] 0.667128
2022-01-13 00:37:50.180819 [hotstuff info] 0.667129
2022-01-13 00:37:50.180825 [hotstuff info] 0.667125
2022-01-13 00:37:50.180836 [hotstuff info] 0.667127
2022-01-13 00:37:50.180843 [hotstuff info] 0.667128
2022-01-13 00:37:50.180851 [hotstuff info] 0.667125
2022-01-13 00:37:50.180858 [hotstuff info] 0.667125
2022-01-13 00:37:50.180866 [hotstuff info] 0.667126
2022-01-13 00:37:50.180873 [hotstuff info] 0.667122
2022-01-13 00:37:50.180881 [hotstuff info] 0.667123
2022-01-13 00:37:50.180888 [hotstuff info] 0.667120
2022-01-13 00:37:50.180895 [hotstuff info] 0.667112
2022-01-13 00:37:50.180908 [hotstuff info] 0.667115
2022-01-13 00:37:50.180921 [hotstuff info] 0.667119
2022-01-13 00:37:50.180927 [hotstuff info] 0.666846
2022-01-13 00:37:50.180934 [hotstuff info] 0.666844
2022-01-13 00:37:50.180941 [hotstuff info] 0.666843
2022-01-13 00:37:50.180948 [hotstuff info] 0.666840
2022-01-13 00:37:50.180956 [hotstuff info] 0.666826
2022-01-13 00:37:50.312950 [hotstuff info] 0.751588
2022-01-13 00:37:50.312972 [hotstuff info] 0.751601
2022-01-13 00:37:50.312981 [hotstuff info] 0.751598
2022-01-13 00:37:50.312987 [hotstuff info] 0.751595
2022-01-13 00:37:50.312994 [hotstuff info] 0.751591
2022-01-13 00:37:50.313139 [hotstuff info] 0.751726
2022-01-13 00:37:50.313157 [hotstuff info] 0.751736
2022-01-13 00:37:50.313163 [hotstuff info] 0.751732
2022-01-13 00:37:50.313176 [hotstuff info] 0.751732
2022-01-13 00:37:50.313185 [hotstuff info] 0.751727
2022-01-13 00:37:50.313192 [hotstuff info] 0.751722
2022-01-13 00:37:50.313199 [hotstuff info] 0.751467
2022-01-13 00:37:50.313368 [hotstuff info] 0.751063
2022-01-13 00:37:50.313387 [hotstuff info] 0.747993
2022-01-13 00:37:50.313398 [hotstuff info] 0.747991
2022-01-13 00:37:50.313405 [hotstuff info] 0.747989
2022-01-13 00:37:50.313413 [hotstuff info] 0.747989
2022-01-13 00:37:50.313420 [hotstuff info] 0.747988
2022-01-13 00:37:50.313428 [hotstuff info] 0.747988
2022-01-13 00:37:50.313435 [hotstuff info] 0.747988
2022-01-13 00:37:50.313444 [hotstuff info] 0.747990
2022-01-13 00:37:50.313452 [hotstuff info] 0.747990
2022-01-13 00:37:50.313459 [hotstuff info] 0.747989
2022-01-13 00:37:50.313466 [hotstuff info] 0.747989
2022-01-13 00:37:50.313739 [hotstuff info] 0.667414
2022-01-13 00:37:50.313762 [hotstuff info] 0.667416
2022-01-13 00:37:50.313773 [hotstuff info] 0.667418
2022-01-13 00:37:50.313912 [hotstuff info] 0.667388
2022-01-13 00:37:50.313930 [hotstuff info] 0.667394
2022-01-13 00:37:50.313938 [hotstuff info] 0.667396
2022-01-13 00:37:50.313946 [hotstuff info] 0.667385
2022-01-13 00:37:50.313954 [hotstuff info] 0.667387
2022-01-13 00:37:50.313963 [hotstuff info] 0.667389
2022-01-13 00:37:50.313970 [hotstuff info] 0.667384
2022-01-13 00:37:50.313977 [hotstuff info] 0.667371
2022-01-13 00:37:50.313984 [hotstuff info] 0.667370
2022-01-13 00:37:50.313995 [hotstuff info] 0.667375
2022-01-13 00:37:50.314001 [hotstuff info] 0.667374
2022-01-13 00:37:50.314008 [hotstuff info] 0.667374
2022-01-13 00:37:50.314014 [hotstuff info] 0.667374
2022-01-13 00:37:50.314021 [hotstuff info] 0.667366
2022-01-13 00:37:50.314071 [hotstuff info] 0.667407
2022-01-13 00:37:50.314081 [hotstuff info] 0.667406
2022-01-13 00:37:50.314087 [hotstuff info] 0.667405
2022-01-13 00:37:50.314319 [hotstuff info] 0.667630
2022-01-13 00:37:50.314339 [hotstuff info] 0.667644
2022-01-13 00:37:50.314348 [hotstuff info] 0.667647
2022-01-13 00:37:50.314356 [hotstuff info] 0.667644
2022-01-13 00:37:50.314364 [hotstuff info] 0.667642
2022-01-13 00:37:50.314373 [hotstuff info] 0.667644
2022-01-13 00:37:50.314383 [hotstuff info] 0.667647
2022-01-13 00:37:50.314391 [hotstuff info] 0.667649
2022-01-13 00:37:50.314398 [hotstuff info] 0.667649
2022-01-13 00:37:50.314407 [hotstuff info] 0.667651
2022-01-13 00:37:50.314415 [hotstuff info] 0.667648
2022-01-13 00:37:50.314421 [hotstuff info] 0.667642
2022-01-13 00:37:50.314428 [hotstuff info] 0.667643
2022-01-13 00:37:50.314435 [hotstuff info] 0.667644
2022-01-13 00:37:50.314441 [hotstuff info] 0.667640
2022-01-13 00:37:50.314448 [hotstuff info] 0.667641
2022-01-13 00:37:50.314454 [hotstuff info] 0.667641
2022-01-13 00:37:50.314461 [hotstuff info] 0.667641
2022-01-13 00:37:50.314470 [hotstuff info] 0.667634
2022-01-13 00:37:50.314478 [hotstuff info] 0.667634
2022-01-13 00:37:50.314485 [hotstuff info] 0.667633
2022-01-13 00:37:50.314492 [hotstuff info] 0.667634
2022-01-13 00:37:50.314499 [hotstuff info] 0.667625
2022-01-13 00:37:50.314505 [hotstuff info] 0.667624
2022-01-13 00:37:50.314512 [hotstuff info] 0.667625
2022-01-13 00:37:50.314520 [hotstuff info] 0.667625
2022-01-13 00:37:50.314530 [hotstuff info] 0.667623
2022-01-13 00:37:50.314537 [hotstuff info] 0.667621
2022-01-13 00:37:50.314544 [hotstuff info] 0.667622
2022-01-13 00:37:50.314551 [hotstuff info] 0.667609
2022-01-13 00:37:50.314558 [hotstuff info] 0.667091
2022-01-13 00:37:50.314565 [hotstuff info] 0.667087
2022-01-13 00:37:50.314572 [hotstuff info] 0.667084
2022-01-13 00:37:50.314579 [hotstuff info] 0.667083
2022-01-13 00:37:50.314588 [hotstuff info] 0.667086
2022-01-13 00:37:50.314597 [hotstuff info] 0.667088
2022-01-13 00:37:50.314605 [hotstuff info] 0.667089
2022-01-13 00:37:50.314613 [hotstuff info] 0.667091
2022-01-13 00:37:50.314622 [hotstuff info] 0.667093
2022-01-13 00:37:50.314628 [hotstuff info] 0.667093
2022-01-13 00:37:50.314635 [hotstuff info] 0.667093
2022-01-13 00:37:50.314643 [hotstuff info] 0.667087
2022-01-13 00:37:50.314651 [hotstuff info] 0.667085
2022-01-13 00:37:50.314657 [hotstuff info] 0.667083
2022-01-13 00:37:50.314664 [hotstuff info] 0.667025
2022-01-13 00:37:50.314671 [hotstuff info] 0.667025
2022-01-13 00:37:50.314679 [hotstuff info] 0.667027
2022-01-13 00:37:50.314685 [hotstuff info] 0.667026
2022-01-13 00:37:50.314692 [hotstuff info] 0.667026
2022-01-13 00:37:50.314699 [hotstuff info] 0.667026
2022-01-13 00:37:50.314705 [hotstuff info] 0.667019
2022-01-13 00:37:50.314712 [hotstuff info] 0.667018
2022-01-13 00:37:50.314720 [hotstuff info] 0.667019
2022-01-13 00:37:50.314725 [hotstuff info] 0.667019
2022-01-13 00:37:50.314732 [hotstuff info] 0.667014
2022-01-13 00:37:50.314739 [hotstuff info] 0.667014
2022-01-13 00:37:50.314745 [hotstuff info] 0.667010
2022-01-13 00:37:50.314753 [hotstuff info] 0.667011
2022-01-13 00:37:50.314760 [hotstuff info] 0.667007
2022-01-13 00:37:50.314766 [hotstuff info] 0.667007
2022-01-13 00:37:50.314773 [hotstuff info] 0.667005
2022-01-13 00:37:50.314779 [hotstuff info] 0.667005
2022-01-13 00:37:50.314786 [hotstuff info] 0.667005
2022-01-13 00:37:50.314793 [hotstuff info] 0.667005
2022-01-13 00:37:50.314799 [hotstuff info] 0.667005
2022-01-13 00:37:50.314805 [hotstuff info] 0.667005
2022-01-13 00:37:50.314812 [hotstuff info] 0.667004
2022-01-13 00:37:50.363380 [hotstuff info] 0.715566
2022-01-13 00:37:50.363412 [hotstuff info] 0.715585
2022-01-13 00:37:50.363424 [hotstuff info] 0.715587
2022-01-13 00:37:50.363435 [hotstuff info] 0.715593
2022-01-13 00:37:50.363447 [hotstuff info] 0.715598
2022-01-13 00:37:50.363459 [hotstuff info] 0.715597
2022-01-13 00:37:50.446246 [hotstuff info] 0.798377
2022-01-13 00:37:50.446271 [hotstuff info] 0.798396
2022-01-13 00:37:50.446282 [hotstuff info] 0.798395
2022-01-13 00:37:50.446293 [hotstuff info] 0.798394
2022-01-13 00:37:50.446304 [hotstuff info] 0.798395
2022-01-13 00:37:50.446315 [hotstuff info] 0.798399
2022-01-13 00:37:50.446326 [hotstuff info] 0.798404
2022-01-13 00:37:50.446337 [hotstuff info] 0.798408
2022-01-13 00:37:50.446348 [hotstuff info] 0.798412
2022-01-13 00:37:50.446358 [hotstuff info] 0.798416
2022-01-13 00:37:50.446368 [hotstuff info] 0.798419
2022-01-13 00:37:50.446378 [hotstuff info] 0.798422
2022-01-13 00:37:50.446388 [hotstuff info] 0.798427
2022-01-13 00:37:50.446398 [hotstuff info] 0.798429
2022-01-13 00:37:50.446407 [hotstuff info] 0.798432
2022-01-13 00:37:50.446418 [hotstuff info] 0.798436
2022-01-13 00:37:50.446428 [hotstuff info] 0.798428
2022-01-13 00:37:50.446438 [hotstuff info] 0.798431
2022-01-13 00:37:50.446696 [hotstuff info] 0.798683
2022-01-13 00:37:50.446719 [hotstuff info] 0.798699
2022-01-13 00:37:50.446740 [hotstuff info] 0.798713
2022-01-13 00:37:50.446751 [hotstuff info] 0.798719
2022-01-13 00:37:50.446761 [hotstuff info] 0.798721
2022-01-13 00:37:50.446773 [hotstuff info] 0.798727
2022-01-13 00:37:50.446784 [hotstuff info] 0.798729
2022-01-13 00:37:50.446795 [hotstuff info] 0.798734
2022-01-13 00:37:50.446804 [hotstuff info] 0.798737
2022-01-13 00:37:50.446814 [hotstuff info] 0.798739
2022-01-13 00:37:50.446824 [hotstuff info] 0.798742
2022-01-13 00:37:50.714543 [hotstuff info] 0.667053
2022-01-13 00:37:50.714581 [hotstuff info] 0.667077
2022-01-13 00:37:50.847544 [hotstuff info] 0.667050
2022-01-13 00:37:50.847583 [hotstuff info] 0.667060
2022-01-13 00:37:50.847595 [hotstuff info] 0.667065
2022-01-13 00:37:50.847606 [hotstuff info] 0.667070
2022-01-13 00:37:50.847619 [hotstuff info] 0.667071
2022-01-13 00:37:50.847631 [hotstuff info] 0.667076
2022-01-13 00:37:50.847882 [hotstuff info] 0.667085
2022-01-13 00:37:50.847911 [hotstuff info] 0.667100
2022-01-13 00:37:50.847927 [hotstuff info] 0.667109
