2022-01-13 00:37:46.878488 [net info] starting all threads...
2022-01-13 00:37:46.878643 [net warn] ignoring option name in conf file: block-size
2022-01-13 00:37:46.878656 [net warn] ignoring option name in conf file: nworker
2022-01-13 00:37:46.878663 [net warn] ignoring option name in conf file: repnworker
2022-01-13 00:37:46.878668 [net warn] ignoring option name in conf file: clinworker
2022-01-13 00:37:46.878674 [net warn] ignoring option name in conf file: repburst
2022-01-13 00:37:46.878679 [net warn] ignoring option name in conf file: cliburst
2022-01-13 00:37:46.878685 [net warn] ignoring option name in conf file: pace-maker
2022-01-13 00:37:46.878704 [net info] loaded configuration from hotstuff.conf
2022-01-13 00:37:46.878805 [hotstuff info] nfaulty = 3
2022-01-13 00:37:46.879048 [net info] created <Conn fd=11 addr=<NetAddr 18.188.17.142:20000> mode=active>
2022-01-13 00:37:46.879253 [net info] created <Conn fd=19 addr=<NetAddr 3.142.114.174:20000> mode=active>
2022-01-13 00:37:46.879274 [net info] connected to remote <Conn fd=11 addr=<NetAddr 18.188.17.142:20000> mode=active>
2022-01-13 00:37:46.879434 [net info] created <Conn fd=21 addr=<NetAddr 52.79.253.61:20000> mode=active>
2022-01-13 00:37:46.879605 [net info] created <Conn fd=23 addr=<NetAddr 3.36.103.56:20000> mode=active>
2022-01-13 00:37:46.879766 [net info] created <Conn fd=25 addr=<NetAddr 54.93.131.236:20000> mode=active>
2022-01-13 00:37:46.879780 [net info] connected to remote <Conn fd=19 addr=<NetAddr 3.142.114.174:20000> mode=active>
2022-01-13 00:37:46.879956 [net info] created <Conn fd=27 addr=<NetAddr 3.120.147.128:20000> mode=active>
2022-01-13 00:37:46.880142 [net info] created <Conn fd=29 addr=<NetAddr 54.215.140.88:20000> mode=active>
2022-01-13 00:37:46.880331 [net info] created <Conn fd=31 addr=<NetAddr 54.193.29.119:20000> mode=active>
2022-01-13 00:37:46.880535 [net info] created <Conn fd=33 addr=<NetAddr 3.112.224.96:20000> mode=active>
2022-01-13 00:37:46.880738 [net info] created <Conn fd=35 addr=<NetAddr 54.95.218.99:20000> mode=active>
2022-01-13 00:37:46.929800 [net info] connected to remote <Conn fd=29 addr=<NetAddr 54.215.140.88:20000> mode=active>
2022-01-13 00:37:46.931163 [net info] connected to remote <Conn fd=31 addr=<NetAddr 54.193.29.119:20000> mode=active>
2022-01-13 00:37:46.979583 [net info] connected to remote <Conn fd=25 addr=<NetAddr 54.93.131.236:20000> mode=active>
2022-01-13 00:37:46.979837 [net info] connected to remote <Conn fd=27 addr=<NetAddr 3.120.147.128:20000> mode=active>
2022-01-13 00:37:47.011730 [net info] connected to remote <Conn fd=33 addr=<NetAddr 3.112.224.96:20000> mode=active>
2022-01-13 00:37:47.012023 [net info] connected to remote <Conn fd=35 addr=<NetAddr 54.95.218.99:20000> mode=active>
2022-01-13 00:37:47.039657 [net info] connected to remote <Conn fd=21 addr=<NetAddr 52.79.253.61:20000> mode=active>
2022-01-13 00:37:47.039914 [net info] connected to remote <Conn fd=23 addr=<NetAddr 3.36.103.56:20000> mode=active>
2022-01-13 00:37:47.781345 [hotstuff info] 0.900547
2022-01-13 00:37:47.781385 [hotstuff info] 0.900570
2022-01-13 00:37:47.781398 [hotstuff info] 0.900569
2022-01-13 00:37:47.781409 [hotstuff info] 0.900566
2022-01-13 00:37:47.781421 [hotstuff info] 0.900562
2022-01-13 00:37:47.781436 [hotstuff info] 0.900562
2022-01-13 00:37:47.781449 [hotstuff info] 0.900561
2022-01-13 00:37:47.781460 [hotstuff info] 0.900557
2022-01-13 00:37:47.781472 [hotstuff info] 0.900554
2022-01-13 00:37:47.781485 [hotstuff info] 0.900552
2022-01-13 00:37:47.781497 [hotstuff info] 0.900550
2022-01-13 00:37:47.781509 [hotstuff info] 0.900544
2022-01-13 00:37:47.781523 [hotstuff info] 0.900544
2022-01-13 00:37:47.781534 [hotstuff info] 0.900540
2022-01-13 00:37:47.781546 [hotstuff info] 0.900539
2022-01-13 00:37:47.781558 [hotstuff info] 0.900535
2022-01-13 00:37:47.781570 [hotstuff info] 0.900533
2022-01-13 00:37:47.781582 [hotstuff info] 0.900528
2022-01-13 00:37:47.781596 [hotstuff info] 0.900528
2022-01-13 00:37:47.781607 [hotstuff info] 0.900525
2022-01-13 00:37:47.781929 [hotstuff info] 0.900833
2022-01-13 00:37:47.781948 [hotstuff info] 0.900838
2022-01-13 00:37:47.781959 [hotstuff info] 0.900835
2022-01-13 00:37:47.781969 [hotstuff info] 0.900831
2022-01-13 00:37:47.781981 [hotstuff info] 0.900828
2022-01-13 00:37:47.781989 [hotstuff info] 0.900817
2022-01-13 00:37:47.782001 [hotstuff info] 0.900815
2022-01-13 00:37:47.782011 [hotstuff info] 0.900811
2022-01-13 00:37:47.782022 [hotstuff info] 0.900807
2022-01-13 00:37:47.782033 [hotstuff info] 0.900804
2022-01-13 00:37:47.782045 [hotstuff info] 0.900801
2022-01-13 00:37:47.782056 [hotstuff info] 0.900798
2022-01-13 00:37:47.782068 [hotstuff info] 0.900792
2022-01-13 00:37:47.782116 [hotstuff info] 0.900826
2022-01-13 00:37:47.782127 [hotstuff info] 0.900823
2022-01-13 00:37:47.782138 [hotstuff info] 0.900820
2022-01-13 00:37:47.782148 [hotstuff info] 0.900815
2022-01-13 00:37:47.782158 [hotstuff info] 0.900811
2022-01-13 00:37:47.782187 [hotstuff info] 0.900805
2022-01-13 00:37:47.782197 [hotstuff info] 0.900818
2022-01-13 00:37:47.782208 [hotstuff info] 0.900816
2022-01-13 00:37:47.782220 [hotstuff info] 0.900812
2022-01-13 00:37:47.782232 [hotstuff info] 0.900810
2022-01-13 00:37:47.782242 [hotstuff info] 0.900806
2022-01-13 00:37:47.782254 [hotstuff info] 0.900803
2022-01-13 00:37:47.782264 [hotstuff info] 0.900797
2022-01-13 00:37:47.782276 [hotstuff info] 0.900795
2022-01-13 00:37:47.782287 [hotstuff info] 0.900792
2022-01-13 00:37:47.782298 [hotstuff info] 0.900788
2022-01-13 00:37:47.782309 [hotstuff info] 0.900784
2022-01-13 00:37:47.782322 [hotstuff info] 0.900783
2022-01-13 00:37:47.782332 [hotstuff info] 0.900779
2022-01-13 00:37:47.782344 [hotstuff info] 0.900774
2022-01-13 00:37:47.782355 [hotstuff info] 0.900770
2022-01-13 00:37:47.782368 [hotstuff info] 0.900766
2022-01-13 00:37:47.782378 [hotstuff info] 0.900764
2022-01-13 00:37:47.782391 [hotstuff info] 0.900762
2022-01-13 00:37:47.782401 [hotstuff info] 0.900758
2022-01-13 00:37:47.782412 [hotstuff info] 0.900754
2022-01-13 00:37:47.782423 [hotstuff info] 0.900748
2022-01-13 00:37:47.782433 [hotstuff info] 0.900744
2022-01-13 00:37:47.782444 [hotstuff info] 0.900740
2022-01-13 00:37:47.782455 [hotstuff info] 0.900737
2022-01-13 00:37:47.782465 [hotstuff info] 0.900734
2022-01-13 00:37:47.782477 [hotstuff info] 0.900731
2022-01-13 00:37:47.782492 [hotstuff info] 0.900732
2022-01-13 00:37:47.782503 [hotstuff info] 0.900726
2022-01-13 00:37:47.782514 [hotstuff info] 0.900723
2022-01-13 00:37:47.782526 [hotstuff info] 0.900720
2022-01-13 00:37:47.782537 [hotstuff info] 0.900717
2022-01-13 00:37:47.782548 [hotstuff info] 0.900715
2022-01-13 00:37:47.782560 [hotstuff info] 0.900712
2022-01-13 00:37:47.782571 [hotstuff info] 0.900707
2022-01-13 00:37:47.782581 [hotstuff info] 0.900702
2022-01-13 00:37:47.782593 [hotstuff info] 0.900699
2022-01-13 00:37:47.782603 [hotstuff info] 0.900695
2022-01-13 00:37:47.782614 [hotstuff info] 0.900692
2022-01-13 00:37:47.782624 [hotstuff info] 0.900687
2022-01-13 00:37:47.782636 [hotstuff info] 0.900685
2022-01-13 00:37:47.782646 [hotstuff info] 0.900677
2022-01-13 00:37:47.782659 [hotstuff info] 0.900675
2022-01-13 00:37:47.782670 [hotstuff info] 0.900672
2022-01-13 00:37:47.782682 [hotstuff info] 0.900669
2022-01-13 00:37:47.782693 [hotstuff info] 0.900665
2022-01-13 00:37:47.782704 [hotstuff info] 0.900662
2022-01-13 00:37:47.782714 [hotstuff info] 0.900656
2022-01-13 00:37:47.782726 [hotstuff info] 0.900653
2022-01-13 00:37:47.782737 [hotstuff info] 0.900650
2022-01-13 00:37:47.782750 [hotstuff info] 0.900648
2022-01-13 00:37:47.782760 [hotstuff info] 0.900645
2022-01-13 00:37:47.782774 [hotstuff info] 0.900644
2022-01-13 00:37:47.782785 [hotstuff info] 0.900641
2022-01-13 00:37:47.782798 [hotstuff info] 0.900637
2022-01-13 00:37:47.782809 [hotstuff info] 0.900613
2022-01-13 00:37:47.782820 [hotstuff info] 0.900610
2022-01-13 00:37:47.782831 [hotstuff info] 0.900606
2022-01-13 00:37:47.782843 [hotstuff info] 0.900604
2022-01-13 00:37:47.782854 [hotstuff info] 0.900603
2022-01-13 00:37:47.782867 [hotstuff info] 0.900602
2022-01-13 00:37:47.782879 [hotstuff info] 0.900601
2022-01-13 00:37:47.782889 [hotstuff info] 0.900591
2022-01-13 00:37:47.782900 [hotstuff info] 0.900588
2022-01-13 00:37:47.782912 [hotstuff info] 0.900585
2022-01-13 00:37:47.782923 [hotstuff info] 0.900582
2022-01-13 00:37:47.782934 [hotstuff info] 0.900580
2022-01-13 00:37:47.782946 [hotstuff info] 0.900576
2022-01-13 00:37:47.782978 [hotstuff info] 0.900594
2022-01-13 00:37:47.782988 [hotstuff info] 0.900588
2022-01-13 00:37:47.829526 [hotstuff info] 0.947110
2022-01-13 00:37:47.829559 [hotstuff info] 0.947130
2022-01-13 00:37:47.829708 [hotstuff info] 0.947263
2022-01-13 00:37:47.829732 [hotstuff info] 0.947274
2022-01-13 00:37:47.829743 [hotstuff info] 0.947270
2022-01-13 00:37:47.832149 [hotstuff info] 0.949660
2022-01-13 00:37:47.832172 [hotstuff info] 0.949668
2022-01-13 00:37:47.832183 [hotstuff info] 0.949664
2022-01-13 00:37:47.832193 [hotstuff info] 0.949660
2022-01-13 00:37:47.832203 [hotstuff info] 0.949655
2022-01-13 00:37:47.832216 [hotstuff info] 0.949653
2022-01-13 00:37:47.832228 [hotstuff info] 0.949651
2022-01-13 00:37:47.832239 [hotstuff info] 0.949647
2022-01-13 00:37:47.832249 [hotstuff info] 0.949642
2022-01-13 00:37:47.832262 [hotstuff info] 0.949639
2022-01-13 00:37:47.832274 [hotstuff info] 0.949636
2022-01-13 00:37:47.832283 [hotstuff info] 0.949631
2022-01-13 00:37:47.832294 [hotstuff info] 0.949627
2022-01-13 00:37:47.832305 [hotstuff info] 0.949623
2022-01-13 00:37:47.832318 [hotstuff info] 0.949622
2022-01-13 00:37:47.832329 [hotstuff info] 0.949617
2022-01-13 00:37:47.832360 [hotstuff info] 0.949634
2022-01-13 00:37:47.832373 [hotstuff info] 0.949632
2022-01-13 00:37:47.832384 [hotstuff info] 0.949628
2022-01-13 00:37:47.832396 [hotstuff info] 0.949626
2022-01-13 00:37:47.832407 [hotstuff info] 0.949622
2022-01-13 00:37:47.832418 [hotstuff info] 0.949619
2022-01-13 00:37:47.832429 [hotstuff info] 0.949613
2022-01-13 00:37:47.832441 [hotstuff info] 0.949610
2022-01-13 00:37:47.832452 [hotstuff info] 0.949608
2022-01-13 00:37:47.832465 [hotstuff info] 0.949606
2022-01-13 00:37:47.832476 [hotstuff info] 0.949603
2022-01-13 00:37:47.832488 [hotstuff info] 0.949600
2022-01-13 00:37:47.832499 [hotstuff info] 0.949597
2022-01-13 00:37:47.832510 [hotstuff info] 0.949586
2022-01-13 00:37:47.832521 [hotstuff info] 0.949582
2022-01-13 00:37:47.832531 [hotstuff info] 0.949579
2022-01-13 00:37:47.832542 [hotstuff info] 0.949575
2022-01-13 00:37:47.832553 [hotstuff info] 0.949572
2022-01-13 00:37:47.832565 [hotstuff info] 0.949569
2022-01-13 00:37:47.832576 [hotstuff info] 0.949565
2022-01-13 00:37:47.832587 [hotstuff info] 0.949560
2022-01-13 00:37:47.832597 [hotstuff info] 0.949554
2022-01-13 00:37:47.832607 [hotstuff info] 0.949550
2022-01-13 00:37:47.832619 [hotstuff info] 0.949547
2022-01-13 00:37:47.832629 [hotstuff info] 0.949542
2022-01-13 00:37:47.832640 [hotstuff info] 0.949539
2022-01-13 00:37:47.832650 [hotstuff info] 0.949535
2022-01-13 00:37:47.832662 [hotstuff info] 0.949530
2022-01-13 00:37:47.832673 [hotstuff info] 0.949527
2022-01-13 00:37:47.832684 [hotstuff info] 0.949524
2022-01-13 00:37:47.832696 [hotstuff info] 0.949522
2022-01-13 00:37:47.832708 [hotstuff info] 0.949518
2022-01-13 00:37:47.832718 [hotstuff info] 0.949514
2022-01-13 00:37:47.832731 [hotstuff info] 0.949513
2022-01-13 00:37:47.832742 [hotstuff info] 0.949510
2022-01-13 00:37:47.832754 [hotstuff info] 0.949505
2022-01-13 00:37:47.832765 [hotstuff info] 0.949502
2022-01-13 00:37:47.832778 [hotstuff info] 0.949501
2022-01-13 00:37:47.832789 [hotstuff info] 0.949491
2022-01-13 00:37:47.832800 [hotstuff info] 0.949488
2022-01-13 00:37:47.832812 [hotstuff info] 0.949485
2022-01-13 00:37:47.832823 [hotstuff info] 0.949482
2022-01-13 00:37:47.832834 [hotstuff info] 0.949480
2022-01-13 00:37:47.832846 [hotstuff info] 0.949477
2022-01-13 00:37:47.832856 [hotstuff info] 0.949473
2022-01-13 00:37:47.832867 [hotstuff info] 0.949469
2022-01-13 00:37:48.447922 [hotstuff info] 0.666538
2022-01-13 00:37:48.447958 [hotstuff info] 0.666561
2022-01-13 00:37:48.447971 [hotstuff info] 0.666563
2022-01-13 00:37:48.448188 [hotstuff info] 0.666769
2022-01-13 00:37:48.448215 [hotstuff info] 0.666780
2022-01-13 00:37:48.448227 [hotstuff info] 0.666779
2022-01-13 00:37:48.448239 [hotstuff info] 0.666780
2022-01-13 00:37:48.448251 [hotstuff info] 0.666781
2022-01-13 00:37:48.448264 [hotstuff info] 0.666780
2022-01-13 00:37:48.448278 [hotstuff info] 0.666782
2022-01-13 00:37:48.448291 [hotstuff info] 0.666784
2022-01-13 00:37:48.448304 [hotstuff info] 0.666782
2022-01-13 00:37:48.448316 [hotstuff info] 0.666783
2022-01-13 00:37:48.448328 [hotstuff info] 0.666783
2022-01-13 00:37:48.448341 [hotstuff info] 0.666784
2022-01-13 00:37:48.448352 [hotstuff info] 0.666784
2022-01-13 00:37:48.448366 [hotstuff info] 0.666786
2022-01-13 00:37:48.448377 [hotstuff info] 0.666784
2022-01-13 00:37:48.448388 [hotstuff info] 0.666783
2022-01-13 00:37:48.448401 [hotstuff info] 0.666784
2022-01-13 00:37:48.448413 [hotstuff info] 0.666466
2022-01-13 00:37:48.448424 [hotstuff info] 0.666466
2022-01-13 00:37:48.448437 [hotstuff info] 0.666469
2022-01-13 00:37:48.448448 [hotstuff info] 0.666468
2022-01-13 00:37:48.448459 [hotstuff info] 0.666470
2022-01-13 00:37:48.448470 [hotstuff info] 0.666470
2022-01-13 00:37:48.448482 [hotstuff info] 0.666472
2022-01-13 00:37:48.448494 [hotstuff info] 0.666473
2022-01-13 00:37:48.448507 [hotstuff info] 0.666475
2022-01-13 00:37:48.448520 [hotstuff info] 0.666476
2022-01-13 00:37:48.448532 [hotstuff info] 0.666477
2022-01-13 00:37:48.448545 [hotstuff info] 0.666479
2022-01-13 00:37:48.448556 [hotstuff info] 0.666442
2022-01-13 00:37:48.448569 [hotstuff info] 0.666443
2022-01-13 00:37:48.448580 [hotstuff info] 0.666443
2022-01-13 00:37:48.448595 [hotstuff info] 0.666448
2022-01-13 00:37:48.448607 [hotstuff info] 0.666450
2022-01-13 00:37:48.448620 [hotstuff info] 0.666451
2022-01-13 00:37:48.448633 [hotstuff info] 0.666437
2022-01-13 00:37:48.448646 [hotstuff info] 0.666439
2022-01-13 00:37:48.448658 [hotstuff info] 0.666440
2022-01-13 00:37:48.448670 [hotstuff info] 0.666440
2022-01-13 00:37:48.448680 [hotstuff info] 0.666439
2022-01-13 00:37:48.449009 [hotstuff info] 0.666756
2022-01-13 00:37:48.449040 [hotstuff info] 0.666777
2022-01-13 00:37:48.449058 [hotstuff info] 0.666783
2022-01-13 00:37:48.495828 [hotstuff info] 0.713541
2022-01-13 00:37:48.495858 [hotstuff info] 0.713561
2022-01-13 00:37:48.495871 [hotstuff info] 0.713563
2022-01-13 00:37:48.495885 [hotstuff info] 0.713565
2022-01-13 00:37:48.495898 [hotstuff info] 0.713567
2022-01-13 00:37:48.496118 [hotstuff info] 0.713775
2022-01-13 00:37:48.496146 [hotstuff info] 0.713791
2022-01-13 00:37:48.496162 [hotstuff info] 0.713796
2022-01-13 00:37:48.496176 [hotstuff info] 0.713799
2022-01-13 00:37:48.496188 [hotstuff info] 0.713798
2022-01-13 00:37:48.496203 [hotstuff info] 0.713803
2022-01-13 00:37:48.496218 [hotstuff info] 0.713807
2022-01-13 00:37:48.496231 [hotstuff info] 0.713810
2022-01-13 00:37:48.496246 [hotstuff info] 0.713814
2022-01-13 00:37:48.496259 [hotstuff info] 0.713816
2022-01-13 00:37:48.496416 [hotstuff info] 0.713962
2022-01-13 00:37:48.496433 [hotstuff info] 0.713970
2022-01-13 00:37:48.498750 [hotstuff info] 0.716274
2022-01-13 00:37:48.498774 [hotstuff info] 0.716283
2022-01-13 00:37:48.498785 [hotstuff info] 0.716284
2022-01-13 00:37:48.498795 [hotstuff info] 0.716283
2022-01-13 00:37:48.498807 [hotstuff info] 0.716282
2022-01-13 00:37:48.498817 [hotstuff info] 0.716281
2022-01-13 00:37:48.498828 [hotstuff info] 0.716281
2022-01-13 00:37:48.498838 [hotstuff info] 0.716280
2022-01-13 00:37:48.498850 [hotstuff info] 0.716282
2022-01-13 00:37:48.498860 [hotstuff info] 0.716280
2022-01-13 00:37:48.498873 [hotstuff info] 0.716281
2022-01-13 00:37:48.498885 [hotstuff info] 0.716283
2022-01-13 00:37:48.498897 [hotstuff info] 0.716285
2022-01-13 00:37:48.498908 [hotstuff info] 0.716285
2022-01-13 00:37:48.498921 [hotstuff info] 0.716286
2022-01-13 00:37:48.498929 [hotstuff info] 0.716285
2022-01-13 00:37:48.498941 [hotstuff info] 0.716283
2022-01-13 00:37:48.498951 [hotstuff info] 0.716282
2022-01-13 00:37:48.498961 [hotstuff info] 0.716280
2022-01-13 00:37:48.498995 [hotstuff info] 0.716303
2022-01-13 00:37:48.499007 [hotstuff info] 0.716304
2022-01-13 00:37:48.499017 [hotstuff info] 0.716304
2022-01-13 00:37:48.499028 [hotstuff info] 0.716304
2022-01-13 00:37:48.499039 [hotstuff info] 0.716303
2022-01-13 00:37:48.499051 [hotstuff info] 0.716302
2022-01-13 00:37:48.499061 [hotstuff info] 0.716302
2022-01-13 00:37:48.499072 [hotstuff info] 0.716301
2022-01-13 00:37:48.499085 [hotstuff info] 0.716301
2022-01-13 00:37:48.499097 [hotstuff info] 0.716301
2022-01-13 00:37:48.499108 [hotstuff info] 0.716301
2022-01-13 00:37:48.499121 [hotstuff info] 0.716302
2022-01-13 00:37:48.499132 [hotstuff info] 0.716302
2022-01-13 00:37:48.499144 [hotstuff info] 0.716303
2022-01-13 00:37:48.499155 [hotstuff info] 0.716303
2022-01-13 00:37:48.499168 [hotstuff info] 0.716302
2022-01-13 00:37:48.499179 [hotstuff info] 0.716302
2022-01-13 00:37:48.499192 [hotstuff info] 0.716304
2022-01-13 00:37:48.499203 [hotstuff info] 0.716304
2022-01-13 00:37:48.499214 [hotstuff info] 0.716303
2022-01-13 00:37:48.499224 [hotstuff info] 0.716303
2022-01-13 00:37:48.499236 [hotstuff info] 0.716303
2022-01-13 00:37:48.499247 [hotstuff info] 0.716301
2022-01-13 00:37:48.499257 [hotstuff info] 0.716281
2022-01-13 00:37:48.499269 [hotstuff info] 0.716283
2022-01-13 00:37:48.499282 [hotstuff info] 0.716285
2022-01-13 00:37:48.499293 [hotstuff info] 0.669736
2022-01-13 00:37:48.499303 [hotstuff info] 0.669727
2022-01-13 00:37:48.499315 [hotstuff info] 0.669583
2022-01-13 00:37:48.499325 [hotstuff info] 0.669583
2022-01-13 00:37:48.499338 [hotstuff info] 0.669585
2022-01-13 00:37:48.499349 [hotstuff info] 0.667178
2022-01-13 00:37:48.499360 [hotstuff info] 0.667178
2022-01-13 00:37:48.499371 [hotstuff info] 0.667178
2022-01-13 00:37:48.499381 [hotstuff info] 0.667180
2022-01-13 00:37:48.499393 [hotstuff info] 0.667178
2022-01-13 00:37:48.499403 [hotstuff info] 0.667177
2022-01-13 00:37:48.499414 [hotstuff info] 0.667176
2022-01-13 00:37:48.499424 [hotstuff info] 0.667177
2022-01-13 00:37:48.499436 [hotstuff info] 0.667175
2022-01-13 00:37:48.499446 [hotstuff info] 0.667175
2022-01-13 00:37:48.499458 [hotstuff info] 0.667175
2022-01-13 00:37:48.499468 [hotstuff info] 0.667175
2022-01-13 00:37:48.499480 [hotstuff info] 0.667176
2022-01-13 00:37:48.499491 [hotstuff info] 0.667175
2022-01-13 00:37:48.499503 [hotstuff info] 0.667175
2022-01-13 00:37:48.499513 [hotstuff info] 0.667154
2022-01-13 00:37:48.499524 [hotstuff info] 0.667152
2022-01-13 00:37:48.499534 [hotstuff info] 0.667151
2022-01-13 00:37:48.499547 [hotstuff info] 0.667152
2022-01-13 00:37:48.499557 [hotstuff info] 0.667152
2022-01-13 00:37:48.499568 [hotstuff info] 0.667151
2022-01-13 00:37:48.499579 [hotstuff info] 0.667151
2022-01-13 00:37:48.499590 [hotstuff info] 0.667150
2022-01-13 00:37:48.499599 [hotstuff info] 0.667148
2022-01-13 00:37:48.499611 [hotstuff info] 0.667148
2022-01-13 00:37:48.499620 [hotstuff info] 0.667145
2022-01-13 00:37:48.499630 [hotstuff info] 0.667144
2022-01-13 00:37:48.499641 [hotstuff info] 0.667144
2022-01-13 00:37:48.499651 [hotstuff info] 0.667143
2022-01-13 00:37:48.499662 [hotstuff info] 0.667142
2022-01-13 00:37:48.499674 [hotstuff info] 0.667144
2022-01-13 00:37:48.499685 [hotstuff info] 0.667145
2022-01-13 00:37:48.499695 [hotstuff info] 0.667144
2022-01-13 00:37:48.499706 [hotstuff info] 0.667142
2022-01-13 00:37:48.499717 [hotstuff info] 0.667142
2022-01-13 00:37:48.499726 [hotstuff info] 0.667140
2022-01-13 00:37:48.500218 [hotstuff info] 0.667622
2022-01-13 00:37:48.500240 [hotstuff info] 0.667634
2022-01-13 00:37:48.581124 [hotstuff info] 0.748506
2022-01-13 00:37:48.581151 [hotstuff info] 0.748523
2022-01-13 00:37:48.581160 [hotstuff info] 0.748522
2022-01-13 00:37:48.581167 [hotstuff info] 0.748518
2022-01-13 00:37:48.581174 [hotstuff info] 0.748514
2022-01-13 00:37:48.581182 [hotstuff info] 0.748510
2022-01-13 00:37:48.581189 [hotstuff info] 0.748506
2022-01-13 00:37:48.581196 [hotstuff info] 0.748501
2022-01-13 00:37:48.581204 [hotstuff info] 0.748499
2022-01-13 00:37:48.581211 [hotstuff info] 0.748494
2022-01-13 00:37:48.581218 [hotstuff info] 0.748487
2022-01-13 00:37:48.581225 [hotstuff info] 0.748484
2022-01-13 00:37:48.581232 [hotstuff info] 0.748479
2022-01-13 00:37:48.581238 [hotstuff info] 0.748474
2022-01-13 00:37:48.581245 [hotstuff info] 0.748468
2022-01-13 00:37:48.581252 [hotstuff info] 0.748464
2022-01-13 00:37:48.581259 [hotstuff info] 0.748460
2022-01-13 00:37:48.581266 [hotstuff info] 0.748456
2022-01-13 00:37:48.581713 [hotstuff info] 0.748891
2022-01-13 00:37:48.581740 [hotstuff info] 0.748908
2022-01-13 00:37:48.581753 [hotstuff info] 0.748909
2022-01-13 00:37:48.581766 [hotstuff info] 0.748910
2022-01-13 00:37:48.581778 [hotstuff info] 0.748912
2022-01-13 00:37:48.581790 [hotstuff info] 0.748913
2022-01-13 00:37:49.114631 [hotstuff info] 0.666675
2022-01-13 00:37:49.114676 [hotstuff info] 0.666706
2022-01-13 00:37:49.114692 [hotstuff info] 0.666710
2022-01-13 00:37:49.114830 [hotstuff info] 0.666616
2022-01-13 00:37:49.114860 [hotstuff info] 0.666635
2022-01-13 00:37:49.114875 [hotstuff info] 0.666638
2022-01-13 00:37:49.114889 [hotstuff info] 0.666639
2022-01-13 00:37:49.114900 [hotstuff info] 0.666638
2022-01-13 00:37:49.114914 [hotstuff info] 0.666637
2022-01-13 00:37:49.114927 [hotstuff info] 0.666638
2022-01-13 00:37:49.114940 [hotstuff info] 0.666638
2022-01-13 00:37:49.114951 [hotstuff info] 0.666636
2022-01-13 00:37:49.114965 [hotstuff info] 0.666638
2022-01-13 00:37:49.114976 [hotstuff info] 0.666637
2022-01-13 00:37:49.114990 [hotstuff info] 0.666639
2022-01-13 00:37:49.115002 [hotstuff info] 0.666637
2022-01-13 00:37:49.115015 [hotstuff info] 0.666639
2022-01-13 00:37:49.115025 [hotstuff info] 0.666639
2022-01-13 00:37:49.115039 [hotstuff info] 0.666639
2022-01-13 00:37:49.115051 [hotstuff info] 0.666639
2022-01-13 00:37:49.115063 [hotstuff info] 0.666640
2022-01-13 00:37:49.115077 [hotstuff info] 0.666642
2022-01-13 00:37:49.115090 [hotstuff info] 0.666643
2022-01-13 00:37:49.115100 [hotstuff info] 0.666643
2022-01-13 00:37:49.115114 [hotstuff info] 0.666646
2022-01-13 00:37:49.115126 [hotstuff info] 0.666645
2022-01-13 00:37:49.115139 [hotstuff info] 0.666646
2022-01-13 00:37:49.115152 [hotstuff info] 0.666646
2022-01-13 00:37:49.115163 [hotstuff info] 0.666645
2022-01-13 00:37:49.115175 [hotstuff info] 0.666645
2022-01-13 00:37:49.115189 [hotstuff info] 0.666645
2022-01-13 00:37:49.115488 [hotstuff info] 0.666933
2022-01-13 00:37:49.115519 [hotstuff info] 0.666951
2022-01-13 00:37:49.115536 [hotstuff info] 0.666957
2022-01-13 00:37:49.115550 [hotstuff info] 0.666956
2022-01-13 00:37:49.115559 [hotstuff info] 0.666955
2022-01-13 00:37:49.115568 [hotstuff info] 0.666949
2022-01-13 00:37:49.115580 [hotstuff info] 0.666949
2022-01-13 00:37:49.162291 [hotstuff info] 0.713645
2022-01-13 00:37:49.162327 [hotstuff info] 0.713670
2022-01-13 00:37:49.162338 [hotstuff info] 0.713669
2022-01-13 00:37:49.162351 [hotstuff info] 0.713672
2022-01-13 00:37:49.162364 [hotstuff info] 0.713673
2022-01-13 00:37:49.162823 [hotstuff info] 0.713785
2022-01-13 00:37:49.162849 [hotstuff info] 0.713793
2022-01-13 00:37:49.162862 [hotstuff info] 0.713794
2022-01-13 00:37:49.162972 [hotstuff info] 0.667116
2022-01-13 00:37:49.162990 [hotstuff info] 0.667120
2022-01-13 00:37:49.162998 [hotstuff info] 0.667115
2022-01-13 00:37:49.163004 [hotstuff info] 0.667108
2022-01-13 00:37:49.163014 [hotstuff info] 0.667104
2022-01-13 00:37:49.163021 [hotstuff info] 0.666878
2022-01-13 00:37:49.163029 [hotstuff info] 0.666869
2022-01-13 00:37:49.163040 [hotstuff info] 0.666866
2022-01-13 00:37:49.163050 [hotstuff info] 0.666863
2022-01-13 00:37:49.163058 [hotstuff info] 0.666857
2022-01-13 00:37:49.163065 [hotstuff info] 0.666849
2022-01-13 00:37:49.163073 [hotstuff info] 0.666844
2022-01-13 00:37:49.163080 [hotstuff info] 0.666836
2022-01-13 00:37:49.163087 [hotstuff info] 0.666829
2022-01-13 00:37:49.163095 [hotstuff info] 0.666826
2022-01-13 00:37:49.163101 [hotstuff info] 0.666669
2022-01-13 00:37:49.163110 [hotstuff info] 0.666670
2022-01-13 00:37:49.165487 [hotstuff info] 0.666714
2022-01-13 00:37:49.165508 [hotstuff info] 0.666724
2022-01-13 00:37:49.165515 [hotstuff info] 0.666721
2022-01-13 00:37:49.165524 [hotstuff info] 0.666717
2022-01-13 00:37:49.165532 [hotstuff info] 0.666716
2022-01-13 00:37:49.165540 [hotstuff info] 0.666714
2022-01-13 00:37:49.165548 [hotstuff info] 0.666711
2022-01-13 00:37:49.165558 [hotstuff info] 0.666709
2022-01-13 00:37:49.165569 [hotstuff info] 0.666710
2022-01-13 00:37:49.165578 [hotstuff info] 0.666706
2022-01-13 00:37:49.165586 [hotstuff info] 0.666702
2022-01-13 00:37:49.165593 [hotstuff info] 0.666698
2022-01-13 00:37:49.165601 [hotstuff info] 0.666694
2022-01-13 00:37:49.165608 [hotstuff info] 0.666688
2022-01-13 00:37:49.165614 [hotstuff info] 0.666686
2022-01-13 00:37:49.165621 [hotstuff info] 0.666682
2022-01-13 00:37:49.165628 [hotstuff info] 0.666679
2022-01-13 00:37:49.165635 [hotstuff info] 0.666675
2022-01-13 00:37:49.165641 [hotstuff info] 0.666649
2022-01-13 00:37:49.165649 [hotstuff info] 0.666643
2022-01-13 00:37:49.165655 [hotstuff info] 0.666640
2022-01-13 00:37:49.165663 [hotstuff info] 0.666636
2022-01-13 00:37:49.165669 [hotstuff info] 0.666632
2022-01-13 00:37:49.165676 [hotstuff info] 0.666627
2022-01-13 00:37:49.165683 [hotstuff info] 0.666623
2022-01-13 00:37:49.165700 [hotstuff info] 0.666629
2022-01-13 00:37:49.165708 [hotstuff info] 0.666624
2022-01-13 00:37:49.165715 [hotstuff info] 0.666619
2022-01-13 00:37:49.165721 [hotstuff info] 0.666615
2022-01-13 00:37:49.165729 [hotstuff info] 0.666609
2022-01-13 00:37:49.165736 [hotstuff info] 0.666606
2022-01-13 00:37:49.165743 [hotstuff info] 0.666601
2022-01-13 00:37:49.165750 [hotstuff info] 0.666596
2022-01-13 00:37:49.165758 [hotstuff info] 0.666592
2022-01-13 00:37:49.165765 [hotstuff info] 0.666587
2022-01-13 00:37:49.165772 [hotstuff info] 0.666582
2022-01-13 00:37:49.247503 [hotstuff info] 0.748301
2022-01-13 00:37:49.247532 [hotstuff info] 0.748319
2022-01-13 00:37:49.247539 [hotstuff info] 0.748317
2022-01-13 00:37:49.247548 [hotstuff info] 0.748313
2022-01-13 00:37:49.247554 [hotstuff info] 0.748310
2022-01-13 00:37:49.247572 [hotstuff info] 0.748317
2022-01-13 00:37:49.247579 [hotstuff info] 0.748312
2022-01-13 00:37:49.247594 [hotstuff info] 0.748313
2022-01-13 00:37:49.247606 [hotstuff info] 0.748314
2022-01-13 00:37:49.247622 [hotstuff info] 0.748321
2022-01-13 00:37:49.247634 [hotstuff info] 0.748321
2022-01-13 00:37:49.247642 [hotstuff info] 0.748318
2022-01-13 00:37:49.247660 [hotstuff info] 0.748323
2022-01-13 00:37:49.247674 [hotstuff info] 0.748327
2022-01-13 00:37:49.247693 [hotstuff info] 0.748334
2022-01-13 00:37:49.247703 [hotstuff info] 0.748335
2022-01-13 00:37:49.247713 [hotstuff info] 0.748332
2022-01-13 00:37:49.247737 [hotstuff info] 0.748346
2022-01-13 00:37:49.247762 [hotstuff info] 0.748360
2022-01-13 00:37:49.247775 [hotstuff info] 0.748362
2022-01-13 00:37:49.247785 [hotstuff info] 0.748363
2022-01-13 00:37:49.247813 [hotstuff info] 0.748378
2022-01-13 00:37:49.248135 [hotstuff info] 0.748690
2022-01-13 00:37:49.248177 [hotstuff info] 0.748721
2022-01-13 00:37:49.248185 [hotstuff info] 0.748719
2022-01-13 00:37:49.248193 [hotstuff info] 0.748714
2022-01-13 00:37:49.248200 [hotstuff info] 0.748711
2022-01-13 00:37:49.248208 [hotstuff info] 0.748706
2022-01-13 00:37:49.248221 [hotstuff info] 0.748709
2022-01-13 00:37:49.248228 [hotstuff info] 0.748707
2022-01-13 00:37:49.248239 [hotstuff info] 0.748702
2022-01-13 00:37:49.248251 [hotstuff info] 0.748705
2022-01-13 00:37:49.248258 [hotstuff info] 0.748703
2022-01-13 00:37:49.248266 [hotstuff info] 0.748699
2022-01-13 00:37:49.248278 [hotstuff info] 0.748700
2022-01-13 00:37:49.248290 [hotstuff info] 0.748701
2022-01-13 00:37:49.248296 [hotstuff info] 0.748699
2022-01-13 00:37:49.248304 [hotstuff info] 0.748695
2022-01-13 00:37:49.248311 [hotstuff info] 0.748692
2022-01-13 00:37:49.248319 [hotstuff info] 0.748690
2022-01-13 00:37:49.248332 [hotstuff info] 0.748692
2022-01-13 00:37:49.248339 [hotstuff info] 0.748688
2022-01-13 00:37:49.248345 [hotstuff info] 0.748684
2022-01-13 00:37:49.248352 [hotstuff info] 0.748679
2022-01-13 00:37:49.248359 [hotstuff info] 0.748674
2022-01-13 00:37:49.248366 [hotstuff info] 0.748673
2022-01-13 00:37:49.248372 [hotstuff info] 0.748668
2022-01-13 00:37:49.248379 [hotstuff info] 0.748664
2022-01-13 00:37:49.248387 [hotstuff info] 0.748662
2022-01-13 00:37:49.248398 [hotstuff info] 0.748662
2022-01-13 00:37:49.248405 [hotstuff info] 0.748167
2022-01-13 00:37:49.248417 [hotstuff info] 0.748167
2022-01-13 00:37:49.248427 [hotstuff info] 0.667279
2022-01-13 00:37:49.248434 [hotstuff info] 0.667275
2022-01-13 00:37:49.248440 [hotstuff info] 0.667275
2022-01-13 00:37:49.248447 [hotstuff info] 0.667273
2022-01-13 00:37:49.248463 [hotstuff info] 0.667283
2022-01-13 00:37:49.248489 [hotstuff info] 0.667300
2022-01-13 00:37:49.248499 [hotstuff info] 0.667305
2022-01-13 00:37:49.248511 [hotstuff info] 0.667307
2022-01-13 00:37:49.248526 [hotstuff info] 0.667317
2022-01-13 00:37:49.248537 [hotstuff info] 0.667321
2022-01-13 00:37:49.248548 [hotstuff info] 0.667325
2022-01-13 00:37:49.248559 [hotstuff info] 0.667328
2022-01-13 00:37:49.248584 [hotstuff info] 0.667347
2022-01-13 00:37:49.248591 [hotstuff info] 0.667347
2022-01-13 00:37:49.248597 [hotstuff info] 0.667347
2022-01-13 00:37:49.248604 [hotstuff info] 0.667346
2022-01-13 00:37:49.248610 [hotstuff info] 0.667345
2022-01-13 00:37:49.248617 [hotstuff info] 0.667346
2022-01-13 00:37:49.249212 [hotstuff info] 0.667473
2022-01-13 00:37:49.249232 [hotstuff info] 0.667481
2022-01-13 00:37:49.249243 [hotstuff info] 0.667479
2022-01-13 00:37:49.249250 [hotstuff info] 0.667473
2022-01-13 00:37:49.249257 [hotstuff info] 0.667468
2022-01-13 00:37:49.249264 [hotstuff info] 0.667464
2022-01-13 00:37:49.781469 [hotstuff info] 0.666795
2022-01-13 00:37:49.781517 [hotstuff info] 0.666827
2022-01-13 00:37:49.781532 [hotstuff info] 0.666829
2022-01-13 00:37:49.781546 [hotstuff info] 0.666687
2022-01-13 00:37:49.781559 [hotstuff info] 0.666686
2022-01-13 00:37:49.781572 [hotstuff info] 0.666685
2022-01-13 00:37:49.781587 [hotstuff info] 0.666688
2022-01-13 00:37:49.781601 [hotstuff info] 0.666688
2022-01-13 00:37:49.781613 [hotstuff info] 0.666688
2022-01-13 00:37:49.781626 [hotstuff info] 0.666687
2022-01-13 00:37:49.781640 [hotstuff info] 0.666690
2022-01-13 00:37:49.781655 [hotstuff info] 0.666691
2022-01-13 00:37:49.781666 [hotstuff info] 0.666691
2022-01-13 00:37:49.781679 [hotstuff info] 0.666690
2022-01-13 00:37:49.781693 [hotstuff info] 0.666692
2022-01-13 00:37:49.781706 [hotstuff info] 0.666692
2022-01-13 00:37:49.781719 [hotstuff info] 0.666695
2022-01-13 00:37:49.781733 [hotstuff info] 0.666695
2022-01-13 00:37:49.781744 [hotstuff info] 0.666696
2022-01-13 00:37:49.781756 [hotstuff info] 0.666694
2022-01-13 00:37:49.781766 [hotstuff info] 0.666692
2022-01-13 00:37:49.781778 [hotstuff info] 0.666689
2022-01-13 00:37:49.781789 [hotstuff info] 0.666691
2022-01-13 00:37:49.781802 [hotstuff info] 0.666690
2022-01-13 00:37:49.781813 [hotstuff info] 0.666688
2022-01-13 00:37:49.781826 [hotstuff info] 0.666688
2022-01-13 00:37:49.782145 [hotstuff info] 0.666994
2022-01-13 00:37:49.782167 [hotstuff info] 0.667005
2022-01-13 00:37:49.782196 [hotstuff info] 0.667022
2022-01-13 00:37:49.782208 [hotstuff info] 0.667020
2022-01-13 00:37:49.782215 [hotstuff info] 0.667017
2022-01-13 00:37:49.829098 [hotstuff info] 0.713579
2022-01-13 00:37:49.829129 [hotstuff info] 0.713595
2022-01-13 00:37:49.829142 [hotstuff info] 0.713593
2022-01-13 00:37:49.829153 [hotstuff info] 0.713594
2022-01-13 00:37:49.829166 [hotstuff info] 0.713599
2022-01-13 00:37:49.829178 [hotstuff info] 0.713599
2022-01-13 00:37:49.829191 [hotstuff info] 0.713598
2022-01-13 00:37:49.829557 [hotstuff info] 0.667232
2022-01-13 00:37:49.829584 [hotstuff info] 0.667247
2022-01-13 00:37:49.829598 [hotstuff info] 0.667249
2022-01-13 00:37:49.829612 [hotstuff info] 0.667251
2022-01-13 00:37:49.829627 [hotstuff info] 0.667251
2022-01-13 00:37:49.829639 [hotstuff info] 0.666792
2022-01-13 00:37:49.829653 [hotstuff info] 0.666792
2022-01-13 00:37:49.829665 [hotstuff info] 0.666796
2022-01-13 00:37:49.829678 [hotstuff info] 0.666689
2022-01-13 00:37:49.829691 [hotstuff info] 0.666694
2022-01-13 00:37:49.829703 [hotstuff info] 0.666701
2022-01-13 00:37:49.829717 [hotstuff info] 0.666705
2022-01-13 00:37:49.829729 [hotstuff info] 0.666708
2022-01-13 00:37:49.829742 [hotstuff info] 0.666713
2022-01-13 00:37:49.829753 [hotstuff info] 0.666713
2022-01-13 00:37:49.829765 [hotstuff info] 0.666716
2022-01-13 00:37:49.829777 [hotstuff info] 0.666720
2022-01-13 00:37:49.829788 [hotstuff info] 0.666724
2022-01-13 00:37:49.829800 [hotstuff info] 0.666729
2022-01-13 00:37:49.829812 [hotstuff info] 0.666733
2022-01-13 00:37:49.829824 [hotstuff info] 0.666737
2022-01-13 00:37:49.829835 [hotstuff info] 0.666740
2022-01-13 00:37:49.829847 [hotstuff info] 0.666746
2022-01-13 00:37:49.829861 [hotstuff info] 0.666751
2022-01-13 00:37:49.829873 [hotstuff info] 0.666757
2022-01-13 00:37:49.914100 [hotstuff info] 0.748593
2022-01-13 00:37:49.914129 [hotstuff info] 0.748615
2022-01-13 00:37:49.914143 [hotstuff info] 0.748622
2022-01-13 00:37:49.914155 [hotstuff info] 0.748624
2022-01-13 00:37:49.914166 [hotstuff info] 0.748627
2022-01-13 00:37:49.914193 [hotstuff info] 0.748645
2022-01-13 00:37:49.914207 [hotstuff info] 0.748650
2022-01-13 00:37:49.914218 [hotstuff info] 0.748651
2022-01-13 00:37:49.914231 [hotstuff info] 0.748654
2022-01-13 00:37:49.914243 [hotstuff info] 0.748658
2022-01-13 00:37:49.914257 [hotstuff info] 0.748664
2022-01-13 00:37:49.914270 [hotstuff info] 0.748670
2022-01-13 00:37:49.914282 [hotstuff info] 0.748675
2022-01-13 00:37:49.914294 [hotstuff info] 0.748680
2022-01-13 00:37:49.914308 [hotstuff info] 0.748688
2022-01-13 00:37:49.914319 [hotstuff info] 0.748692
2022-01-13 00:37:49.914610 [hotstuff info] 0.748975
2022-01-13 00:37:49.914637 [hotstuff info] 0.748996
2022-01-13 00:37:49.914649 [hotstuff info] 0.749001
2022-01-13 00:37:49.914663 [hotstuff info] 0.749008
2022-01-13 00:37:49.914673 [hotstuff info] 0.749011
2022-01-13 00:37:49.914684 [hotstuff info] 0.749015
2022-01-13 00:37:49.914697 [hotstuff info] 0.749021
2022-01-13 00:37:49.914708 [hotstuff info] 0.749026
2022-01-13 00:37:49.914720 [hotstuff info] 0.749021
2022-01-13 00:37:49.914732 [hotstuff info] 0.749026
2022-01-13 00:37:49.914745 [hotstuff info] 0.749031
2022-01-13 00:37:49.914757 [hotstuff info] 0.749036
2022-01-13 00:37:49.914769 [hotstuff info] 0.749041
2022-01-13 00:37:49.914781 [hotstuff info] 0.749045
2022-01-13 00:37:49.914793 [hotstuff info] 0.749050
2022-01-13 00:37:49.914805 [hotstuff info] 0.749056
2022-01-13 00:37:49.914819 [hotstuff info] 0.749062
2022-01-13 00:37:49.914830 [hotstuff info] 0.749066
2022-01-13 00:37:49.914843 [hotstuff info] 0.749072
2022-01-13 00:37:49.914853 [hotstuff info] 0.749075
2022-01-13 00:37:49.915104 [hotstuff info] 0.667574
2022-01-13 00:37:49.915129 [hotstuff info] 0.667592
2022-01-13 00:37:49.915141 [hotstuff info] 0.667594
2022-01-13 00:37:49.915152 [hotstuff info] 0.667600
2022-01-13 00:37:49.915165 [hotstuff info] 0.667598
2022-01-13 00:37:49.915178 [hotstuff info] 0.667600
2022-01-13 00:37:49.915190 [hotstuff info] 0.667597
2022-01-13 00:37:49.915201 [hotstuff info] 0.667597
2022-01-13 00:37:49.915214 [hotstuff info] 0.667602
2022-01-13 00:37:49.915226 [hotstuff info] 0.667593
2022-01-13 00:37:49.915239 [hotstuff info] 0.667598
2022-01-13 00:37:49.915252 [hotstuff info] 0.667593
2022-01-13 00:37:49.915265 [hotstuff info] 0.667592
2022-01-13 00:37:49.915276 [hotstuff info] 0.667592
2022-01-13 00:37:49.915289 [hotstuff info] 0.667587
2022-01-13 00:37:49.915299 [hotstuff info] 0.667587
2022-01-13 00:37:49.915311 [hotstuff info] 0.667575
2022-01-13 00:37:49.915321 [hotstuff info] 0.667560
2022-01-13 00:37:49.915334 [hotstuff info] 0.667561
2022-01-13 00:37:49.915346 [hotstuff info] 0.667561
2022-01-13 00:37:49.915359 [hotstuff info] 0.667548
2022-01-13 00:37:49.915370 [hotstuff info] 0.667550
2022-01-13 00:37:49.915383 [hotstuff info] 0.667211
2022-01-13 00:37:49.915394 [hotstuff info] 0.667210
2022-01-13 00:37:49.915407 [hotstuff info] 0.667216
2022-01-13 00:37:49.915421 [hotstuff info] 0.667221
2022-01-13 00:37:49.915433 [hotstuff info] 0.667227
2022-01-13 00:37:49.915444 [hotstuff info] 0.667224
2022-01-13 00:37:49.915456 [hotstuff info] 0.667229
2022-01-13 00:37:49.915468 [hotstuff info] 0.667235
2022-01-13 00:37:49.915480 [hotstuff info] 0.667230
2022-01-13 00:37:49.915493 [hotstuff info] 0.667236
2022-01-13 00:37:49.915507 [hotstuff info] 0.667243
2022-01-13 00:37:49.915518 [hotstuff info] 0.667241
2022-01-13 00:37:49.915530 [hotstuff info] 0.667242
2022-01-13 00:37:49.915543 [hotstuff info] 0.667248
2022-01-13 00:37:49.915555 [hotstuff info] 0.667252
2022-01-13 00:37:49.915566 [hotstuff info] 0.667256
2022-01-13 00:37:49.915577 [hotstuff info] 0.667259
2022-01-13 00:37:49.915589 [hotstuff info] 0.667258
2022-01-13 00:37:49.915601 [hotstuff info] 0.667264
2022-01-13 00:37:49.915613 [hotstuff info] 0.667268
2022-01-13 00:37:49.915627 [hotstuff info] 0.667276
2022-01-13 00:37:49.962586 [hotstuff info] 0.714228
2022-01-13 00:37:49.962606 [hotstuff info] 0.714240
2022-01-13 00:37:49.962612 [hotstuff info] 0.714241
2022-01-13 00:37:49.962619 [hotstuff info] 0.714240
2022-01-13 00:37:49.962626 [hotstuff info] 0.714240
2022-01-13 00:37:49.962633 [hotstuff info] 0.714240
2022-01-13 00:37:49.962640 [hotstuff info] 0.714236
2022-01-13 00:37:49.962647 [hotstuff info] 0.714230
2022-01-13 00:37:49.962653 [hotstuff info] 0.714226
2022-01-13 00:37:49.962660 [hotstuff info] 0.714226
2022-01-13 00:37:49.962667 [hotstuff info] 0.714227
2022-01-13 00:37:49.962674 [hotstuff info] 0.714228
2022-01-13 00:37:49.962681 [hotstuff info] 0.714219
2022-01-13 00:37:49.962691 [hotstuff info] 0.714204
2022-01-13 00:37:49.962702 [hotstuff info] 0.714204
2022-01-13 00:37:49.962713 [hotstuff info] 0.714204
2022-01-13 00:37:49.962725 [hotstuff info] 0.714200
2022-01-13 00:37:49.962736 [hotstuff info] 0.714200
2022-01-13 00:37:49.962747 [hotstuff info] 0.714199
2022-01-13 00:37:49.963170 [hotstuff info] 0.714612
2022-01-13 00:37:49.963197 [hotstuff info] 0.714615
2022-01-13 00:37:49.963209 [hotstuff info] 0.714619
2022-01-13 00:37:49.963221 [hotstuff info] 0.714625
2022-01-13 00:37:49.963235 [hotstuff info] 0.714632
2022-01-13 00:37:49.963253 [hotstuff info] 0.714645
2022-01-13 00:37:49.963265 [hotstuff info] 0.714648
2022-01-13 00:37:49.963276 [hotstuff info] 0.714652
2022-01-13 00:37:49.963297 [hotstuff info] 0.714067
2022-01-13 00:37:49.963310 [hotstuff info] 0.714067
2022-01-13 00:37:49.963320 [hotstuff info] 0.714072
2022-01-13 00:37:49.963333 [hotstuff info] 0.714077
2022-01-13 00:37:49.963345 [hotstuff info] 0.714082
2022-01-13 00:37:49.963355 [hotstuff info] 0.714087
2022-01-13 00:37:50.448322 [hotstuff info] 0.666805
2022-01-13 00:37:50.448368 [hotstuff info] 0.666837
2022-01-13 00:37:50.448384 [hotstuff info] 0.666840
2022-01-13 00:37:50.448584 [hotstuff info] 0.667026
2022-01-13 00:37:50.448611 [hotstuff info] 0.667040
2022-01-13 00:37:50.448622 [hotstuff info] 0.667037
2022-01-13 00:37:50.448635 [hotstuff info] 0.667037
2022-01-13 00:37:50.448647 [hotstuff info] 0.667035
2022-01-13 00:37:50.448660 [hotstuff info] 0.667036
2022-01-13 00:37:50.448672 [hotstuff info] 0.667034
2022-01-13 00:37:50.448684 [hotstuff info] 0.667032
