2022-01-13 00:37:46.788990 [net info] starting all threads...
2022-01-13 00:37:46.789137 [net warn] ignoring option name in conf file: block-size
2022-01-13 00:37:46.789149 [net warn] ignoring option name in conf file: nworker
2022-01-13 00:37:46.789155 [net warn] ignoring option name in conf file: repnworker
2022-01-13 00:37:46.789161 [net warn] ignoring option name in conf file: clinworker
2022-01-13 00:37:46.789166 [net warn] ignoring option name in conf file: repburst
2022-01-13 00:37:46.789172 [net warn] ignoring option name in conf file: cliburst
2022-01-13 00:37:46.789177 [net warn] ignoring option name in conf file: pace-maker
2022-01-13 00:37:46.789195 [net info] loaded configuration from hotstuff.conf
2022-01-13 00:37:46.789287 [hotstuff info] nfaulty = 3
2022-01-13 00:37:46.789568 [net info] created <Conn fd=11 addr=<NetAddr 18.188.17.142:20000> mode=active>
2022-01-13 00:37:46.789844 [net info] created <Conn fd=19 addr=<NetAddr 3.142.114.174:20000> mode=active>
2022-01-13 00:37:46.789877 [net info] connected to remote <Conn fd=11 addr=<NetAddr 18.188.17.142:20000> mode=active>
2022-01-13 00:37:46.790120 [net info] created <Conn fd=21 addr=<NetAddr 52.79.253.61:20000> mode=active>
2022-01-13 00:37:46.790357 [net info] created <Conn fd=23 addr=<NetAddr 3.36.103.56:20000> mode=active>
2022-01-13 00:37:46.790600 [net info] created <Conn fd=25 addr=<NetAddr 54.93.131.236:20000> mode=active>
2022-01-13 00:37:46.790625 [net info] connected to remote <Conn fd=19 addr=<NetAddr 3.142.114.174:20000> mode=active>
2022-01-13 00:37:46.790851 [net info] created <Conn fd=27 addr=<NetAddr 3.120.147.128:20000> mode=active>
2022-01-13 00:37:46.791116 [net info] created <Conn fd=29 addr=<NetAddr 54.215.140.88:20000> mode=active>
2022-01-13 00:37:46.791363 [net info] created <Conn fd=31 addr=<NetAddr 54.193.29.119:20000> mode=active>
2022-01-13 00:37:46.791625 [net info] created <Conn fd=33 addr=<NetAddr 3.112.224.96:20000> mode=active>
2022-01-13 00:37:46.791877 [net info] created <Conn fd=35 addr=<NetAddr 54.95.218.99:20000> mode=active>
2022-01-13 00:37:46.840796 [net info] connected to remote <Conn fd=29 addr=<NetAddr 54.215.140.88:20000> mode=active>
2022-01-13 00:37:46.842179 [net info] connected to remote <Conn fd=31 addr=<NetAddr 54.193.29.119:20000> mode=active>
2022-01-13 00:37:46.890522 [net info] connected to remote <Conn fd=27 addr=<NetAddr 3.120.147.128:20000> mode=active>
2022-01-13 00:37:46.890550 [net info] connected to remote <Conn fd=25 addr=<NetAddr 54.93.131.236:20000> mode=active>
2022-01-13 00:37:46.923403 [net info] connected to remote <Conn fd=35 addr=<NetAddr 54.95.218.99:20000> mode=active>
2022-01-13 00:37:46.923886 [net info] connected to remote <Conn fd=33 addr=<NetAddr 3.112.224.96:20000> mode=active>
2022-01-13 00:37:46.950240 [net info] connected to remote <Conn fd=21 addr=<NetAddr 52.79.253.61:20000> mode=active>
2022-01-13 00:37:46.951044 [net info] connected to remote <Conn fd=23 addr=<NetAddr 3.36.103.56:20000> mode=active>
2022-01-13 00:37:47.380350 [hotstuff info] 0.588409
2022-01-13 00:37:47.380385 [hotstuff info] 0.588428
2022-01-13 00:37:47.380396 [hotstuff info] 0.588426
2022-01-13 00:37:47.380404 [hotstuff info] 0.588419
2022-01-13 00:37:47.380410 [hotstuff info] 0.588413
2022-01-13 00:37:47.380421 [hotstuff info] 0.588410
2022-01-13 00:37:47.380429 [hotstuff info] 0.588403
2022-01-13 00:37:47.380435 [hotstuff info] 0.588396
2022-01-13 00:37:47.380442 [hotstuff info] 0.588388
2022-01-13 00:37:47.380449 [hotstuff info] 0.588381
2022-01-13 00:37:47.380456 [hotstuff info] 0.588374
2022-01-13 00:37:47.380463 [hotstuff info] 0.588364
2022-01-13 00:37:47.380471 [hotstuff info] 0.588359
2022-01-13 00:37:47.380478 [hotstuff info] 0.588353
2022-01-13 00:37:47.380486 [hotstuff info] 0.588348
2022-01-13 00:37:47.380492 [hotstuff info] 0.588341
2022-01-13 00:37:47.380499 [hotstuff info] 0.588335
2022-01-13 00:37:47.380507 [hotstuff info] 0.588325
2022-01-13 00:37:47.380515 [hotstuff info] 0.588321
2022-01-13 00:37:47.380521 [hotstuff info] 0.588314
2022-01-13 00:37:47.380529 [hotstuff info] 0.588307
2022-01-13 00:37:47.380536 [hotstuff info] 0.588301
2022-01-13 00:37:47.380543 [hotstuff info] 0.588294
2022-01-13 00:37:47.380550 [hotstuff info] 0.588286
2022-01-13 00:37:47.380557 [hotstuff info] 0.588279
2022-01-13 00:37:47.380564 [hotstuff info] 0.588269
2022-01-13 00:37:47.380571 [hotstuff info] 0.588263
2022-01-13 00:37:47.380577 [hotstuff info] 0.588256
2022-01-13 00:37:47.380584 [hotstuff info] 0.588249
2022-01-13 00:37:47.380590 [hotstuff info] 0.588243
2022-01-13 00:37:47.380597 [hotstuff info] 0.588238
2022-01-13 00:37:47.380604 [hotstuff info] 0.588233
2022-01-13 00:37:47.380611 [hotstuff info] 0.588225
2022-01-13 00:37:47.380634 [hotstuff info] 0.588237
2022-01-13 00:37:47.380641 [hotstuff info] 0.588231
2022-01-13 00:37:47.380647 [hotstuff info] 0.588225
2022-01-13 00:37:47.380708 [hotstuff info] 0.588272
2022-01-13 00:37:47.380719 [hotstuff info] 0.588270
2022-01-13 00:37:47.380727 [hotstuff info] 0.588261
2022-01-13 00:37:47.380733 [hotstuff info] 0.588253
2022-01-13 00:37:47.380739 [hotstuff info] 0.588246
2022-01-13 00:37:47.380746 [hotstuff info] 0.588239
2022-01-13 00:37:47.380753 [hotstuff info] 0.588231
2022-01-13 00:37:47.380759 [hotstuff info] 0.588224
2022-01-13 00:37:47.380766 [hotstuff info] 0.588216
2022-01-13 00:37:47.380772 [hotstuff info] 0.588207
2022-01-13 00:37:47.380778 [hotstuff info] 0.588198
2022-01-13 00:37:47.380784 [hotstuff info] 0.588192
2022-01-13 00:37:47.380792 [hotstuff info] 0.588185
2022-01-13 00:37:47.380798 [hotstuff info] 0.588179
2022-01-13 00:37:47.380805 [hotstuff info] 0.588150
2022-01-13 00:37:47.380811 [hotstuff info] 0.588142
2022-01-13 00:37:47.380819 [hotstuff info] 0.588123
2022-01-13 00:37:47.380825 [hotstuff info] 0.588117
2022-01-13 00:37:47.380832 [hotstuff info] 0.588095
2022-01-13 00:37:47.380839 [hotstuff info] 0.588083
2022-01-13 00:37:47.380845 [hotstuff info] 0.588075
2022-01-13 00:37:47.380851 [hotstuff info] 0.588060
2022-01-13 00:37:47.380858 [hotstuff info] 0.588053
2022-01-13 00:37:47.380864 [hotstuff info] 0.588043
2022-01-13 00:37:47.380870 [hotstuff info] 0.588023
2022-01-13 00:37:47.380877 [hotstuff info] 0.588015
2022-01-13 00:37:47.380883 [hotstuff info] 0.588009
2022-01-13 00:37:47.380890 [hotstuff info] 0.588001
2022-01-13 00:37:47.380896 [hotstuff info] 0.587994
2022-01-13 00:37:47.380905 [hotstuff info] 0.587989
2022-01-13 00:37:47.380934 [hotstuff info] 0.588002
2022-01-13 00:37:47.380944 [hotstuff info] 0.587999
2022-01-13 00:37:47.380950 [hotstuff info] 0.587993
2022-01-13 00:37:47.380957 [hotstuff info] 0.587986
2022-01-13 00:37:47.380964 [hotstuff info] 0.587979
2022-01-13 00:37:47.380979 [hotstuff info] 0.587981
2022-01-13 00:37:47.380994 [hotstuff info] 0.587981
2022-01-13 00:37:47.381000 [hotstuff info] 0.587971
2022-01-13 00:37:47.381016 [hotstuff info] 0.587974
2022-01-13 00:37:47.381025 [hotstuff info] 0.587970
2022-01-13 00:37:47.381031 [hotstuff info] 0.587962
2022-01-13 00:37:47.381038 [hotstuff info] 0.587955
2022-01-13 00:37:47.381045 [hotstuff info] 0.587949
2022-01-13 00:37:47.381056 [hotstuff info] 0.587941
2022-01-13 00:37:47.381063 [hotstuff info] 0.587935
2022-01-13 00:37:47.381069 [hotstuff info] 0.587928
2022-01-13 00:37:47.381085 [hotstuff info] 0.587930
2022-01-13 00:37:47.381091 [hotstuff info] 0.587923
2022-01-13 00:37:47.381102 [hotstuff info] 0.587920
2022-01-13 00:37:47.381108 [hotstuff info] 0.587911
2022-01-13 00:37:47.381115 [hotstuff info] 0.587904
2022-01-13 00:37:47.381129 [hotstuff info] 0.587896
2022-01-13 00:37:47.381136 [hotstuff info] 0.587897
2022-01-13 00:37:47.381142 [hotstuff info] 0.587890
2022-01-13 00:37:47.381150 [hotstuff info] 0.587885
2022-01-13 00:37:47.381156 [hotstuff info] 0.587878
2022-01-13 00:37:47.381164 [hotstuff info] 0.587869
2022-01-13 00:37:47.381170 [hotstuff info] 0.587862
2022-01-13 00:37:47.381178 [hotstuff info] 0.587856
2022-01-13 00:37:47.429132 [hotstuff info] 0.635794
2022-01-13 00:37:47.429162 [hotstuff info] 0.635812
2022-01-13 00:37:47.429172 [hotstuff info] 0.635810
2022-01-13 00:37:47.429180 [hotstuff info] 0.635805
2022-01-13 00:37:47.429189 [hotstuff info] 0.635800
2022-01-13 00:37:47.429200 [hotstuff info] 0.635794
2022-01-13 00:37:47.429209 [hotstuff info] 0.635789
2022-01-13 00:37:47.429218 [hotstuff info] 0.635786
2022-01-13 00:37:47.429226 [hotstuff info] 0.635781
2022-01-13 00:37:47.429233 [hotstuff info] 0.635775
2022-01-13 00:37:47.429241 [hotstuff info] 0.635770
2022-01-13 00:37:47.429250 [hotstuff info] 0.635766
2022-01-13 00:37:47.429260 [hotstuff info] 0.635759
2022-01-13 00:37:47.429269 [hotstuff info] 0.635754
2022-01-13 00:37:47.429275 [hotstuff info] 0.635749
2022-01-13 00:37:47.429599 [hotstuff info] 0.636059
2022-01-13 00:37:47.429617 [hotstuff info] 0.636064
2022-01-13 00:37:47.429963 [hotstuff info] 0.636396
2022-01-13 00:37:47.429985 [hotstuff info] 0.636406
2022-01-13 00:37:47.431068 [hotstuff info] 0.637472
2022-01-13 00:37:47.431086 [hotstuff info] 0.637477
2022-01-13 00:37:47.431096 [hotstuff info] 0.637474
2022-01-13 00:37:47.431106 [hotstuff info] 0.637471
2022-01-13 00:37:47.431113 [hotstuff info] 0.637465
2022-01-13 00:37:47.431120 [hotstuff info] 0.637458
2022-01-13 00:37:47.431128 [hotstuff info] 0.637453
2022-01-13 00:37:47.431135 [hotstuff info] 0.637445
2022-01-13 00:37:47.431144 [hotstuff info] 0.637440
2022-01-13 00:37:47.431151 [hotstuff info] 0.637434
2022-01-13 00:37:47.431158 [hotstuff info] 0.637427
2022-01-13 00:37:47.431164 [hotstuff info] 0.637420
2022-01-13 00:37:47.431172 [hotstuff info] 0.637414
2022-01-13 00:37:47.431179 [hotstuff info] 0.637407
2022-01-13 00:37:47.431187 [hotstuff info] 0.637399
2022-01-13 00:37:47.431218 [hotstuff info] 0.637417
2022-01-13 00:37:47.431225 [hotstuff info] 0.637411
2022-01-13 00:37:47.431231 [hotstuff info] 0.637403
2022-01-13 00:37:47.431238 [hotstuff info] 0.637397
2022-01-13 00:37:47.431245 [hotstuff info] 0.637390
2022-01-13 00:37:47.431252 [hotstuff info] 0.637384
2022-01-13 00:37:47.431258 [hotstuff info] 0.637375
2022-01-13 00:37:47.431266 [hotstuff info] 0.637369
2022-01-13 00:37:47.431273 [hotstuff info] 0.637364
2022-01-13 00:37:47.431281 [hotstuff info] 0.637358
2022-01-13 00:37:47.431287 [hotstuff info] 0.637352
2022-01-13 00:37:47.431295 [hotstuff info] 0.637347
2022-01-13 00:37:47.431301 [hotstuff info] 0.637340
2022-01-13 00:37:47.431307 [hotstuff info] 0.637326
2022-01-13 00:37:47.431314 [hotstuff info] 0.637319
2022-01-13 00:37:47.431321 [hotstuff info] 0.637314
2022-01-13 00:37:47.431328 [hotstuff info] 0.637308
2022-01-13 00:37:47.431335 [hotstuff info] 0.637303
2022-01-13 00:37:47.431341 [hotstuff info] 0.637296
2022-01-13 00:37:47.431347 [hotstuff info] 0.637289
2022-01-13 00:37:47.431352 [hotstuff info] 0.637275
2022-01-13 00:37:47.431358 [hotstuff info] 0.637268
2022-01-13 00:37:47.431365 [hotstuff info] 0.637262
2022-01-13 00:37:47.431372 [hotstuff info] 0.637254
2022-01-13 00:37:47.431378 [hotstuff info] 0.637247
2022-01-13 00:37:47.431386 [hotstuff info] 0.637240
2022-01-13 00:37:47.431392 [hotstuff info] 0.637233
2022-01-13 00:37:47.431398 [hotstuff info] 0.637222
2022-01-13 00:37:47.431406 [hotstuff info] 0.637215
2022-01-13 00:37:47.431412 [hotstuff info] 0.637209
2022-01-13 00:37:47.431419 [hotstuff info] 0.637201
2022-01-13 00:37:47.431425 [hotstuff info] 0.637194
2022-01-13 00:37:47.431432 [hotstuff info] 0.637186
2022-01-13 00:37:47.431438 [hotstuff info] 0.637179
2022-01-13 00:37:47.431445 [hotstuff info] 0.637174
2022-01-13 00:37:47.431457 [hotstuff info] 0.637171
2022-01-13 00:37:47.431464 [hotstuff info] 0.637163
2022-01-13 00:37:47.431470 [hotstuff info] 0.637156
2022-01-13 00:37:47.431476 [hotstuff info] 0.637141
2022-01-13 00:37:47.431483 [hotstuff info] 0.637134
2022-01-13 00:37:47.431489 [hotstuff info] 0.637127
2022-01-13 00:37:47.431496 [hotstuff info] 0.637120
2022-01-13 00:37:47.431524 [hotstuff info] 0.637136
2022-01-13 00:37:47.431532 [hotstuff info] 0.637128
2022-01-13 00:37:47.431541 [hotstuff info] 0.637125
2022-01-13 00:37:47.431558 [hotstuff info] 0.637127
2022-01-13 00:37:47.912330 [hotstuff info] 0.531947
2022-01-13 00:37:47.912365 [hotstuff info] 0.531969
2022-01-13 00:37:47.912375 [hotstuff info] 0.531973
2022-01-13 00:37:47.912383 [hotstuff info] 0.531973
2022-01-13 00:37:47.912390 [hotstuff info] 0.531970
2022-01-13 00:37:47.912397 [hotstuff info] 0.531970
2022-01-13 00:37:47.912404 [hotstuff info] 0.531970
2022-01-13 00:37:47.912413 [hotstuff info] 0.531972
2022-01-13 00:37:47.912420 [hotstuff info] 0.531972
2022-01-13 00:37:47.912427 [hotstuff info] 0.531973
2022-01-13 00:37:47.912433 [hotstuff info] 0.531972
2022-01-13 00:37:47.912440 [hotstuff info] 0.531971
2022-01-13 00:37:47.912446 [hotstuff info] 0.531969
2022-01-13 00:37:47.912453 [hotstuff info] 0.531969
2022-01-13 00:37:47.912461 [hotstuff info] 0.531969
2022-01-13 00:37:47.912468 [hotstuff info] 0.531969
2022-01-13 00:37:47.912475 [hotstuff info] 0.531969
2022-01-13 00:37:47.912483 [hotstuff info] 0.531968
2022-01-13 00:37:47.912489 [hotstuff info] 0.531968
2022-01-13 00:37:47.912496 [hotstuff info] 0.531969
2022-01-13 00:37:47.912757 [hotstuff info] 0.532221
2022-01-13 00:37:47.912774 [hotstuff info] 0.532233
2022-01-13 00:37:47.912781 [hotstuff info] 0.532233
2022-01-13 00:37:47.912789 [hotstuff info] 0.532233
2022-01-13 00:37:47.912795 [hotstuff info] 0.532232
2022-01-13 00:37:47.912802 [hotstuff info] 0.532233
2022-01-13 00:37:47.912811 [hotstuff info] 0.532234
2022-01-13 00:37:47.912818 [hotstuff info] 0.532235
2022-01-13 00:37:47.912824 [hotstuff info] 0.532235
2022-01-13 00:37:47.912832 [hotstuff info] 0.532235
2022-01-13 00:37:47.912838 [hotstuff info] 0.532236
2022-01-13 00:37:47.912846 [hotstuff info] 0.532235
2022-01-13 00:37:47.912853 [hotstuff info] 0.532220
2022-01-13 00:37:47.912860 [hotstuff info] 0.532220
2022-01-13 00:37:47.912868 [hotstuff info] 0.532221
2022-01-13 00:37:47.912876 [hotstuff info] 0.532222
2022-01-13 00:37:47.912882 [hotstuff info] 0.532163
2022-01-13 00:37:47.912890 [hotstuff info] 0.532164
2022-01-13 00:37:47.912897 [hotstuff info] 0.532165
2022-01-13 00:37:47.912903 [hotstuff info] 0.532165
2022-01-13 00:37:47.912910 [hotstuff info] 0.532165
2022-01-13 00:37:47.912918 [hotstuff info] 0.532166
2022-01-13 00:37:47.912924 [hotstuff info] 0.532165
2022-01-13 00:37:47.912932 [hotstuff info] 0.532167
2022-01-13 00:37:47.912939 [hotstuff info] 0.532168
2022-01-13 00:37:47.912945 [hotstuff info] 0.532168
2022-01-13 00:37:47.912952 [hotstuff info] 0.532169
2022-01-13 00:37:47.912959 [hotstuff info] 0.532169
2022-01-13 00:37:47.912965 [hotstuff info] 0.532168
2022-01-13 00:37:47.912973 [hotstuff info] 0.532168
2022-01-13 00:37:47.912979 [hotstuff info] 0.532169
2022-01-13 00:37:47.912986 [hotstuff info] 0.532168
2022-01-13 00:37:47.912992 [hotstuff info] 0.532168
2022-01-13 00:37:47.913000 [hotstuff info] 0.532169
2022-01-13 00:37:47.913006 [hotstuff info] 0.532168
2022-01-13 00:37:47.913014 [hotstuff info] 0.532170
2022-01-13 00:37:47.913020 [hotstuff info] 0.532170
2022-01-13 00:37:47.913027 [hotstuff info] 0.532171
2022-01-13 00:37:47.913034 [hotstuff info] 0.532172
2022-01-13 00:37:47.913041 [hotstuff info] 0.532171
2022-01-13 00:37:47.913048 [hotstuff info] 0.532172
2022-01-13 00:37:47.913055 [hotstuff info] 0.532172
2022-01-13 00:37:47.913062 [hotstuff info] 0.532173
2022-01-13 00:37:47.913068 [hotstuff info] 0.532174
2022-01-13 00:37:47.913075 [hotstuff info] 0.532171
2022-01-13 00:37:47.913082 [hotstuff info] 0.532171
2022-01-13 00:37:47.913088 [hotstuff info] 0.532145
2022-01-13 00:37:47.913095 [hotstuff info] 0.532145
2022-01-13 00:37:47.913101 [hotstuff info] 0.532144
2022-01-13 00:37:47.913107 [hotstuff info] 0.532145
2022-01-13 00:37:47.913113 [hotstuff info] 0.532134
2022-01-13 00:37:47.913121 [hotstuff info] 0.532128
2022-01-13 00:37:47.913127 [hotstuff info] 0.532129
2022-01-13 00:37:47.913134 [hotstuff info] 0.532129
2022-01-13 00:37:47.913141 [hotstuff info] 0.532117
2022-01-13 00:37:47.913148 [hotstuff info] 0.532117
2022-01-13 00:37:47.913154 [hotstuff info] 0.532118
2022-01-13 00:37:47.913160 [hotstuff info] 0.532116
2022-01-13 00:37:47.913167 [hotstuff info] 0.532116
2022-01-13 00:37:47.913173 [hotstuff info] 0.532111
2022-01-13 00:37:47.913179 [hotstuff info] 0.532111
2022-01-13 00:37:47.913186 [hotstuff info] 0.532102
2022-01-13 00:37:47.913204 [hotstuff info] 0.532114
2022-01-13 00:37:47.913210 [hotstuff info] 0.532110
2022-01-13 00:37:47.913216 [hotstuff info] 0.532109
2022-01-13 00:37:47.913222 [hotstuff info] 0.532108
2022-01-13 00:37:47.913228 [hotstuff info] 0.532108
2022-01-13 00:37:47.913235 [hotstuff info] 0.532099
2022-01-13 00:37:47.913246 [hotstuff info] 0.532105
2022-01-13 00:37:47.913252 [hotstuff info] 0.532103
2022-01-13 00:37:47.913258 [hotstuff info] 0.532103
2022-01-13 00:37:47.913264 [hotstuff info] 0.532102
2022-01-13 00:37:47.913271 [hotstuff info] 0.532101
2022-01-13 00:37:47.913277 [hotstuff info] 0.532100
2022-01-13 00:37:47.913283 [hotstuff info] 0.532100
2022-01-13 00:37:48.045528 [hotstuff info] 0.616367
2022-01-13 00:37:48.045563 [hotstuff info] 0.616393
2022-01-13 00:37:48.045571 [hotstuff info] 0.616391
2022-01-13 00:37:48.045602 [hotstuff info] 0.616414
2022-01-13 00:37:48.045610 [hotstuff info] 0.616411
2022-01-13 00:37:48.045616 [hotstuff info] 0.616408
2022-01-13 00:37:48.045623 [hotstuff info] 0.616406
2022-01-13 00:37:48.045630 [hotstuff info] 0.616404
2022-01-13 00:37:48.045637 [hotstuff info] 0.616405
2022-01-13 00:37:48.045643 [hotstuff info] 0.616402
2022-01-13 00:37:48.045649 [hotstuff info] 0.616400
2022-01-13 00:37:48.045656 [hotstuff info] 0.616398
2022-01-13 00:37:48.045881 [hotstuff info] 0.616614
2022-01-13 00:37:48.045899 [hotstuff info] 0.616625
2022-01-13 00:37:48.045906 [hotstuff info] 0.616626
2022-01-13 00:37:48.045912 [hotstuff info] 0.616296
2022-01-13 00:37:48.045920 [hotstuff info] 0.616295
2022-01-13 00:37:48.045927 [hotstuff info] 0.615943
2022-01-13 00:37:48.045934 [hotstuff info] 0.615940
2022-01-13 00:37:48.045941 [hotstuff info] 0.614856
2022-01-13 00:37:48.045948 [hotstuff info] 0.614854
2022-01-13 00:37:48.045954 [hotstuff info] 0.614850
2022-01-13 00:37:48.045961 [hotstuff info] 0.614849
2022-01-13 00:37:48.045969 [hotstuff info] 0.614849
2022-01-13 00:37:48.045975 [hotstuff info] 0.614848
2022-01-13 00:37:48.045982 [hotstuff info] 0.614847
2022-01-13 00:37:48.045989 [hotstuff info] 0.614848
2022-01-13 00:37:48.045995 [hotstuff info] 0.614846
2022-01-13 00:37:48.046002 [hotstuff info] 0.614844
2022-01-13 00:37:48.046009 [hotstuff info] 0.614845
2022-01-13 00:37:48.046016 [hotstuff info] 0.614845
2022-01-13 00:37:48.046023 [hotstuff info] 0.614845
2022-01-13 00:37:48.046030 [hotstuff info] 0.614844
2022-01-13 00:37:48.046036 [hotstuff info] 0.614819
2022-01-13 00:37:48.046043 [hotstuff info] 0.614819
2022-01-13 00:37:48.046050 [hotstuff info] 0.614820
2022-01-13 00:37:48.046056 [hotstuff info] 0.614818
2022-01-13 00:37:48.046063 [hotstuff info] 0.614818
2022-01-13 00:37:48.046070 [hotstuff info] 0.614818
2022-01-13 00:37:48.046075 [hotstuff info] 0.614818
2022-01-13 00:37:48.046082 [hotstuff info] 0.614818
2022-01-13 00:37:48.046089 [hotstuff info] 0.614816
2022-01-13 00:37:48.046095 [hotstuff info] 0.614816
2022-01-13 00:37:48.046102 [hotstuff info] 0.614816
2022-01-13 00:37:48.046110 [hotstuff info] 0.614815
2022-01-13 00:37:48.046118 [hotstuff info] 0.614819
2022-01-13 00:37:48.046125 [hotstuff info] 0.614819
2022-01-13 00:37:48.046132 [hotstuff info] 0.614818
2022-01-13 00:37:48.046139 [hotstuff info] 0.614818
2022-01-13 00:37:48.046145 [hotstuff info] 0.614818
2022-01-13 00:37:48.046152 [hotstuff info] 0.614818
2022-01-13 00:37:48.046158 [hotstuff info] 0.614819
2022-01-13 00:37:48.046166 [hotstuff info] 0.614820
2022-01-13 00:37:48.046174 [hotstuff info] 0.614822
2022-01-13 00:37:48.046181 [hotstuff info] 0.614824
2022-01-13 00:37:48.046190 [hotstuff info] 0.614826
2022-01-13 00:37:48.046199 [hotstuff info] 0.614827
2022-01-13 00:37:48.046208 [hotstuff info] 0.614830
2022-01-13 00:37:48.046215 [hotstuff info] 0.614830
2022-01-13 00:37:48.046221 [hotstuff info] 0.614830
2022-01-13 00:37:48.046228 [hotstuff info] 0.614830
2022-01-13 00:37:48.046234 [hotstuff info] 0.614830
2022-01-13 00:37:48.046241 [hotstuff info] 0.614830
2022-01-13 00:37:48.046247 [hotstuff info] 0.614829
2022-01-13 00:37:48.046255 [hotstuff info] 0.614830
2022-01-13 00:37:48.046261 [hotstuff info] 0.614831
2022-01-13 00:37:48.046268 [hotstuff info] 0.614830
2022-01-13 00:37:48.046274 [hotstuff info] 0.614829
2022-01-13 00:37:48.046281 [hotstuff info] 0.614825
2022-01-13 00:37:48.046287 [hotstuff info] 0.614825
2022-01-13 00:37:48.046294 [hotstuff info] 0.614825
2022-01-13 00:37:48.046840 [hotstuff info] 0.615365
2022-01-13 00:37:48.046884 [hotstuff info] 0.615403
2022-01-13 00:37:48.046894 [hotstuff info] 0.615405
2022-01-13 00:37:48.046901 [hotstuff info] 0.615407
2022-01-13 00:37:48.046910 [hotstuff info] 0.615386
2022-01-13 00:37:48.046920 [hotstuff info] 0.615390
2022-01-13 00:37:48.046926 [hotstuff info] 0.615387
2022-01-13 00:37:48.046936 [hotstuff info] 0.615380
2022-01-13 00:37:48.046943 [hotstuff info] 0.615375
2022-01-13 00:37:48.579243 [hotstuff info] 0.666880
2022-01-13 00:37:48.579277 [hotstuff info] 0.666903
2022-01-13 00:37:48.579286 [hotstuff info] 0.666904
2022-01-13 00:37:48.579293 [hotstuff info] 0.666905
2022-01-13 00:37:48.579301 [hotstuff info] 0.666904
2022-01-13 00:37:48.579309 [hotstuff info] 0.666905
2022-01-13 00:37:48.579318 [hotstuff info] 0.666906
2022-01-13 00:37:48.579324 [hotstuff info] 0.666906
2022-01-13 00:37:48.579332 [hotstuff info] 0.666905
2022-01-13 00:37:48.579340 [hotstuff info] 0.666907
2022-01-13 00:37:48.579347 [hotstuff info] 0.666907
2022-01-13 00:37:48.579354 [hotstuff info] 0.666910
2022-01-13 00:37:48.579362 [hotstuff info] 0.666910
2022-01-13 00:37:48.579369 [hotstuff info] 0.666910
2022-01-13 00:37:48.579377 [hotstuff info] 0.666910
2022-01-13 00:37:48.579383 [hotstuff info] 0.666909
2022-01-13 00:37:48.579390 [hotstuff info] 0.666908
2022-01-13 00:37:48.579397 [hotstuff info] 0.666909
2022-01-13 00:37:48.579415 [hotstuff info] 0.666919
2022-01-13 00:37:48.579420 [hotstuff info] 0.666919
2022-01-13 00:37:48.579428 [hotstuff info] 0.666656
2022-01-13 00:37:48.579435 [hotstuff info] 0.666654
2022-01-13 00:37:48.579442 [hotstuff info] 0.666654
2022-01-13 00:37:48.579449 [hotstuff info] 0.666655
2022-01-13 00:37:48.579455 [hotstuff info] 0.666654
2022-01-13 00:37:48.579462 [hotstuff info] 0.666653
2022-01-13 00:37:48.579469 [hotstuff info] 0.666652
2022-01-13 00:37:48.579476 [hotstuff info] 0.666653
2022-01-13 00:37:48.579483 [hotstuff info] 0.666651
2022-01-13 00:37:48.579489 [hotstuff info] 0.666652
2022-01-13 00:37:48.579496 [hotstuff info] 0.666652
2022-01-13 00:37:48.579503 [hotstuff info] 0.666651
2022-01-13 00:37:48.579510 [hotstuff info] 0.666651
2022-01-13 00:37:48.579517 [hotstuff info] 0.666650
2022-01-13 00:37:48.579524 [hotstuff info] 0.666649
2022-01-13 00:37:48.579887 [hotstuff info] 0.667006
2022-01-13 00:37:48.579905 [hotstuff info] 0.667016
2022-01-13 00:37:48.579912 [hotstuff info] 0.667017
2022-01-13 00:37:48.579920 [hotstuff info] 0.667017
2022-01-13 00:37:48.579927 [hotstuff info] 0.667018
2022-01-13 00:37:48.579934 [hotstuff info] 0.667017
2022-01-13 00:37:48.579941 [hotstuff info] 0.667019
2022-01-13 00:37:48.579948 [hotstuff info] 0.667018
2022-01-13 00:37:48.579955 [hotstuff info] 0.667018
2022-01-13 00:37:48.579962 [hotstuff info] 0.667018
2022-01-13 00:37:48.579969 [hotstuff info] 0.667017
2022-01-13 00:37:48.579976 [hotstuff info] 0.667017
2022-01-13 00:37:48.579982 [hotstuff info] 0.667018
2022-01-13 00:37:48.579989 [hotstuff info] 0.667018
2022-01-13 00:37:48.579996 [hotstuff info] 0.667018
2022-01-13 00:37:48.580003 [hotstuff info] 0.667018
2022-01-13 00:37:48.580009 [hotstuff info] 0.667018
2022-01-13 00:37:48.580016 [hotstuff info] 0.667017
2022-01-13 00:37:48.580024 [hotstuff info] 0.667018
2022-01-13 00:37:48.580031 [hotstuff info] 0.667018
2022-01-13 00:37:48.580037 [hotstuff info] 0.667017
2022-01-13 00:37:48.628057 [hotstuff info] 0.715028
2022-01-13 00:37:48.628089 [hotstuff info] 0.715056
2022-01-13 00:37:48.628102 [hotstuff info] 0.715062
2022-01-13 00:37:48.628112 [hotstuff info] 0.715065
2022-01-13 00:37:48.628124 [hotstuff info] 0.715070
2022-01-13 00:37:48.628134 [hotstuff info] 0.715073
2022-01-13 00:37:48.628146 [hotstuff info] 0.715078
2022-01-13 00:37:48.628158 [hotstuff info] 0.715084
2022-01-13 00:37:48.628170 [hotstuff info] 0.715089
2022-01-13 00:37:48.628181 [hotstuff info] 0.715095
2022-01-13 00:37:48.628193 [hotstuff info] 0.715099
2022-01-13 00:37:48.628203 [hotstuff info] 0.715104
2022-01-13 00:37:48.628215 [hotstuff info] 0.715108
2022-01-13 00:37:48.628225 [hotstuff info] 0.715113
2022-01-13 00:37:48.628236 [hotstuff info] 0.715115
2022-01-13 00:37:48.628248 [hotstuff info] 0.715121
2022-01-13 00:37:48.628897 [hotstuff info] 0.715763
2022-01-13 00:37:48.628911 [hotstuff info] 0.715772
2022-01-13 00:37:48.628918 [hotstuff info] 0.715772
2022-01-13 00:37:48.628926 [hotstuff info] 0.715772
2022-01-13 00:37:48.628932 [hotstuff info] 0.715773
2022-01-13 00:37:48.628940 [hotstuff info] 0.715774
2022-01-13 00:37:48.628948 [hotstuff info] 0.715776
2022-01-13 00:37:48.628955 [hotstuff info] 0.715776
2022-01-13 00:37:48.628963 [hotstuff info] 0.715778
2022-01-13 00:37:48.628968 [hotstuff info] 0.715765
2022-01-13 00:37:48.628975 [hotstuff info] 0.715766
2022-01-13 00:37:48.628981 [hotstuff info] 0.715765
2022-01-13 00:37:48.628988 [hotstuff info] 0.715766
2022-01-13 00:37:48.628994 [hotstuff info] 0.715766
2022-01-13 00:37:48.629001 [hotstuff info] 0.715768
2022-01-13 00:37:48.629007 [hotstuff info] 0.715768
2022-01-13 00:37:48.629014 [hotstuff info] 0.715762
2022-01-13 00:37:48.629020 [hotstuff info] 0.715762
2022-01-13 00:37:48.629027 [hotstuff info] 0.715763
2022-01-13 00:37:48.629032 [hotstuff info] 0.715763
2022-01-13 00:37:48.629039 [hotstuff info] 0.715764
2022-01-13 00:37:48.629046 [hotstuff info] 0.715764
2022-01-13 00:37:48.629053 [hotstuff info] 0.715766
2022-01-13 00:37:48.712440 [hotstuff info] 0.666878
2022-01-13 00:37:48.712473 [hotstuff info] 0.666904
2022-01-13 00:37:48.712481 [hotstuff info] 0.666905
2022-01-13 00:37:48.712491 [hotstuff info] 0.666883
2022-01-13 00:37:48.712499 [hotstuff info] 0.666884
2022-01-13 00:37:48.712506 [hotstuff info] 0.666884
2022-01-13 00:37:48.712513 [hotstuff info] 0.666884
2022-01-13 00:37:48.712523 [hotstuff info] 0.666886
2022-01-13 00:37:48.712530 [hotstuff info] 0.666888
2022-01-13 00:37:48.712537 [hotstuff info] 0.666888
2022-01-13 00:37:48.712544 [hotstuff info] 0.666889
2022-01-13 00:37:48.712551 [hotstuff info] 0.666888
2022-01-13 00:37:48.712559 [hotstuff info] 0.666661
2022-01-13 00:37:48.712566 [hotstuff info] 0.666661
2022-01-13 00:37:48.712574 [hotstuff info] 0.666664
2022-01-13 00:37:48.712582 [hotstuff info] 0.666662
2022-01-13 00:37:48.712588 [hotstuff info] 0.666662
2022-01-13 00:37:48.712596 [hotstuff info] 0.666662
2022-01-13 00:37:48.712602 [hotstuff info] 0.666663
2022-01-13 00:37:48.712609 [hotstuff info] 0.666662
2022-01-13 00:37:48.712616 [hotstuff info] 0.666662
2022-01-13 00:37:48.712923 [hotstuff info] 0.666962
2022-01-13 00:37:48.712940 [hotstuff info] 0.666973
2022-01-13 00:37:48.712948 [hotstuff info] 0.666973
2022-01-13 00:37:48.712955 [hotstuff info] 0.666974
2022-01-13 00:37:48.712962 [hotstuff info] 0.666974
2022-01-13 00:37:48.712969 [hotstuff info] 0.666974
2022-01-13 00:37:48.712977 [hotstuff info] 0.666975
2022-01-13 00:37:48.712984 [hotstuff info] 0.666977
2022-01-13 00:37:48.712991 [hotstuff info] 0.666976
2022-01-13 00:37:48.712998 [hotstuff info] 0.666976
2022-01-13 00:37:48.713006 [hotstuff info] 0.666977
2022-01-13 00:37:48.713012 [hotstuff info] 0.666977
2022-01-13 00:37:48.713019 [hotstuff info] 0.666978
2022-01-13 00:37:48.713028 [hotstuff info] 0.666979
2022-01-13 00:37:48.713037 [hotstuff info] 0.666981
2022-01-13 00:37:48.713045 [hotstuff info] 0.666983
2022-01-13 00:37:48.713053 [hotstuff info] 0.666985
2022-01-13 00:37:48.713061 [hotstuff info] 0.666986
2022-01-13 00:37:48.713069 [hotstuff info] 0.666987
2022-01-13 00:37:48.713075 [hotstuff info] 0.666988
2022-01-13 00:37:48.713083 [hotstuff info] 0.666988
2022-01-13 00:37:48.713089 [hotstuff info] 0.666988
2022-01-13 00:37:48.713096 [hotstuff info] 0.666987
2022-01-13 00:37:48.713102 [hotstuff info] 0.666985
2022-01-13 00:37:48.713109 [hotstuff info] 0.666984
2022-01-13 00:37:48.713115 [hotstuff info] 0.666985
2022-01-13 00:37:48.713122 [hotstuff info] 0.666984
2022-01-13 00:37:48.713129 [hotstuff info] 0.666985
2022-01-13 00:37:48.713136 [hotstuff info] 0.666984
2022-01-13 00:37:48.713142 [hotstuff info] 0.666984
2022-01-13 00:37:48.713148 [hotstuff info] 0.666983
2022-01-13 00:37:48.713154 [hotstuff info] 0.666981
2022-01-13 00:37:48.713181 [hotstuff info] 0.667001
2022-01-13 00:37:48.713189 [hotstuff info] 0.667000
2022-01-13 00:37:48.713196 [hotstuff info] 0.666998
2022-01-13 00:37:48.713202 [hotstuff info] 0.666995
2022-01-13 00:37:48.713208 [hotstuff info] 0.666995
2022-01-13 00:37:48.713215 [hotstuff info] 0.666994
2022-01-13 00:37:48.713221 [hotstuff info] 0.666994
2022-01-13 00:37:48.713228 [hotstuff info] 0.666994
2022-01-13 00:37:48.713233 [hotstuff info] 0.666993
2022-01-13 00:37:48.713239 [hotstuff info] 0.666994
2022-01-13 00:37:48.713246 [hotstuff info] 0.666992
2022-01-13 00:37:48.713252 [hotstuff info] 0.666991
2022-01-13 00:37:48.713257 [hotstuff info] 0.666991
2022-01-13 00:37:48.713264 [hotstuff info] 0.666991
2022-01-13 00:37:48.713271 [hotstuff info] 0.666990
2022-01-13 00:37:48.713295 [hotstuff info] 0.667008
2022-01-13 00:37:48.713301 [hotstuff info] 0.667007
2022-01-13 00:37:48.713307 [hotstuff info] 0.667007
2022-01-13 00:37:48.713313 [hotstuff info] 0.666431
2022-01-13 00:37:48.713319 [hotstuff info] 0.666426
2022-01-13 00:37:48.713325 [hotstuff info] 0.666424
2022-01-13 00:37:48.713331 [hotstuff info] 0.666422
2022-01-13 00:37:48.713337 [hotstuff info] 0.666418
2022-01-13 00:37:48.713344 [hotstuff info] 0.666419
2022-01-13 00:37:48.713350 [hotstuff info] 0.666416
2022-01-13 00:37:48.713356 [hotstuff info] 0.666415
2022-01-13 00:37:48.713362 [hotstuff info] 0.666414
2022-01-13 00:37:49.245716 [hotstuff info] 0.666440
2022-01-13 00:37:49.245758 [hotstuff info] 0.666473
2022-01-13 00:37:49.245771 [hotstuff info] 0.666478
2022-01-13 00:37:49.245784 [hotstuff info] 0.666484
2022-01-13 00:37:49.245792 [hotstuff info] 0.666484
2022-01-13 00:37:49.245800 [hotstuff info] 0.666483
2022-01-13 00:37:49.245806 [hotstuff info] 0.666484
2022-01-13 00:37:49.245821 [hotstuff info] 0.666490
2022-01-13 00:37:49.245832 [hotstuff info] 0.666493
2022-01-13 00:37:49.245840 [hotstuff info] 0.666494
2022-01-13 00:37:49.245846 [hotstuff info] 0.666493
2022-01-13 00:37:49.245860 [hotstuff info] 0.666499
2022-01-13 00:37:49.245870 [hotstuff info] 0.666501
2022-01-13 00:37:49.245877 [hotstuff info] 0.666501
2022-01-13 00:37:49.245885 [hotstuff info] 0.666503
2022-01-13 00:37:49.245891 [hotstuff info] 0.666503
2022-01-13 00:37:49.245898 [hotstuff info] 0.666502
2022-01-13 00:37:49.245907 [hotstuff info] 0.666504
2022-01-13 00:37:49.246119 [hotstuff info] 0.666699
2022-01-13 00:37:49.246137 [hotstuff info] 0.666709
2022-01-13 00:37:49.246145 [hotstuff info] 0.666710
2022-01-13 00:37:49.246152 [hotstuff info] 0.666711
2022-01-13 00:37:49.246166 [hotstuff info] 0.666718
2022-01-13 00:37:49.246176 [hotstuff info] 0.666722
2022-01-13 00:37:49.246184 [hotstuff info] 0.666722
2022-01-13 00:37:49.246191 [hotstuff info] 0.666722
2022-01-13 00:37:49.246198 [hotstuff info] 0.666722
2022-01-13 00:37:49.246205 [hotstuff info] 0.666723
2022-01-13 00:37:49.246219 [hotstuff info] 0.666730
2022-01-13 00:37:49.246225 [hotstuff info] 0.666730
2022-01-13 00:37:49.246232 [hotstuff info] 0.666729
2022-01-13 00:37:49.246238 [hotstuff info] 0.666729
2022-01-13 00:37:49.246246 [hotstuff info] 0.666730
2022-01-13 00:37:49.246253 [hotstuff info] 0.666730
2022-01-13 00:37:49.246263 [hotstuff info] 0.666734
2022-01-13 00:37:49.246276 [hotstuff info] 0.666373
2022-01-13 00:37:49.246283 [hotstuff info] 0.666371
2022-01-13 00:37:49.246294 [hotstuff info] 0.666376
2022-01-13 00:37:49.246301 [hotstuff info] 0.666375
2022-01-13 00:37:49.246311 [hotstuff info] 0.666378
2022-01-13 00:37:49.246318 [hotstuff info] 0.666378
2022-01-13 00:37:49.246326 [hotstuff info] 0.666378
2022-01-13 00:37:49.246332 [hotstuff info] 0.666378
2022-01-13 00:37:49.246340 [hotstuff info] 0.666378
2022-01-13 00:37:49.246347 [hotstuff info] 0.666379
2022-01-13 00:37:49.246354 [hotstuff info] 0.666378
2022-01-13 00:37:49.246360 [hotstuff info] 0.666378
2022-01-13 00:37:49.246367 [hotstuff info] 0.666378
2022-01-13 00:37:49.246374 [hotstuff info] 0.666378
2022-01-13 00:37:49.246381 [hotstuff info] 0.666379
2022-01-13 00:37:49.246387 [hotstuff info] 0.666378
2022-01-13 00:37:49.246405 [hotstuff info] 0.666390
2022-01-13 00:37:49.246424 [hotstuff info] 0.666402
2022-01-13 00:37:49.246433 [hotstuff info] 0.666403
2022-01-13 00:37:49.246442 [hotstuff info] 0.666407
2022-01-13 00:37:49.246449 [hotstuff info] 0.666407
2022-01-13 00:37:49.246774 [hotstuff info] 0.618687
2022-01-13 00:37:49.246799 [hotstuff info] 0.618699
2022-01-13 00:37:49.246808 [hotstuff info] 0.618698
2022-01-13 00:37:49.246816 [hotstuff info] 0.618694
2022-01-13 00:37:49.246823 [hotstuff info] 0.618691
2022-01-13 00:37:49.246830 [hotstuff info] 0.618686
2022-01-13 00:37:49.246837 [hotstuff info] 0.618681
2022-01-13 00:37:49.246844 [hotstuff info] 0.618675
2022-01-13 00:37:49.295029 [hotstuff info] 0.666849
2022-01-13 00:37:49.295062 [hotstuff info] 0.666867
2022-01-13 00:37:49.295077 [hotstuff info] 0.666869
2022-01-13 00:37:49.295096 [hotstuff info] 0.666883
2022-01-13 00:37:49.295105 [hotstuff info] 0.666881
2022-01-13 00:37:49.295120 [hotstuff info] 0.666885
2022-01-13 00:37:49.295134 [hotstuff info] 0.666888
2022-01-13 00:37:49.295142 [hotstuff info] 0.666887
2022-01-13 00:37:49.378558 [hotstuff info] 0.749648
2022-01-13 00:37:49.378594 [hotstuff info] 0.749677
2022-01-13 00:37:49.378603 [hotstuff info] 0.749678
2022-01-13 00:37:49.378740 [hotstuff info] 0.749808
2022-01-13 00:37:49.378758 [hotstuff info] 0.749819
2022-01-13 00:37:49.378768 [hotstuff info] 0.749821
2022-01-13 00:37:49.378775 [hotstuff info] 0.749821
2022-01-13 00:37:49.378785 [hotstuff info] 0.749824
2022-01-13 00:37:49.378794 [hotstuff info] 0.749826
2022-01-13 00:37:49.378802 [hotstuff info] 0.749827
2022-01-13 00:37:49.378810 [hotstuff info] 0.749831
2022-01-13 00:37:49.378818 [hotstuff info] 0.749832
2022-01-13 00:37:49.378837 [hotstuff info] 0.749844
2022-01-13 00:37:49.378846 [hotstuff info] 0.749845
2022-01-13 00:37:49.378853 [hotstuff info] 0.749846
2022-01-13 00:37:49.378860 [hotstuff info] 0.749847
2022-01-13 00:37:49.378879 [hotstuff info] 0.749860
2022-01-13 00:37:49.378886 [hotstuff info] 0.749861
2022-01-13 00:37:49.378895 [hotstuff info] 0.749863
2022-01-13 00:37:49.378904 [hotstuff info] 0.749866
2022-01-13 00:37:49.378913 [hotstuff info] 0.749868
2022-01-13 00:37:49.378921 [hotstuff info] 0.749868
2022-01-13 00:37:49.378929 [hotstuff info] 0.749871
2022-01-13 00:37:49.379298 [hotstuff info] 0.666826
2022-01-13 00:37:49.379315 [hotstuff info] 0.666836
2022-01-13 00:37:49.379325 [hotstuff info] 0.666836
2022-01-13 00:37:49.379332 [hotstuff info] 0.666834
2022-01-13 00:37:49.379338 [hotstuff info] 0.666834
2022-01-13 00:37:49.379349 [hotstuff info] 0.666836
2022-01-13 00:37:49.379358 [hotstuff info] 0.666836
2022-01-13 00:37:49.379366 [hotstuff info] 0.666838
2022-01-13 00:37:49.379374 [hotstuff info] 0.666838
2022-01-13 00:37:49.379383 [hotstuff info] 0.666840
2022-01-13 00:37:49.379391 [hotstuff info] 0.666841
2022-01-13 00:37:49.379397 [hotstuff info] 0.666841
2022-01-13 00:37:49.379406 [hotstuff info] 0.666840
2022-01-13 00:37:49.379414 [hotstuff info] 0.666841
2022-01-13 00:37:49.379421 [hotstuff info] 0.666840
2022-01-13 00:37:49.379430 [hotstuff info] 0.666843
2022-01-13 00:37:49.379438 [hotstuff info] 0.666843
2022-01-13 00:37:49.379446 [hotstuff info] 0.666844
2022-01-13 00:37:49.379452 [hotstuff info] 0.666844
2022-01-13 00:37:49.379458 [hotstuff info] 0.666844
2022-01-13 00:37:49.379465 [hotstuff info] 0.666843
2022-01-13 00:37:49.379474 [hotstuff info] 0.666536
2022-01-13 00:37:49.379481 [hotstuff info] 0.666535
2022-01-13 00:37:49.379488 [hotstuff info] 0.666534
2022-01-13 00:37:49.379495 [hotstuff info] 0.666534
2022-01-13 00:37:49.379501 [hotstuff info] 0.666533
2022-01-13 00:37:49.379508 [hotstuff info] 0.666533
2022-01-13 00:37:49.379515 [hotstuff info] 0.666531
2022-01-13 00:37:49.379522 [hotstuff info] 0.666531
2022-01-13 00:37:49.379529 [hotstuff info] 0.666532
2022-01-13 00:37:49.379536 [hotstuff info] 0.666531
2022-01-13 00:37:49.379542 [hotstuff info] 0.666531
2022-01-13 00:37:49.379549 [hotstuff info] 0.666530
2022-01-13 00:37:49.379557 [hotstuff info] 0.666530
2022-01-13 00:37:49.379565 [hotstuff info] 0.666530
2022-01-13 00:37:49.379571 [hotstuff info] 0.666527
2022-01-13 00:37:49.379578 [hotstuff info] 0.666525
2022-01-13 00:37:49.379585 [hotstuff info] 0.666525
2022-01-13 00:37:49.379592 [hotstuff info] 0.666524
2022-01-13 00:37:49.379599 [hotstuff info] 0.666524
2022-01-13 00:37:49.379605 [hotstuff info] 0.666524
2022-01-13 00:37:49.379612 [hotstuff info] 0.666523
2022-01-13 00:37:49.379619 [hotstuff info] 0.666524
2022-01-13 00:37:49.379626 [hotstuff info] 0.666525
2022-01-13 00:37:49.379633 [hotstuff info] 0.666525
2022-01-13 00:37:49.379640 [hotstuff info] 0.666525
2022-01-13 00:37:49.379647 [hotstuff info] 0.666526
2022-01-13 00:37:49.379653 [hotstuff info] 0.666525
2022-01-13 00:37:49.379660 [hotstuff info] 0.666525
2022-01-13 00:37:49.379666 [hotstuff info] 0.666526
2022-01-13 00:37:49.379674 [hotstuff info] 0.666526
2022-01-13 00:37:49.379681 [hotstuff info] 0.666528
2022-01-13 00:37:49.379687 [hotstuff info] 0.666528
2022-01-13 00:37:49.379696 [hotstuff info] 0.666507
2022-01-13 00:37:49.379704 [hotstuff info] 0.666509
2022-01-13 00:37:49.379710 [hotstuff info] 0.666509
2022-01-13 00:37:49.379717 [hotstuff info] 0.666509
2022-01-13 00:37:49.379724 [hotstuff info] 0.666510
2022-01-13 00:37:49.379731 [hotstuff info] 0.666511
2022-01-13 00:37:49.379740 [hotstuff info] 0.666513
2022-01-13 00:37:49.379748 [hotstuff info] 0.666515
2022-01-13 00:37:49.379756 [hotstuff info] 0.666518
2022-01-13 00:37:49.379763 [hotstuff info] 0.666518
2022-01-13 00:37:49.379769 [hotstuff info] 0.666519
2022-01-13 00:37:49.379777 [hotstuff info] 0.666521
2022-01-13 00:37:49.379787 [hotstuff info] 0.666523
2022-01-13 00:37:49.379795 [hotstuff info] 0.666526
2022-01-13 00:37:49.379802 [hotstuff info] 0.666508
2022-01-13 00:37:49.379809 [hotstuff info] 0.666510
2022-01-13 00:37:49.379819 [hotstuff info] 0.666514
2022-01-13 00:37:49.379828 [hotstuff info] 0.666515
2022-01-13 00:37:49.379841 [hotstuff info] 0.666523
2022-01-13 00:37:49.379848 [hotstuff info] 0.666523
2022-01-13 00:37:49.379858 [hotstuff info] 0.666528
2022-01-13 00:37:49.379867 [hotstuff info] 0.666532
2022-01-13 00:37:49.379876 [hotstuff info] 0.666532
2022-01-13 00:37:49.379887 [hotstuff info] 0.666537
2022-01-13 00:37:49.379894 [hotstuff info] 0.666538
2022-01-13 00:37:49.379901 [hotstuff info] 0.666540
2022-01-13 00:37:49.379908 [hotstuff info] 0.666540
2022-01-13 00:37:49.912195 [hotstuff info] 0.666438
2022-01-13 00:37:49.912231 [hotstuff info] 0.666461
2022-01-13 00:37:49.912243 [hotstuff info] 0.666460
2022-01-13 00:37:49.912252 [hotstuff info] 0.666462
2022-01-13 00:37:49.912264 [hotstuff info] 0.666464
2022-01-13 00:37:49.912276 [hotstuff info] 0.666470
2022-01-13 00:37:49.912287 [hotstuff info] 0.666467
2022-01-13 00:37:49.912299 [hotstuff info] 0.666468
2022-01-13 00:37:49.912310 [hotstuff info] 0.666471
2022-01-13 00:37:49.912321 [hotstuff info] 0.666476
2022-01-13 00:37:49.912332 [hotstuff info] 0.666473
