2022-01-13 00:37:46.785372 [net info] starting all threads...
2022-01-13 00:37:46.785520 [net warn] ignoring option name in conf file: block-size
2022-01-13 00:37:46.785532 [net warn] ignoring option name in conf file: nworker
2022-01-13 00:37:46.785538 [net warn] ignoring option name in conf file: repnworker
2022-01-13 00:37:46.785543 [net warn] ignoring option name in conf file: clinworker
2022-01-13 00:37:46.785549 [net warn] ignoring option name in conf file: repburst
2022-01-13 00:37:46.785554 [net warn] ignoring option name in conf file: cliburst
2022-01-13 00:37:46.785560 [net warn] ignoring option name in conf file: pace-maker
2022-01-13 00:37:46.785580 [net info] loaded configuration from hotstuff.conf
2022-01-13 00:37:46.785669 [hotstuff info] nfaulty = 3
2022-01-13 00:37:46.785952 [net info] created <Conn fd=11 addr=<NetAddr 18.188.17.142:20000> mode=active>
2022-01-13 00:37:46.786222 [net info] created <Conn fd=19 addr=<NetAddr 3.142.114.174:20000> mode=active>
2022-01-13 00:37:46.786255 [net info] connected to remote <Conn fd=11 addr=<NetAddr 18.188.17.142:20000> mode=active>
2022-01-13 00:37:46.786479 [net info] created <Conn fd=21 addr=<NetAddr 52.79.253.61:20000> mode=active>
2022-01-13 00:37:46.786731 [net info] created <Conn fd=23 addr=<NetAddr 3.36.103.56:20000> mode=active>
2022-01-13 00:37:46.786969 [net info] created <Conn fd=25 addr=<NetAddr 54.93.131.236:20000> mode=active>
2022-01-13 00:37:46.786994 [net info] connected to remote <Conn fd=19 addr=<NetAddr 3.142.114.174:20000> mode=active>
2022-01-13 00:37:46.787191 [net info] created <Conn fd=27 addr=<NetAddr 3.120.147.128:20000> mode=active>
2022-01-13 00:37:46.787402 [net info] created <Conn fd=29 addr=<NetAddr 54.215.140.88:20000> mode=active>
2022-01-13 00:37:46.787596 [net info] created <Conn fd=31 addr=<NetAddr 54.193.29.119:20000> mode=active>
2022-01-13 00:37:46.787805 [net info] created <Conn fd=33 addr=<NetAddr 3.112.224.96:20000> mode=active>
2022-01-13 00:37:46.788068 [net info] created <Conn fd=35 addr=<NetAddr 54.95.218.99:20000> mode=active>
2022-01-13 00:37:46.837056 [net info] connected to remote <Conn fd=29 addr=<NetAddr 54.215.140.88:20000> mode=active>
2022-01-13 00:37:46.839422 [net info] connected to remote <Conn fd=31 addr=<NetAddr 54.193.29.119:20000> mode=active>
2022-01-13 00:37:46.886865 [net info] connected to remote <Conn fd=25 addr=<NetAddr 54.93.131.236:20000> mode=active>
2022-01-13 00:37:46.887112 [net info] connected to remote <Conn fd=27 addr=<NetAddr 3.120.147.128:20000> mode=active>
2022-01-13 00:37:46.918089 [net info] connected to remote <Conn fd=33 addr=<NetAddr 3.112.224.96:20000> mode=active>
2022-01-13 00:37:46.919758 [net info] connected to remote <Conn fd=35 addr=<NetAddr 54.95.218.99:20000> mode=active>
2022-01-13 00:37:46.946636 [net info] connected to remote <Conn fd=23 addr=<NetAddr 3.36.103.56:20000> mode=active>
2022-01-13 00:37:46.946673 [net info] connected to remote <Conn fd=21 addr=<NetAddr 52.79.253.61:20000> mode=active>
2022-01-13 00:37:47.381025 [hotstuff info] 0.592886
2022-01-13 00:37:47.381059 [hotstuff info] 0.592903
2022-01-13 00:37:47.381069 [hotstuff info] 0.592898
2022-01-13 00:37:47.381076 [hotstuff info] 0.592891
2022-01-13 00:37:47.381082 [hotstuff info] 0.592883
2022-01-13 00:37:47.381092 [hotstuff info] 0.592878
2022-01-13 00:37:47.381099 [hotstuff info] 0.592872
2022-01-13 00:37:47.381106 [hotstuff info] 0.592864
2022-01-13 00:37:47.381114 [hotstuff info] 0.592859
2022-01-13 00:37:47.381121 [hotstuff info] 0.592850
2022-01-13 00:37:47.381128 [hotstuff info] 0.592845
2022-01-13 00:37:47.381135 [hotstuff info] 0.592834
2022-01-13 00:37:47.381143 [hotstuff info] 0.592828
2022-01-13 00:37:47.381149 [hotstuff info] 0.592821
2022-01-13 00:37:47.381156 [hotstuff info] 0.592814
2022-01-13 00:37:47.381162 [hotstuff info] 0.592807
2022-01-13 00:37:47.381169 [hotstuff info] 0.592801
2022-01-13 00:37:47.381176 [hotstuff info] 0.592791
2022-01-13 00:37:47.381183 [hotstuff info] 0.592783
2022-01-13 00:37:47.381190 [hotstuff info] 0.592777
2022-01-13 00:37:47.381197 [hotstuff info] 0.592771
2022-01-13 00:37:47.381204 [hotstuff info] 0.592763
2022-01-13 00:37:47.381210 [hotstuff info] 0.592755
2022-01-13 00:37:47.381217 [hotstuff info] 0.592749
2022-01-13 00:37:47.381223 [hotstuff info] 0.592742
2022-01-13 00:37:47.381230 [hotstuff info] 0.592732
2022-01-13 00:37:47.381236 [hotstuff info] 0.592725
2022-01-13 00:37:47.381243 [hotstuff info] 0.592718
2022-01-13 00:37:47.381249 [hotstuff info] 0.592711
2022-01-13 00:37:47.381256 [hotstuff info] 0.592704
2022-01-13 00:37:47.381262 [hotstuff info] 0.592698
2022-01-13 00:37:47.381268 [hotstuff info] 0.592689
2022-01-13 00:37:47.381274 [hotstuff info] 0.592680
2022-01-13 00:37:47.381303 [hotstuff info] 0.592696
2022-01-13 00:37:47.381309 [hotstuff info] 0.592689
2022-01-13 00:37:47.381315 [hotstuff info] 0.592681
2022-01-13 00:37:47.381323 [hotstuff info] 0.592675
2022-01-13 00:37:47.381329 [hotstuff info] 0.592666
2022-01-13 00:37:47.381335 [hotstuff info] 0.592658
2022-01-13 00:37:47.381342 [hotstuff info] 0.592651
2022-01-13 00:37:47.381348 [hotstuff info] 0.592644
2022-01-13 00:37:47.381360 [hotstuff info] 0.592642
2022-01-13 00:37:47.381370 [hotstuff info] 0.592639
2022-01-13 00:37:47.381381 [hotstuff info] 0.592636
2022-01-13 00:37:47.381401 [hotstuff info] 0.592642
2022-01-13 00:37:47.381411 [hotstuff info] 0.592636
2022-01-13 00:37:47.381420 [hotstuff info] 0.592628
2022-01-13 00:37:47.381431 [hotstuff info] 0.592626
2022-01-13 00:37:47.381440 [hotstuff info] 0.592622
2022-01-13 00:37:47.381446 [hotstuff info] 0.592619
2022-01-13 00:37:47.381462 [hotstuff info] 0.592621
2022-01-13 00:37:47.381471 [hotstuff info] 0.592617
2022-01-13 00:37:47.381478 [hotstuff info] 0.592607
2022-01-13 00:37:47.381484 [hotstuff info] 0.592600
2022-01-13 00:37:47.381491 [hotstuff info] 0.592594
2022-01-13 00:37:47.381498 [hotstuff info] 0.592586
2022-01-13 00:37:47.381505 [hotstuff info] 0.592580
2022-01-13 00:37:47.381511 [hotstuff info] 0.592573
2022-01-13 00:37:47.381518 [hotstuff info] 0.592567
2022-01-13 00:37:47.381525 [hotstuff info] 0.592559
2022-01-13 00:37:47.381532 [hotstuff info] 0.592552
2022-01-13 00:37:47.381538 [hotstuff info] 0.592545
2022-01-13 00:37:47.381544 [hotstuff info] 0.592540
2022-01-13 00:37:47.381550 [hotstuff info] 0.592532
2022-01-13 00:37:47.381557 [hotstuff info] 0.592526
2022-01-13 00:37:47.381567 [hotstuff info] 0.592522
2022-01-13 00:37:47.381573 [hotstuff info] 0.592512
2022-01-13 00:37:47.381580 [hotstuff info] 0.592505
2022-01-13 00:37:47.381586 [hotstuff info] 0.592498
2022-01-13 00:37:47.381592 [hotstuff info] 0.592491
2022-01-13 00:37:47.381599 [hotstuff info] 0.592484
2022-01-13 00:37:47.381606 [hotstuff info] 0.592478
2022-01-13 00:37:47.381612 [hotstuff info] 0.592472
2022-01-13 00:37:47.381622 [hotstuff info] 0.592466
2022-01-13 00:37:47.381633 [hotstuff info] 0.592463
2022-01-13 00:37:47.382169 [hotstuff info] 0.592984
2022-01-13 00:37:47.382195 [hotstuff info] 0.593000
2022-01-13 00:37:47.382207 [hotstuff info] 0.592999
2022-01-13 00:37:47.382217 [hotstuff info] 0.592995
2022-01-13 00:37:47.382225 [hotstuff info] 0.592985
2022-01-13 00:37:47.382233 [hotstuff info] 0.592981
2022-01-13 00:37:47.382240 [hotstuff info] 0.592973
2022-01-13 00:37:47.382247 [hotstuff info] 0.592968
2022-01-13 00:37:47.382255 [hotstuff info] 0.592963
2022-01-13 00:37:47.382262 [hotstuff info] 0.592957
2022-01-13 00:37:47.382270 [hotstuff info] 0.592949
2022-01-13 00:37:47.382278 [hotstuff info] 0.592944
2022-01-13 00:37:47.382284 [hotstuff info] 0.592937
2022-01-13 00:37:47.382292 [hotstuff info] 0.592933
2022-01-13 00:37:47.382300 [hotstuff info] 0.592927
2022-01-13 00:37:47.382307 [hotstuff info] 0.592921
2022-01-13 00:37:47.382314 [hotstuff info] 0.592916
2022-01-13 00:37:47.428865 [hotstuff info] 0.639449
2022-01-13 00:37:47.428898 [hotstuff info] 0.639470
2022-01-13 00:37:47.428907 [hotstuff info] 0.639466
2022-01-13 00:37:47.428913 [hotstuff info] 0.639459
2022-01-13 00:37:47.428921 [hotstuff info] 0.639454
2022-01-13 00:37:47.428928 [hotstuff info] 0.639449
2022-01-13 00:37:47.428936 [hotstuff info] 0.639444
2022-01-13 00:37:47.428942 [hotstuff info] 0.639437
2022-01-13 00:37:47.428950 [hotstuff info] 0.639429
2022-01-13 00:37:47.428957 [hotstuff info] 0.639422
2022-01-13 00:37:47.428963 [hotstuff info] 0.639416
2022-01-13 00:37:47.428970 [hotstuff info] 0.639409
2022-01-13 00:37:47.428977 [hotstuff info] 0.639404
2022-01-13 00:37:47.428983 [hotstuff info] 0.639397
2022-01-13 00:37:47.428991 [hotstuff info] 0.639392
2022-01-13 00:37:47.429274 [hotstuff info] 0.639660
2022-01-13 00:37:47.429291 [hotstuff info] 0.639664
2022-01-13 00:37:47.429302 [hotstuff info] 0.639661
2022-01-13 00:37:47.429310 [hotstuff info] 0.639656
2022-01-13 00:37:47.429674 [hotstuff info] 0.640008
2022-01-13 00:37:47.429691 [hotstuff info] 0.640012
2022-01-13 00:37:47.432835 [hotstuff info] 0.643143
2022-01-13 00:37:47.432860 [hotstuff info] 0.643152
2022-01-13 00:37:47.432869 [hotstuff info] 0.643149
2022-01-13 00:37:47.432877 [hotstuff info] 0.643145
2022-01-13 00:37:47.432884 [hotstuff info] 0.643140
2022-01-13 00:37:47.432893 [hotstuff info] 0.643135
2022-01-13 00:37:47.432900 [hotstuff info] 0.643129
2022-01-13 00:37:47.432907 [hotstuff info] 0.643122
2022-01-13 00:37:47.432913 [hotstuff info] 0.643111
2022-01-13 00:37:47.432921 [hotstuff info] 0.643104
2022-01-13 00:37:47.432927 [hotstuff info] 0.643096
2022-01-13 00:37:47.432934 [hotstuff info] 0.643088
2022-01-13 00:37:47.432940 [hotstuff info] 0.643082
2022-01-13 00:37:47.432948 [hotstuff info] 0.643075
2022-01-13 00:37:47.432955 [hotstuff info] 0.643068
2022-01-13 00:37:47.432962 [hotstuff info] 0.643058
2022-01-13 00:37:47.432981 [hotstuff info] 0.643064
2022-01-13 00:37:47.432988 [hotstuff info] 0.643059
2022-01-13 00:37:47.432994 [hotstuff info] 0.643051
2022-01-13 00:37:47.433001 [hotstuff info] 0.643044
2022-01-13 00:37:47.433007 [hotstuff info] 0.643036
2022-01-13 00:37:47.433014 [hotstuff info] 0.643030
2022-01-13 00:37:47.433021 [hotstuff info] 0.643021
2022-01-13 00:37:47.433028 [hotstuff info] 0.643014
2022-01-13 00:37:47.433034 [hotstuff info] 0.643008
2022-01-13 00:37:47.433041 [hotstuff info] 0.643002
2022-01-13 00:37:47.433048 [hotstuff info] 0.642994
2022-01-13 00:37:47.433056 [hotstuff info] 0.642989
2022-01-13 00:37:47.433062 [hotstuff info] 0.642982
2022-01-13 00:37:47.433070 [hotstuff info] 0.642970
2022-01-13 00:37:47.433077 [hotstuff info] 0.642963
2022-01-13 00:37:47.433084 [hotstuff info] 0.642956
2022-01-13 00:37:47.433091 [hotstuff info] 0.642951
2022-01-13 00:37:47.433099 [hotstuff info] 0.642944
2022-01-13 00:37:47.433105 [hotstuff info] 0.642938
2022-01-13 00:37:47.433113 [hotstuff info] 0.642932
2022-01-13 00:37:47.433120 [hotstuff info] 0.642921
2022-01-13 00:37:47.433128 [hotstuff info] 0.642915
2022-01-13 00:37:47.433134 [hotstuff info] 0.642908
2022-01-13 00:37:47.433142 [hotstuff info] 0.642900
2022-01-13 00:37:47.433149 [hotstuff info] 0.642892
2022-01-13 00:37:47.433156 [hotstuff info] 0.642885
2022-01-13 00:37:47.433163 [hotstuff info] 0.642876
2022-01-13 00:37:47.433170 [hotstuff info] 0.642866
2022-01-13 00:37:47.433175 [hotstuff info] 0.642857
2022-01-13 00:37:47.433181 [hotstuff info] 0.642850
2022-01-13 00:37:47.433189 [hotstuff info] 0.642844
2022-01-13 00:37:47.433197 [hotstuff info] 0.642838
2022-01-13 00:37:47.433204 [hotstuff info] 0.642832
2022-01-13 00:37:47.433212 [hotstuff info] 0.642825
2022-01-13 00:37:47.433218 [hotstuff info] 0.642818
2022-01-13 00:37:47.433225 [hotstuff info] 0.642810
2022-01-13 00:37:47.433231 [hotstuff info] 0.642803
2022-01-13 00:37:47.433240 [hotstuff info] 0.642798
2022-01-13 00:37:47.433246 [hotstuff info] 0.642785
2022-01-13 00:37:47.433253 [hotstuff info] 0.642779
2022-01-13 00:37:47.433260 [hotstuff info] 0.642771
2022-01-13 00:37:47.433267 [hotstuff info] 0.642766
2022-01-13 00:37:47.433274 [hotstuff info] 0.642760
2022-01-13 00:37:47.433281 [hotstuff info] 0.642755
2022-01-13 00:37:47.433288 [hotstuff info] 0.642749
2022-01-13 00:37:47.433296 [hotstuff info] 0.642743
2022-01-13 00:37:47.913637 [hotstuff info] 0.532579
2022-01-13 00:37:47.913673 [hotstuff info] 0.532605
2022-01-13 00:37:47.913682 [hotstuff info] 0.532607
2022-01-13 00:37:47.913688 [hotstuff info] 0.532607
2022-01-13 00:37:47.913694 [hotstuff info] 0.532604
2022-01-13 00:37:47.913701 [hotstuff info] 0.532603
2022-01-13 00:37:47.913860 [hotstuff info] 0.532755
2022-01-13 00:37:47.913877 [hotstuff info] 0.532764
2022-01-13 00:37:47.913884 [hotstuff info] 0.532765
2022-01-13 00:37:47.913891 [hotstuff info] 0.532763
2022-01-13 00:37:47.913898 [hotstuff info] 0.532765
2022-01-13 00:37:47.913906 [hotstuff info] 0.532764
2022-01-13 00:37:47.913912 [hotstuff info] 0.532764
2022-01-13 00:37:47.913920 [hotstuff info] 0.532765
2022-01-13 00:37:47.913927 [hotstuff info] 0.532765
2022-01-13 00:37:47.913934 [hotstuff info] 0.532766
2022-01-13 00:37:47.913941 [hotstuff info] 0.532766
2022-01-13 00:37:47.913949 [hotstuff info] 0.532766
2022-01-13 00:37:47.913956 [hotstuff info] 0.532766
2022-01-13 00:37:47.913963 [hotstuff info] 0.532766
2022-01-13 00:37:47.913969 [hotstuff info] 0.532767
2022-01-13 00:37:47.913976 [hotstuff info] 0.532767
2022-01-13 00:37:47.913984 [hotstuff info] 0.532768
2022-01-13 00:37:47.913991 [hotstuff info] 0.532769
2022-01-13 00:37:47.913997 [hotstuff info] 0.532769
2022-01-13 00:37:47.914004 [hotstuff info] 0.532769
2022-01-13 00:37:47.914011 [hotstuff info] 0.532768
2022-01-13 00:37:47.914019 [hotstuff info] 0.532770
2022-01-13 00:37:47.914026 [hotstuff info] 0.532771
2022-01-13 00:37:47.914033 [hotstuff info] 0.532771
2022-01-13 00:37:47.914039 [hotstuff info] 0.532773
2022-01-13 00:37:47.914047 [hotstuff info] 0.532773
2022-01-13 00:37:47.914054 [hotstuff info] 0.532751
2022-01-13 00:37:47.914060 [hotstuff info] 0.532752
2022-01-13 00:37:47.914067 [hotstuff info] 0.532752
2022-01-13 00:37:47.914074 [hotstuff info] 0.532753
2022-01-13 00:37:47.914081 [hotstuff info] 0.532753
2022-01-13 00:37:47.914088 [hotstuff info] 0.532754
2022-01-13 00:37:47.914095 [hotstuff info] 0.532754
2022-01-13 00:37:47.914102 [hotstuff info] 0.532754
2022-01-13 00:37:47.914108 [hotstuff info] 0.532749
2022-01-13 00:37:47.914116 [hotstuff info] 0.532746
2022-01-13 00:37:47.914122 [hotstuff info] 0.532742
2022-01-13 00:37:47.914131 [hotstuff info] 0.532735
2022-01-13 00:37:47.914137 [hotstuff info] 0.532728
2022-01-13 00:37:47.914144 [hotstuff info] 0.532728
2022-01-13 00:37:47.914151 [hotstuff info] 0.532724
2022-01-13 00:37:47.914158 [hotstuff info] 0.532722
2022-01-13 00:37:47.914165 [hotstuff info] 0.532719
2022-01-13 00:37:47.914173 [hotstuff info] 0.532711
2022-01-13 00:37:47.914179 [hotstuff info] 0.532709
2022-01-13 00:37:47.914187 [hotstuff info] 0.532709
2022-01-13 00:37:47.914193 [hotstuff info] 0.532709
2022-01-13 00:37:47.914200 [hotstuff info] 0.532709
2022-01-13 00:37:47.914206 [hotstuff info] 0.532710
2022-01-13 00:37:47.914213 [hotstuff info] 0.532710
2022-01-13 00:37:47.914220 [hotstuff info] 0.532710
2022-01-13 00:37:47.914227 [hotstuff info] 0.532710
2022-01-13 00:37:47.914234 [hotstuff info] 0.532710
2022-01-13 00:37:47.914240 [hotstuff info] 0.532710
2022-01-13 00:37:47.914246 [hotstuff info] 0.532709
2022-01-13 00:37:47.914253 [hotstuff info] 0.532709
2022-01-13 00:37:47.914260 [hotstuff info] 0.532711
2022-01-13 00:37:47.914267 [hotstuff info] 0.532710
2022-01-13 00:37:47.914273 [hotstuff info] 0.532707
2022-01-13 00:37:47.914280 [hotstuff info] 0.532707
2022-01-13 00:37:47.914286 [hotstuff info] 0.532707
2022-01-13 00:37:47.914293 [hotstuff info] 0.532708
2022-01-13 00:37:47.914300 [hotstuff info] 0.532708
2022-01-13 00:37:47.914307 [hotstuff info] 0.532709
2022-01-13 00:37:47.914314 [hotstuff info] 0.532709
2022-01-13 00:37:47.914321 [hotstuff info] 0.532709
2022-01-13 00:37:47.914327 [hotstuff info] 0.532710
2022-01-13 00:37:47.914334 [hotstuff info] 0.532706
2022-01-13 00:37:47.914341 [hotstuff info] 0.532702
2022-01-13 00:37:47.914348 [hotstuff info] 0.532154
2022-01-13 00:37:47.961670 [hotstuff info] 0.579463
2022-01-13 00:37:47.961693 [hotstuff info] 0.579477
2022-01-13 00:37:47.962127 [hotstuff info] 0.579903
2022-01-13 00:37:47.962144 [hotstuff info] 0.579911
2022-01-13 00:37:47.962151 [hotstuff info] 0.579912
2022-01-13 00:37:47.962157 [hotstuff info] 0.579911
2022-01-13 00:37:47.962186 [hotstuff info] 0.579933
2022-01-13 00:37:47.962193 [hotstuff info] 0.579932
2022-01-13 00:37:47.965449 [hotstuff info] 0.583180
2022-01-13 00:37:47.965470 [hotstuff info] 0.583193
2022-01-13 00:37:47.965481 [hotstuff info] 0.583198
2022-01-13 00:37:47.965491 [hotstuff info] 0.583200
2022-01-13 00:37:47.965498 [hotstuff info] 0.583199
2022-01-13 00:37:47.965504 [hotstuff info] 0.583199
2022-01-13 00:37:47.965511 [hotstuff info] 0.583197
2022-01-13 00:37:47.965517 [hotstuff info] 0.583197
2022-01-13 00:37:47.965524 [hotstuff info] 0.536627
2022-01-13 00:37:47.965531 [hotstuff info] 0.536625
2022-01-13 00:37:47.965537 [hotstuff info] 0.536625
2022-01-13 00:37:47.965544 [hotstuff info] 0.536624
2022-01-13 00:37:47.965551 [hotstuff info] 0.536623
2022-01-13 00:37:47.965557 [hotstuff info] 0.536622
2022-01-13 00:37:47.965564 [hotstuff info] 0.536622
2022-01-13 00:37:47.965570 [hotstuff info] 0.536621
2022-01-13 00:37:47.965577 [hotstuff info] 0.536622
2022-01-13 00:37:47.965584 [hotstuff info] 0.536621
2022-01-13 00:37:47.965591 [hotstuff info] 0.536621
2022-01-13 00:37:47.965597 [hotstuff info] 0.536621
2022-01-13 00:37:47.965603 [hotstuff info] 0.536620
2022-01-13 00:37:47.965608 [hotstuff info] 0.536618
2022-01-13 00:37:47.965615 [hotstuff info] 0.536617
2022-01-13 00:37:48.046785 [hotstuff info] 0.617493
2022-01-13 00:37:48.046808 [hotstuff info] 0.617508
2022-01-13 00:37:48.046818 [hotstuff info] 0.617509
2022-01-13 00:37:48.046825 [hotstuff info] 0.617510
2022-01-13 00:37:48.046834 [hotstuff info] 0.617143
2022-01-13 00:37:48.046841 [hotstuff info] 0.617143
2022-01-13 00:37:48.047208 [hotstuff info] 0.614349
2022-01-13 00:37:48.047229 [hotstuff info] 0.614361
2022-01-13 00:37:48.047238 [hotstuff info] 0.614363
2022-01-13 00:37:48.047392 [hotstuff info] 0.614509
2022-01-13 00:37:48.047410 [hotstuff info] 0.614519
2022-01-13 00:37:48.047418 [hotstuff info] 0.614519
2022-01-13 00:37:48.047428 [hotstuff info] 0.614523
2022-01-13 00:37:48.047436 [hotstuff info] 0.614524
2022-01-13 00:37:48.047444 [hotstuff info] 0.614524
2022-01-13 00:37:48.047451 [hotstuff info] 0.614525
2022-01-13 00:37:48.047459 [hotstuff info] 0.614526
2022-01-13 00:37:48.047467 [hotstuff info] 0.614527
2022-01-13 00:37:48.047474 [hotstuff info] 0.614527
2022-01-13 00:37:48.047481 [hotstuff info] 0.614528
2022-01-13 00:37:48.047489 [hotstuff info] 0.614528
2022-01-13 00:37:48.047495 [hotstuff info] 0.614515
2022-01-13 00:37:48.047502 [hotstuff info] 0.614514
2022-01-13 00:37:48.047508 [hotstuff info] 0.614514
2022-01-13 00:37:48.047515 [hotstuff info] 0.614516
2022-01-13 00:37:48.047521 [hotstuff info] 0.614516
2022-01-13 00:37:48.047528 [hotstuff info] 0.614515
2022-01-13 00:37:48.047534 [hotstuff info] 0.614514
2022-01-13 00:37:48.047542 [hotstuff info] 0.614515
2022-01-13 00:37:48.047549 [hotstuff info] 0.614515
2022-01-13 00:37:48.047555 [hotstuff info] 0.614514
2022-01-13 00:37:48.047561 [hotstuff info] 0.614514
2022-01-13 00:37:48.047568 [hotstuff info] 0.614513
2022-01-13 00:37:48.047574 [hotstuff info] 0.614512
2022-01-13 00:37:48.047581 [hotstuff info] 0.614513
2022-01-13 00:37:48.047588 [hotstuff info] 0.614512
2022-01-13 00:37:48.047597 [hotstuff info] 0.614515
2022-01-13 00:37:48.047605 [hotstuff info] 0.614514
2022-01-13 00:37:48.047611 [hotstuff info] 0.614513
2022-01-13 00:37:48.047619 [hotstuff info] 0.614514
2022-01-13 00:37:48.047625 [hotstuff info] 0.614513
2022-01-13 00:37:48.047631 [hotstuff info] 0.614513
2022-01-13 00:37:48.047641 [hotstuff info] 0.614514
2022-01-13 00:37:48.047647 [hotstuff info] 0.614514
2022-01-13 00:37:48.047656 [hotstuff info] 0.614515
2022-01-13 00:37:48.047663 [hotstuff info] 0.614515
2022-01-13 00:37:48.047670 [hotstuff info] 0.614514
2022-01-13 00:37:48.047676 [hotstuff info] 0.614514
2022-01-13 00:37:48.047682 [hotstuff info] 0.614513
2022-01-13 00:37:48.047691 [hotstuff info] 0.614516
2022-01-13 00:37:48.047700 [hotstuff info] 0.614519
2022-01-13 00:37:48.047706 [hotstuff info] 0.614518
2022-01-13 00:37:48.047716 [hotstuff info] 0.614519
2022-01-13 00:37:48.047723 [hotstuff info] 0.614519
2022-01-13 00:37:48.047730 [hotstuff info] 0.614520
2022-01-13 00:37:48.047737 [hotstuff info] 0.614520
2022-01-13 00:37:48.047746 [hotstuff info] 0.614521
2022-01-13 00:37:48.047753 [hotstuff info] 0.614522
2022-01-13 00:37:48.047764 [hotstuff info] 0.614525
2022-01-13 00:37:48.047770 [hotstuff info] 0.614525
2022-01-13 00:37:48.047778 [hotstuff info] 0.614525
2022-01-13 00:37:48.047785 [hotstuff info] 0.614526
2022-01-13 00:37:48.047792 [hotstuff info] 0.614526
2022-01-13 00:37:48.047799 [hotstuff info] 0.614525
2022-01-13 00:37:48.047807 [hotstuff info] 0.614526
2022-01-13 00:37:48.047814 [hotstuff info] 0.614526
2022-01-13 00:37:48.047821 [hotstuff info] 0.614526
2022-01-13 00:37:48.047827 [hotstuff info] 0.614526
2022-01-13 00:37:48.580604 [hotstuff info] 0.666933
2022-01-13 00:37:48.580648 [hotstuff info] 0.666968
2022-01-13 00:37:48.580659 [hotstuff info] 0.666971
2022-01-13 00:37:48.580666 [hotstuff info] 0.666972
2022-01-13 00:37:48.580674 [hotstuff info] 0.666974
2022-01-13 00:37:48.580680 [hotstuff info] 0.666974
2022-01-13 00:37:48.580863 [hotstuff info] 0.666987
2022-01-13 00:37:48.580880 [hotstuff info] 0.666997
2022-01-13 00:37:48.580889 [hotstuff info] 0.666999
2022-01-13 00:37:48.580896 [hotstuff info] 0.666998
2022-01-13 00:37:48.580903 [hotstuff info] 0.666999
2022-01-13 00:37:48.580911 [hotstuff info] 0.667000
2022-01-13 00:37:48.580917 [hotstuff info] 0.666999
2022-01-13 00:37:48.580923 [hotstuff info] 0.666998
2022-01-13 00:37:48.580931 [hotstuff info] 0.666999
2022-01-13 00:37:48.580937 [hotstuff info] 0.666997
2022-01-13 00:37:48.580945 [hotstuff info] 0.666998
2022-01-13 00:37:48.580952 [hotstuff info] 0.666997
2022-01-13 00:37:48.580959 [hotstuff info] 0.666997
2022-01-13 00:37:48.580965 [hotstuff info] 0.666997
2022-01-13 00:37:48.580973 [hotstuff info] 0.666998
2022-01-13 00:37:48.580979 [hotstuff info] 0.666996
2022-01-13 00:37:48.580986 [hotstuff info] 0.666996
2022-01-13 00:37:48.580993 [hotstuff info] 0.666997
2022-01-13 00:37:48.581000 [hotstuff info] 0.666996
2022-01-13 00:37:48.581006 [hotstuff info] 0.666997
2022-01-13 00:37:48.581013 [hotstuff info] 0.666996
2022-01-13 00:37:48.581019 [hotstuff info] 0.666995
2022-01-13 00:37:48.581027 [hotstuff info] 0.666995
2022-01-13 00:37:48.581297 [hotstuff info] 0.667258
2022-01-13 00:37:48.581316 [hotstuff info] 0.667270
2022-01-13 00:37:48.581324 [hotstuff info] 0.667272
2022-01-13 00:37:48.629165 [hotstuff info] 0.715105
2022-01-13 00:37:48.629188 [hotstuff info] 0.715121
2022-01-13 00:37:48.629196 [hotstuff info] 0.715122
2022-01-13 00:37:48.629202 [hotstuff info] 0.715123
2022-01-13 00:37:48.629209 [hotstuff info] 0.715121
2022-01-13 00:37:48.629215 [hotstuff info] 0.715122
2022-01-13 00:37:48.629222 [hotstuff info] 0.715121
2022-01-13 00:37:48.629229 [hotstuff info] 0.715121
2022-01-13 00:37:48.629235 [hotstuff info] 0.715121
2022-01-13 00:37:48.629242 [hotstuff info] 0.715121
2022-01-13 00:37:48.629249 [hotstuff info] 0.715120
2022-01-13 00:37:48.629256 [hotstuff info] 0.715120
2022-01-13 00:37:48.629263 [hotstuff info] 0.715119
2022-01-13 00:37:48.629270 [hotstuff info] 0.715119
2022-01-13 00:37:48.629277 [hotstuff info] 0.715119
2022-01-13 00:37:48.629284 [hotstuff info] 0.715120
2022-01-13 00:37:48.629291 [hotstuff info] 0.715119
2022-01-13 00:37:48.629298 [hotstuff info] 0.715119
2022-01-13 00:37:48.629305 [hotstuff info] 0.715119
2022-01-13 00:37:48.629311 [hotstuff info] 0.715119
2022-01-13 00:37:48.629318 [hotstuff info] 0.715119
2022-01-13 00:37:48.629324 [hotstuff info] 0.715119
2022-01-13 00:37:48.629332 [hotstuff info] 0.715119
2022-01-13 00:37:48.629338 [hotstuff info] 0.715119
2022-01-13 00:37:48.629345 [hotstuff info] 0.715118
2022-01-13 00:37:48.629351 [hotstuff info] 0.715118
2022-01-13 00:37:48.629358 [hotstuff info] 0.715118
2022-01-13 00:37:48.629365 [hotstuff info] 0.715119
2022-01-13 00:37:48.629371 [hotstuff info] 0.715120
2022-01-13 00:37:48.629377 [hotstuff info] 0.715117
2022-01-13 00:37:48.629384 [hotstuff info] 0.715118
2022-01-13 00:37:48.629389 [hotstuff info] 0.715118
2022-01-13 00:37:48.629400 [hotstuff info] 0.715121
2022-01-13 00:37:48.629406 [hotstuff info] 0.715122
2022-01-13 00:37:48.629412 [hotstuff info] 0.715120
2022-01-13 00:37:48.629419 [hotstuff info] 0.715120
2022-01-13 00:37:48.629426 [hotstuff info] 0.715121
2022-01-13 00:37:48.629432 [hotstuff info] 0.715120
2022-01-13 00:37:48.629439 [hotstuff info] 0.715119
2022-01-13 00:37:48.629445 [hotstuff info] 0.715119
2022-01-13 00:37:48.629452 [hotstuff info] 0.715118
2022-01-13 00:37:48.629458 [hotstuff info] 0.715119
2022-01-13 00:37:48.629466 [hotstuff info] 0.715118
2022-01-13 00:37:48.629472 [hotstuff info] 0.715119
2022-01-13 00:37:48.632526 [hotstuff info] 0.670834
2022-01-13 00:37:48.632546 [hotstuff info] 0.670846
2022-01-13 00:37:48.632558 [hotstuff info] 0.670416
2022-01-13 00:37:48.632565 [hotstuff info] 0.670416
2022-01-13 00:37:48.632573 [hotstuff info] 0.670416
2022-01-13 00:37:48.632578 [hotstuff info] 0.670393
2022-01-13 00:37:48.632586 [hotstuff info] 0.670395
2022-01-13 00:37:48.632592 [hotstuff info] 0.670393
2022-01-13 00:37:48.713681 [hotstuff info] 0.748212
2022-01-13 00:37:48.713710 [hotstuff info] 0.748230
2022-01-13 00:37:48.713721 [hotstuff info] 0.748231
2022-01-13 00:37:48.713862 [hotstuff info] 0.748365
2022-01-13 00:37:48.713879 [hotstuff info] 0.748375
2022-01-13 00:37:48.713885 [hotstuff info] 0.748376
2022-01-13 00:37:48.713892 [hotstuff info] 0.748375
2022-01-13 00:37:48.713899 [hotstuff info] 0.748376
2022-01-13 00:37:48.713907 [hotstuff info] 0.748378
2022-01-13 00:37:48.713914 [hotstuff info] 0.748379
2022-01-13 00:37:48.713921 [hotstuff info] 0.748378
2022-01-13 00:37:48.713927 [hotstuff info] 0.748377
2022-01-13 00:37:48.713933 [hotstuff info] 0.748377
2022-01-13 00:37:48.713940 [hotstuff info] 0.748378
2022-01-13 00:37:48.713948 [hotstuff info] 0.748378
2022-01-13 00:37:48.713955 [hotstuff info] 0.748378
2022-01-13 00:37:48.713961 [hotstuff info] 0.748378
2022-01-13 00:37:48.713968 [hotstuff info] 0.748378
2022-01-13 00:37:48.713975 [hotstuff info] 0.748379
2022-01-13 00:37:48.713981 [hotstuff info] 0.748380
2022-01-13 00:37:48.713989 [hotstuff info] 0.748381
2022-01-13 00:37:48.713994 [hotstuff info] 0.748381
2022-01-13 00:37:48.714002 [hotstuff info] 0.748381
2022-01-13 00:37:48.714008 [hotstuff info] 0.667201
2022-01-13 00:37:48.714014 [hotstuff info] 0.667197
2022-01-13 00:37:48.714021 [hotstuff info] 0.667197
2022-01-13 00:37:48.714027 [hotstuff info] 0.667195
2022-01-13 00:37:48.714033 [hotstuff info] 0.667193
2022-01-13 00:37:48.714040 [hotstuff info] 0.667194
2022-01-13 00:37:48.714047 [hotstuff info] 0.666819
2022-01-13 00:37:48.714054 [hotstuff info] 0.666818
2022-01-13 00:37:48.714062 [hotstuff info] 0.666817
2022-01-13 00:37:48.714069 [hotstuff info] 0.666660
2022-01-13 00:37:48.714075 [hotstuff info] 0.666659
2022-01-13 00:37:48.714082 [hotstuff info] 0.666656
2022-01-13 00:37:48.714088 [hotstuff info] 0.666654
2022-01-13 00:37:48.714095 [hotstuff info] 0.666653
2022-01-13 00:37:48.714103 [hotstuff info] 0.666653
2022-01-13 00:37:48.714109 [hotstuff info] 0.666651
2022-01-13 00:37:48.714115 [hotstuff info] 0.666650
2022-01-13 00:37:48.714122 [hotstuff info] 0.666650
2022-01-13 00:37:48.714129 [hotstuff info] 0.666648
2022-01-13 00:37:48.714575 [hotstuff info] 0.667088
2022-01-13 00:37:48.714593 [hotstuff info] 0.667100
2022-01-13 00:37:48.714600 [hotstuff info] 0.667099
2022-01-13 00:37:48.714607 [hotstuff info] 0.667100
2022-01-13 00:37:48.714615 [hotstuff info] 0.667100
2022-01-13 00:37:48.714622 [hotstuff info] 0.667101
2022-01-13 00:37:48.714628 [hotstuff info] 0.667102
2022-01-13 00:37:48.714636 [hotstuff info] 0.667103
2022-01-13 00:37:48.714642 [hotstuff info] 0.667102
2022-01-13 00:37:48.714648 [hotstuff info] 0.667101
2022-01-13 00:37:48.714656 [hotstuff info] 0.667102
2022-01-13 00:37:48.714663 [hotstuff info] 0.667102
2022-01-13 00:37:48.714670 [hotstuff info] 0.667103
2022-01-13 00:37:48.714676 [hotstuff info] 0.667104
2022-01-13 00:37:48.714684 [hotstuff info] 0.667104
2022-01-13 00:37:48.714690 [hotstuff info] 0.667104
2022-01-13 00:37:48.714697 [hotstuff info] 0.667101
2022-01-13 00:37:48.714703 [hotstuff info] 0.667099
2022-01-13 00:37:48.714709 [hotstuff info] 0.667100
2022-01-13 00:37:48.714716 [hotstuff info] 0.667098
2022-01-13 00:37:48.714722 [hotstuff info] 0.667098
2022-01-13 00:37:48.714729 [hotstuff info] 0.667099
2022-01-13 00:37:48.714735 [hotstuff info] 0.667096
2022-01-13 00:37:48.714741 [hotstuff info] 0.667095
2022-01-13 00:37:48.714747 [hotstuff info] 0.667093
2022-01-13 00:37:48.714754 [hotstuff info] 0.667092
2022-01-13 00:37:48.714760 [hotstuff info] 0.667092
2022-01-13 00:37:48.714766 [hotstuff info] 0.667091
2022-01-13 00:37:48.714772 [hotstuff info] 0.667091
2022-01-13 00:37:48.714779 [hotstuff info] 0.667090
2022-01-13 00:37:48.714784 [hotstuff info] 0.667086
2022-01-13 00:37:48.714790 [hotstuff info] 0.667084
2022-01-13 00:37:48.714796 [hotstuff info] 0.667083
2022-01-13 00:37:48.714802 [hotstuff info] 0.667081
2022-01-13 00:37:48.714809 [hotstuff info] 0.667079
2022-01-13 00:37:48.714815 [hotstuff info] 0.667080
2022-01-13 00:37:48.714821 [hotstuff info] 0.667076
2022-01-13 00:37:48.714844 [hotstuff info] 0.667092
2022-01-13 00:37:48.714850 [hotstuff info] 0.667088
2022-01-13 00:37:48.714856 [hotstuff info] 0.667086
2022-01-13 00:37:48.714863 [hotstuff info] 0.667086
2022-01-13 00:37:48.714869 [hotstuff info] 0.667085
2022-01-13 00:37:48.714874 [hotstuff info] 0.667083
2022-01-13 00:37:48.714880 [hotstuff info] 0.667082
2022-01-13 00:37:48.714886 [hotstuff info] 0.667080
2022-01-13 00:37:48.714894 [hotstuff info] 0.667081
2022-01-13 00:37:48.714900 [hotstuff info] 0.667081
2022-01-13 00:37:48.714906 [hotstuff info] 0.667081
2022-01-13 00:37:48.714913 [hotstuff info] 0.667079
2022-01-13 00:37:49.247095 [hotstuff info] 0.666454
2022-01-13 00:37:49.247130 [hotstuff info] 0.666472
2022-01-13 00:37:49.247139 [hotstuff info] 0.666475
2022-01-13 00:37:49.247273 [hotstuff info] 0.666600
2022-01-13 00:37:49.247292 [hotstuff info] 0.666613
2022-01-13 00:37:49.247302 [hotstuff info] 0.666614
2022-01-13 00:37:49.247309 [hotstuff info] 0.666430
2022-01-13 00:37:49.247317 [hotstuff info] 0.666429
2022-01-13 00:37:49.247324 [hotstuff info] 0.666430
2022-01-13 00:37:49.247331 [hotstuff info] 0.666428
2022-01-13 00:37:49.247338 [hotstuff info] 0.666429
2022-01-13 00:37:49.247346 [hotstuff info] 0.666429
2022-01-13 00:37:49.247352 [hotstuff info] 0.666429
2022-01-13 00:37:49.247360 [hotstuff info] 0.666430
2022-01-13 00:37:49.247588 [hotstuff info] 0.666651
2022-01-13 00:37:49.247605 [hotstuff info] 0.666661
2022-01-13 00:37:49.247614 [hotstuff info] 0.666663
2022-01-13 00:37:49.247622 [hotstuff info] 0.666664
2022-01-13 00:37:49.247629 [hotstuff info] 0.666665
2022-01-13 00:37:49.247637 [hotstuff info] 0.666664
2022-01-13 00:37:49.247644 [hotstuff info] 0.666667
2022-01-13 00:37:49.247651 [hotstuff info] 0.666665
2022-01-13 00:37:49.247658 [hotstuff info] 0.666667
2022-01-13 00:37:49.247665 [hotstuff info] 0.666666
2022-01-13 00:37:49.247672 [hotstuff info] 0.666666
2022-01-13 00:37:49.247679 [hotstuff info] 0.666666
2022-01-13 00:37:49.247685 [hotstuff info] 0.666667
2022-01-13 00:37:49.247692 [hotstuff info] 0.666666
2022-01-13 00:37:49.247698 [hotstuff info] 0.666665
2022-01-13 00:37:49.295134 [hotstuff info] 0.713819
2022-01-13 00:37:49.295160 [hotstuff info] 0.713837
2022-01-13 00:37:49.295354 [hotstuff info] 0.714022
2022-01-13 00:37:49.379914 [hotstuff info] 0.750727
2022-01-13 00:37:49.379941 [hotstuff info] 0.750746
2022-01-13 00:37:49.379953 [hotstuff info] 0.750752
2022-01-13 00:37:49.380119 [hotstuff info] 0.750911
2022-01-13 00:37:49.380135 [hotstuff info] 0.750921
2022-01-13 00:37:49.380142 [hotstuff info] 0.750922
2022-01-13 00:37:49.380150 [hotstuff info] 0.750922
2022-01-13 00:37:49.380157 [hotstuff info] 0.750922
2022-01-13 00:37:49.380164 [hotstuff info] 0.750923
2022-01-13 00:37:49.380171 [hotstuff info] 0.750923
2022-01-13 00:37:49.380177 [hotstuff info] 0.750921
2022-01-13 00:37:49.380185 [hotstuff info] 0.750923
2022-01-13 00:37:49.380191 [hotstuff info] 0.750922
2022-01-13 00:37:49.380198 [hotstuff info] 0.750922
2022-01-13 00:37:49.380204 [hotstuff info] 0.750922
2022-01-13 00:37:49.380212 [hotstuff info] 0.750921
2022-01-13 00:37:49.380218 [hotstuff info] 0.750922
2022-01-13 00:37:49.380225 [hotstuff info] 0.750920
2022-01-13 00:37:49.380232 [hotstuff info] 0.750921
2022-01-13 00:37:49.380238 [hotstuff info] 0.750922
2022-01-13 00:37:49.380244 [hotstuff info] 0.750921
2022-01-13 00:37:49.380251 [hotstuff info] 0.750920
2022-01-13 00:37:49.380257 [hotstuff info] 0.750921
2022-01-13 00:37:49.380264 [hotstuff info] 0.750920
2022-01-13 00:37:49.380270 [hotstuff info] 0.750920
2022-01-13 00:37:49.380276 [hotstuff info] 0.750920
2022-01-13 00:37:49.380283 [hotstuff info] 0.750919
2022-01-13 00:37:49.380289 [hotstuff info] 0.750918
2022-01-13 00:37:49.380295 [hotstuff info] 0.750919
2022-01-13 00:37:49.380301 [hotstuff info] 0.750919
2022-01-13 00:37:49.380307 [hotstuff info] 0.750919
2022-01-13 00:37:49.380313 [hotstuff info] 0.750917
2022-01-13 00:37:49.380319 [hotstuff info] 0.750913
2022-01-13 00:37:49.380326 [hotstuff info] 0.750914
2022-01-13 00:37:49.380332 [hotstuff info] 0.750914
2022-01-13 00:37:49.380338 [hotstuff info] 0.750912
2022-01-13 00:37:49.380344 [hotstuff info] 0.750912
2022-01-13 00:37:49.380350 [hotstuff info] 0.750913
2022-01-13 00:37:49.380356 [hotstuff info] 0.750912
2022-01-13 00:37:49.380363 [hotstuff info] 0.750913
2022-01-13 00:37:49.380369 [hotstuff info] 0.750911
2022-01-13 00:37:49.380376 [hotstuff info] 0.750911
2022-01-13 00:37:49.380382 [hotstuff info] 0.750912
2022-01-13 00:37:49.380388 [hotstuff info] 0.750911
2022-01-13 00:37:49.380841 [hotstuff info] 0.748296
2022-01-13 00:37:49.380859 [hotstuff info] 0.748301
2022-01-13 00:37:49.380865 [hotstuff info] 0.748301
2022-01-13 00:37:49.380872 [hotstuff info] 0.748301
2022-01-13 00:37:49.380879 [hotstuff info] 0.748301
2022-01-13 00:37:49.380885 [hotstuff info] 0.748299
2022-01-13 00:37:49.380892 [hotstuff info] 0.748300
2022-01-13 00:37:49.380899 [hotstuff info] 0.748300
2022-01-13 00:37:49.380905 [hotstuff info] 0.667196
2022-01-13 00:37:49.380913 [hotstuff info] 0.667193
2022-01-13 00:37:49.380919 [hotstuff info] 0.667193
2022-01-13 00:37:49.380927 [hotstuff info] 0.667049
2022-01-13 00:37:49.380933 [hotstuff info] 0.667048
2022-01-13 00:37:49.380940 [hotstuff info] 0.667049
2022-01-13 00:37:49.380946 [hotstuff info] 0.667047
2022-01-13 00:37:49.380954 [hotstuff info] 0.667047
2022-01-13 00:37:49.380961 [hotstuff info] 0.667047
2022-01-13 00:37:49.380968 [hotstuff info] 0.667048
2022-01-13 00:37:49.380975 [hotstuff info] 0.667049
2022-01-13 00:37:49.380981 [hotstuff info] 0.667049
2022-01-13 00:37:49.380987 [hotstuff info] 0.667047
2022-01-13 00:37:49.380994 [hotstuff info] 0.667047
2022-01-13 00:37:49.380999 [hotstuff info] 0.667046
2022-01-13 00:37:49.381006 [hotstuff info] 0.667045
2022-01-13 00:37:49.381012 [hotstuff info] 0.667045
2022-01-13 00:37:49.381018 [hotstuff info] 0.667043
2022-01-13 00:37:49.381024 [hotstuff info] 0.667044
2022-01-13 00:37:49.381031 [hotstuff info] 0.667043
2022-01-13 00:37:49.381037 [hotstuff info] 0.667043
2022-01-13 00:37:49.381042 [hotstuff info] 0.667042
2022-01-13 00:37:49.381049 [hotstuff info] 0.667042
2022-01-13 00:37:49.381055 [hotstuff info] 0.667042
2022-01-13 00:37:49.381060 [hotstuff info] 0.667041
2022-01-13 00:37:49.381066 [hotstuff info] 0.667040
2022-01-13 00:37:49.381073 [hotstuff info] 0.667042
2022-01-13 00:37:49.381079 [hotstuff info] 0.667039
2022-01-13 00:37:49.381085 [hotstuff info] 0.667038
2022-01-13 00:37:49.381091 [hotstuff info] 0.667038
2022-01-13 00:37:49.381097 [hotstuff info] 0.667036
2022-01-13 00:37:49.381103 [hotstuff info] 0.667036
2022-01-13 00:37:49.381110 [hotstuff info] 0.667036
2022-01-13 00:37:49.381116 [hotstuff info] 0.667034
2022-01-13 00:37:49.381121 [hotstuff info] 0.667034
2022-01-13 00:37:49.381128 [hotstuff info] 0.667033
2022-01-13 00:37:49.381135 [hotstuff info] 0.667033
2022-01-13 00:37:49.428307 [hotstuff info] 0.714198
2022-01-13 00:37:49.428429 [hotstuff info] 0.714315
2022-01-13 00:37:49.428445 [hotstuff info] 0.714324
2022-01-13 00:37:49.428452 [hotstuff info] 0.714325
2022-01-13 00:37:49.428459 [hotstuff info] 0.714325
2022-01-13 00:37:49.428685 [hotstuff info] 0.714093
2022-01-13 00:37:49.428702 [hotstuff info] 0.714103
2022-01-13 00:37:49.428710 [hotstuff info] 0.714105
2022-01-13 00:37:49.428717 [hotstuff info] 0.714103
2022-01-13 00:37:49.428725 [hotstuff info] 0.714104
2022-01-13 00:37:49.428731 [hotstuff info] 0.714104
2022-01-13 00:37:49.428737 [hotstuff info] 0.714102
2022-01-13 00:37:49.428745 [hotstuff info] 0.714103
2022-01-13 00:37:49.428751 [hotstuff info] 0.714104
2022-01-13 00:37:49.428758 [hotstuff info] 0.714104
2022-01-13 00:37:49.428766 [hotstuff info] 0.714104
2022-01-13 00:37:49.428772 [hotstuff info] 0.714104
2022-01-13 00:37:49.428778 [hotstuff info] 0.714102
2022-01-13 00:37:49.428784 [hotstuff info] 0.714102
2022-01-13 00:37:49.431764 [hotstuff info] 0.717074
2022-01-13 00:37:49.431784 [hotstuff info] 0.717088
2022-01-13 00:37:49.431793 [hotstuff info] 0.717091
2022-01-13 00:37:49.431801 [hotstuff info] 0.717092
2022-01-13 00:37:49.431807 [hotstuff info] 0.717092
2022-01-13 00:37:49.431814 [hotstuff info] 0.717093
2022-01-13 00:37:49.431821 [hotstuff info] 0.717093
2022-01-13 00:37:49.431828 [hotstuff info] 0.717093
2022-01-13 00:37:49.431834 [hotstuff info] 0.717094
2022-01-13 00:37:49.431841 [hotstuff info] 0.717094
2022-01-13 00:37:49.431847 [hotstuff info] 0.717094
2022-01-13 00:37:49.431870 [hotstuff info] 0.717110
2022-01-13 00:37:49.431876 [hotstuff info] 0.717112
2022-01-13 00:37:49.431883 [hotstuff info] 0.717112
2022-01-13 00:37:49.431889 [hotstuff info] 0.717112
2022-01-13 00:37:49.431897 [hotstuff info] 0.717113
2022-01-13 00:37:49.431903 [hotstuff info] 0.717113
2022-01-13 00:37:49.431909 [hotstuff info] 0.717114
2022-01-13 00:37:49.431916 [hotstuff info] 0.717114
2022-01-13 00:37:49.431922 [hotstuff info] 0.717114
2022-01-13 00:37:49.431928 [hotstuff info] 0.717113
2022-01-13 00:37:49.431934 [hotstuff info] 0.717115
2022-01-13 00:37:49.431940 [hotstuff info] 0.717097
2022-01-13 00:37:49.431946 [hotstuff info] 0.717098
2022-01-13 00:37:49.431953 [hotstuff info] 0.717099
2022-01-13 00:37:49.431959 [hotstuff info] 0.717098
2022-01-13 00:37:49.431970 [hotstuff info] 0.717102
2022-01-13 00:37:49.431976 [hotstuff info] 0.717103
2022-01-13 00:37:49.431982 [hotstuff info] 0.717103
2022-01-13 00:37:49.431989 [hotstuff info] 0.717104
2022-01-13 00:37:49.431995 [hotstuff info] 0.717103
2022-01-13 00:37:49.432002 [hotstuff info] 0.717103
2022-01-13 00:37:49.432008 [hotstuff info] 0.717103
2022-01-13 00:37:49.432015 [hotstuff info] 0.717104
2022-01-13 00:37:49.432021 [hotstuff info] 0.717103
2022-01-13 00:37:49.913641 [hotstuff info] 0.666512
2022-01-13 00:37:49.913679 [hotstuff info] 0.666540
2022-01-13 00:37:49.913690 [hotstuff info] 0.666544
2022-01-13 00:37:49.913828 [hotstuff info] 0.666536
2022-01-13 00:37:49.913846 [hotstuff info] 0.666545
2022-01-13 00:37:49.913855 [hotstuff info] 0.666547
2022-01-13 00:37:49.913863 [hotstuff info] 0.666547
2022-01-13 00:37:49.913869 [hotstuff info] 0.666546
2022-01-13 00:37:49.913877 [hotstuff info] 0.666547
2022-01-13 00:37:49.913883 [hotstuff info] 0.666546
2022-01-13 00:37:49.913891 [hotstuff info] 0.666547
