2022-01-13 00:37:46.810807 [net info] starting all threads...
2022-01-13 00:37:46.810934 [net warn] ignoring option name in conf file: block-size
2022-01-13 00:37:46.810944 [net warn] ignoring option name in conf file: nworker
2022-01-13 00:37:46.810949 [net warn] ignoring option name in conf file: repnworker
2022-01-13 00:37:46.810953 [net warn] ignoring option name in conf file: clinworker
2022-01-13 00:37:46.810957 [net warn] ignoring option name in conf file: repburst
2022-01-13 00:37:46.810961 [net warn] ignoring option name in conf file: cliburst
2022-01-13 00:37:46.810964 [net warn] ignoring option name in conf file: pace-maker
2022-01-13 00:37:46.810978 [net info] loaded configuration from hotstuff.conf
2022-01-13 00:37:46.811043 [hotstuff info] nfaulty = 3
2022-01-13 00:37:46.811264 [net info] created <Conn fd=11 addr=<NetAddr 18.188.17.142:20000> mode=active>
2022-01-13 00:37:46.811477 [net info] created <Conn fd=19 addr=<NetAddr 3.142.114.174:20000> mode=active>
2022-01-13 00:37:46.811499 [net info] connected to remote <Conn fd=11 addr=<NetAddr 18.188.17.142:20000> mode=active>
2022-01-13 00:37:46.811679 [net info] created <Conn fd=21 addr=<NetAddr 52.79.253.61:20000> mode=active>
2022-01-13 00:37:46.811886 [net info] created <Conn fd=23 addr=<NetAddr 3.36.103.56:20000> mode=active>
2022-01-13 00:37:46.812079 [net info] created <Conn fd=25 addr=<NetAddr 54.93.131.236:20000> mode=active>
2022-01-13 00:37:46.812094 [net info] connected to remote <Conn fd=19 addr=<NetAddr 3.142.114.174:20000> mode=active>
2022-01-13 00:37:46.812284 [net info] created <Conn fd=27 addr=<NetAddr 3.120.147.128:20000> mode=active>
2022-01-13 00:37:46.812481 [net info] created <Conn fd=29 addr=<NetAddr 54.215.140.88:20000> mode=active>
2022-01-13 00:37:46.812677 [net info] created <Conn fd=31 addr=<NetAddr 54.193.29.119:20000> mode=active>
2022-01-13 00:37:46.812873 [net info] created <Conn fd=33 addr=<NetAddr 3.112.224.96:20000> mode=active>
2022-01-13 00:37:46.813066 [net info] created <Conn fd=35 addr=<NetAddr 54.95.218.99:20000> mode=active>
2022-01-13 00:37:46.863182 [net info] connected to remote <Conn fd=29 addr=<NetAddr 54.215.140.88:20000> mode=active>
2022-01-13 00:37:46.864476 [net info] connected to remote <Conn fd=31 addr=<NetAddr 54.193.29.119:20000> mode=active>
2022-01-13 00:37:46.911877 [net info] connected to remote <Conn fd=25 addr=<NetAddr 54.93.131.236:20000> mode=active>
2022-01-13 00:37:46.912136 [net info] connected to remote <Conn fd=27 addr=<NetAddr 3.120.147.128:20000> mode=active>
2022-01-13 00:37:46.944430 [net info] connected to remote <Conn fd=33 addr=<NetAddr 3.112.224.96:20000> mode=active>
2022-01-13 00:37:46.946087 [net info] connected to remote <Conn fd=35 addr=<NetAddr 54.95.218.99:20000> mode=active>
2022-01-13 00:37:46.971529 [net info] connected to remote <Conn fd=21 addr=<NetAddr 52.79.253.61:20000> mode=active>
2022-01-13 00:37:46.972008 [net info] connected to remote <Conn fd=23 addr=<NetAddr 3.36.103.56:20000> mode=active>
2022-01-13 00:37:47.514834 [hotstuff info] 0.701720
2022-01-13 00:37:47.514868 [hotstuff info] 0.701743
2022-01-13 00:37:47.514879 [hotstuff info] 0.701742
2022-01-13 00:37:47.514886 [hotstuff info] 0.701738
2022-01-13 00:37:47.514894 [hotstuff info] 0.701735
2022-01-13 00:37:47.514903 [hotstuff info] 0.701734
2022-01-13 00:37:47.514911 [hotstuff info] 0.701731
2022-01-13 00:37:47.514917 [hotstuff info] 0.701726
2022-01-13 00:37:47.514924 [hotstuff info] 0.701721
2022-01-13 00:37:47.514932 [hotstuff info] 0.701718
2022-01-13 00:37:47.514939 [hotstuff info] 0.701715
2022-01-13 00:37:47.514946 [hotstuff info] 0.701709
2022-01-13 00:37:47.514956 [hotstuff info] 0.701709
2022-01-13 00:37:47.514963 [hotstuff info] 0.701704
2022-01-13 00:37:47.515196 [hotstuff info] 0.701927
2022-01-13 00:37:47.515214 [hotstuff info] 0.701934
2022-01-13 00:37:47.515221 [hotstuff info] 0.701930
2022-01-13 00:37:47.515228 [hotstuff info] 0.701924
2022-01-13 00:37:47.515235 [hotstuff info] 0.701921
2022-01-13 00:37:47.515241 [hotstuff info] 0.701916
2022-01-13 00:37:47.515249 [hotstuff info] 0.701914
2022-01-13 00:37:47.515256 [hotstuff info] 0.701910
2022-01-13 00:37:47.515263 [hotstuff info] 0.701906
2022-01-13 00:37:47.515270 [hotstuff info] 0.701903
2022-01-13 00:37:47.515278 [hotstuff info] 0.701899
2022-01-13 00:37:47.515284 [hotstuff info] 0.701894
2022-01-13 00:37:47.515292 [hotstuff info] 0.701890
2022-01-13 00:37:47.515299 [hotstuff info] 0.701887
2022-01-13 00:37:47.515305 [hotstuff info] 0.701883
2022-01-13 00:37:47.515313 [hotstuff info] 0.701880
2022-01-13 00:37:47.515321 [hotstuff info] 0.701876
2022-01-13 00:37:47.515328 [hotstuff info] 0.701874
2022-01-13 00:37:47.515336 [hotstuff info] 0.701868
2022-01-13 00:37:47.515365 [hotstuff info] 0.701887
2022-01-13 00:37:47.515372 [hotstuff info] 0.701883
2022-01-13 00:37:47.515378 [hotstuff info] 0.701879
2022-01-13 00:37:47.515385 [hotstuff info] 0.701875
2022-01-13 00:37:47.515391 [hotstuff info] 0.701869
2022-01-13 00:37:47.515397 [hotstuff info] 0.701863
2022-01-13 00:37:47.515403 [hotstuff info] 0.701858
2022-01-13 00:37:47.515409 [hotstuff info] 0.701855
2022-01-13 00:37:47.515415 [hotstuff info] 0.701849
2022-01-13 00:37:47.515421 [hotstuff info] 0.701846
2022-01-13 00:37:47.515428 [hotstuff info] 0.701841
2022-01-13 00:37:47.515434 [hotstuff info] 0.701837
2022-01-13 00:37:47.515440 [hotstuff info] 0.701831
2022-01-13 00:37:47.515446 [hotstuff info] 0.701826
2022-01-13 00:37:47.515453 [hotstuff info] 0.701822
2022-01-13 00:37:47.515459 [hotstuff info] 0.701817
2022-01-13 00:37:47.515465 [hotstuff info] 0.701813
2022-01-13 00:37:47.515472 [hotstuff info] 0.701809
2022-01-13 00:37:47.515477 [hotstuff info] 0.701804
2022-01-13 00:37:47.515483 [hotstuff info] 0.701795
2022-01-13 00:37:47.515489 [hotstuff info] 0.701790
2022-01-13 00:37:47.515496 [hotstuff info] 0.701785
2022-01-13 00:37:47.515502 [hotstuff info] 0.701782
2022-01-13 00:37:47.515509 [hotstuff info] 0.701777
2022-01-13 00:37:47.515515 [hotstuff info] 0.701773
2022-01-13 00:37:47.515522 [hotstuff info] 0.701769
2022-01-13 00:37:47.515528 [hotstuff info] 0.701762
2022-01-13 00:37:47.515534 [hotstuff info] 0.701758
2022-01-13 00:37:47.515539 [hotstuff info] 0.701753
2022-01-13 00:37:47.515545 [hotstuff info] 0.701748
2022-01-13 00:37:47.515552 [hotstuff info] 0.701744
2022-01-13 00:37:47.515558 [hotstuff info] 0.701740
2022-01-13 00:37:47.515567 [hotstuff info] 0.701737
2022-01-13 00:37:47.515573 [hotstuff info] 0.701730
2022-01-13 00:37:47.515578 [hotstuff info] 0.701726
2022-01-13 00:37:47.515585 [hotstuff info] 0.701721
2022-01-13 00:37:47.515591 [hotstuff info] 0.701716
2022-01-13 00:37:47.515597 [hotstuff info] 0.701712
2022-01-13 00:37:47.515603 [hotstuff info] 0.701708
2022-01-13 00:37:47.515610 [hotstuff info] 0.701703
2022-01-13 00:37:47.515616 [hotstuff info] 0.701696
2022-01-13 00:37:47.515622 [hotstuff info] 0.701692
2022-01-13 00:37:47.515628 [hotstuff info] 0.701687
2022-01-13 00:37:47.515633 [hotstuff info] 0.701683
2022-01-13 00:37:47.515640 [hotstuff info] 0.701678
2022-01-13 00:37:47.515647 [hotstuff info] 0.701676
2022-01-13 00:37:47.515654 [hotstuff info] 0.701667
2022-01-13 00:37:47.515660 [hotstuff info] 0.701664
2022-01-13 00:37:47.515667 [hotstuff info] 0.701659
2022-01-13 00:37:47.515673 [hotstuff info] 0.701654
2022-01-13 00:37:47.515679 [hotstuff info] 0.701651
2022-01-13 00:37:47.515685 [hotstuff info] 0.701646
2022-01-13 00:37:47.515692 [hotstuff info] 0.701639
2022-01-13 00:37:47.515698 [hotstuff info] 0.701635
2022-01-13 00:37:47.515705 [hotstuff info] 0.701631
2022-01-13 00:37:47.515711 [hotstuff info] 0.701626
2022-01-13 00:37:47.515717 [hotstuff info] 0.701622
2022-01-13 00:37:47.515725 [hotstuff info] 0.701618
2022-01-13 00:37:47.515731 [hotstuff info] 0.701614
2022-01-13 00:37:47.562551 [hotstuff info] 0.748419
2022-01-13 00:37:47.562583 [hotstuff info] 0.748444
2022-01-13 00:37:47.562592 [hotstuff info] 0.748442
2022-01-13 00:37:47.562599 [hotstuff info] 0.748438
2022-01-13 00:37:47.562607 [hotstuff info] 0.748435
2022-01-13 00:37:47.562614 [hotstuff info] 0.748433
2022-01-13 00:37:47.562622 [hotstuff info] 0.748429
2022-01-13 00:37:47.562628 [hotstuff info] 0.748425
2022-01-13 00:37:47.562636 [hotstuff info] 0.748421
2022-01-13 00:37:47.562642 [hotstuff info] 0.748416
2022-01-13 00:37:47.562649 [hotstuff info] 0.748413
2022-01-13 00:37:47.562656 [hotstuff info] 0.748408
2022-01-13 00:37:47.562663 [hotstuff info] 0.748405
2022-01-13 00:37:47.562670 [hotstuff info] 0.748401
2022-01-13 00:37:47.562677 [hotstuff info] 0.748398
2022-01-13 00:37:47.562683 [hotstuff info] 0.748391
2022-01-13 00:37:47.562690 [hotstuff info] 0.748387
2022-01-13 00:37:47.562696 [hotstuff info] 0.748382
2022-01-13 00:37:47.562703 [hotstuff info] 0.748378
2022-01-13 00:37:47.562709 [hotstuff info] 0.748375
2022-01-13 00:37:47.562717 [hotstuff info] 0.748372
2022-01-13 00:37:47.562975 [hotstuff info] 0.748619
2022-01-13 00:37:47.562990 [hotstuff info] 0.748622
2022-01-13 00:37:47.562997 [hotstuff info] 0.748618
2022-01-13 00:37:47.564331 [hotstuff info] 0.749940
2022-01-13 00:37:47.564352 [hotstuff info] 0.749952
2022-01-13 00:37:47.564363 [hotstuff info] 0.749951
2022-01-13 00:37:47.564369 [hotstuff info] 0.749948
2022-01-13 00:37:47.564376 [hotstuff info] 0.749944
2022-01-13 00:37:47.564384 [hotstuff info] 0.749938
2022-01-13 00:37:47.566631 [hotstuff info] 0.752175
2022-01-13 00:37:47.566652 [hotstuff info] 0.752185
2022-01-13 00:37:47.566664 [hotstuff info] 0.752186
2022-01-13 00:37:47.566674 [hotstuff info] 0.752186
2022-01-13 00:37:47.566684 [hotstuff info] 0.752185
2022-01-13 00:37:47.566691 [hotstuff info] 0.752182
2022-01-13 00:37:47.566698 [hotstuff info] 0.752176
2022-01-13 00:37:47.566720 [hotstuff info] 0.752188
2022-01-13 00:37:47.566727 [hotstuff info] 0.752183
2022-01-13 00:37:47.566733 [hotstuff info] 0.752178
2022-01-13 00:37:47.566739 [hotstuff info] 0.752174
2022-01-13 00:37:47.566744 [hotstuff info] 0.752169
2022-01-13 00:37:47.566751 [hotstuff info] 0.752164
2022-01-13 00:37:47.566758 [hotstuff info] 0.752159
2022-01-13 00:37:47.566765 [hotstuff info] 0.752155
2022-01-13 00:37:47.566771 [hotstuff info] 0.752150
2022-01-13 00:37:47.566779 [hotstuff info] 0.752148
2022-01-13 00:37:47.566785 [hotstuff info] 0.752144
2022-01-13 00:37:47.566793 [hotstuff info] 0.752140
2022-01-13 00:37:47.566799 [hotstuff info] 0.752137
2022-01-13 00:37:47.566806 [hotstuff info] 0.752128
2022-01-13 00:37:47.566812 [hotstuff info] 0.752123
2022-01-13 00:37:47.566818 [hotstuff info] 0.752119
2022-01-13 00:37:47.566824 [hotstuff info] 0.752114
2022-01-13 00:37:47.566830 [hotstuff info] 0.752110
2022-01-13 00:37:47.566836 [hotstuff info] 0.752106
2022-01-13 00:37:47.566842 [hotstuff info] 0.752101
2022-01-13 00:37:47.566849 [hotstuff info] 0.752093
2022-01-13 00:37:47.566855 [hotstuff info] 0.752090
2022-01-13 00:37:47.566862 [hotstuff info] 0.752086
2022-01-13 00:37:47.566868 [hotstuff info] 0.752082
2022-01-13 00:37:47.566874 [hotstuff info] 0.752077
2022-01-13 00:37:47.566881 [hotstuff info] 0.752072
2022-01-13 00:37:47.566887 [hotstuff info] 0.752068
2022-01-13 00:37:47.566893 [hotstuff info] 0.752062
2022-01-13 00:37:47.566899 [hotstuff info] 0.752058
2022-01-13 00:37:47.567208 [hotstuff info] 0.752355
2022-01-13 00:37:47.567226 [hotstuff info] 0.752363
2022-01-13 00:37:47.567237 [hotstuff info] 0.752363
2022-01-13 00:37:47.567243 [hotstuff info] 0.752359
2022-01-13 00:37:47.567250 [hotstuff info] 0.752356
2022-01-13 00:37:47.567256 [hotstuff info] 0.752351
2022-01-13 00:37:47.567263 [hotstuff info] 0.752346
2022-01-13 00:37:47.567271 [hotstuff info] 0.752342
2022-01-13 00:37:47.567278 [hotstuff info] 0.752340
2022-01-13 00:37:47.567285 [hotstuff info] 0.752330
2022-01-13 00:37:47.567292 [hotstuff info] 0.752327
2022-01-13 00:37:47.567299 [hotstuff info] 0.752323
2022-01-13 00:37:47.567305 [hotstuff info] 0.752318
2022-01-13 00:37:47.567312 [hotstuff info] 0.752315
2022-01-13 00:37:47.567319 [hotstuff info] 0.752312
2022-01-13 00:37:47.567325 [hotstuff info] 0.752307
2022-01-13 00:37:47.567332 [hotstuff info] 0.752304
2022-01-13 00:37:48.047938 [hotstuff info] 0.533071
2022-01-13 00:37:48.047970 [hotstuff info] 0.533093
2022-01-13 00:37:48.047978 [hotstuff info] 0.533094
2022-01-13 00:37:48.047986 [hotstuff info] 0.533093
2022-01-13 00:37:48.047993 [hotstuff info] 0.533090
2022-01-13 00:37:48.048001 [hotstuff info] 0.533091
2022-01-13 00:37:48.048007 [hotstuff info] 0.533091
2022-01-13 00:37:48.048015 [hotstuff info] 0.533092
2022-01-13 00:37:48.048023 [hotstuff info] 0.533092
2022-01-13 00:37:48.048030 [hotstuff info] 0.533091
2022-01-13 00:37:48.048036 [hotstuff info] 0.533091
2022-01-13 00:37:48.048044 [hotstuff info] 0.533088
2022-01-13 00:37:48.048050 [hotstuff info] 0.533089
2022-01-13 00:37:48.048057 [hotstuff info] 0.533087
2022-01-13 00:37:48.048064 [hotstuff info] 0.532852
2022-01-13 00:37:48.048072 [hotstuff info] 0.532852
2022-01-13 00:37:48.048079 [hotstuff info] 0.532852
2022-01-13 00:37:48.048298 [hotstuff info] 0.533063
2022-01-13 00:37:48.048315 [hotstuff info] 0.533074
2022-01-13 00:37:48.048323 [hotstuff info] 0.533074
2022-01-13 00:37:48.048331 [hotstuff info] 0.533075
2022-01-13 00:37:48.048338 [hotstuff info] 0.533076
2022-01-13 00:37:48.048345 [hotstuff info] 0.533075
2022-01-13 00:37:48.048352 [hotstuff info] 0.533075
2022-01-13 00:37:48.048359 [hotstuff info] 0.533076
2022-01-13 00:37:48.048366 [hotstuff info] 0.533076
2022-01-13 00:37:48.048373 [hotstuff info] 0.533075
2022-01-13 00:37:48.048381 [hotstuff info] 0.533076
2022-01-13 00:37:48.048387 [hotstuff info] 0.533074
2022-01-13 00:37:48.048395 [hotstuff info] 0.533075
2022-01-13 00:37:48.048401 [hotstuff info] 0.533073
2022-01-13 00:37:48.048408 [hotstuff info] 0.533074
2022-01-13 00:37:48.048416 [hotstuff info] 0.533052
2022-01-13 00:37:48.048423 [hotstuff info] 0.533052
2022-01-13 00:37:48.048429 [hotstuff info] 0.533051
2022-01-13 00:37:48.048436 [hotstuff info] 0.533052
2022-01-13 00:37:48.048441 [hotstuff info] 0.533052
2022-01-13 00:37:48.048448 [hotstuff info] 0.533051
2022-01-13 00:37:48.048455 [hotstuff info] 0.533052
2022-01-13 00:37:48.048463 [hotstuff info] 0.533054
2022-01-13 00:37:48.048468 [hotstuff info] 0.533054
2022-01-13 00:37:48.048475 [hotstuff info] 0.533055
2022-01-13 00:37:48.048482 [hotstuff info] 0.533055
2022-01-13 00:37:48.048489 [hotstuff info] 0.533055
2022-01-13 00:37:48.048495 [hotstuff info] 0.533056
2022-01-13 00:37:48.048503 [hotstuff info] 0.533057
2022-01-13 00:37:48.048509 [hotstuff info] 0.533057
2022-01-13 00:37:48.048515 [hotstuff info] 0.533058
2022-01-13 00:37:48.048522 [hotstuff info] 0.533057
2022-01-13 00:37:48.048528 [hotstuff info] 0.533058
2022-01-13 00:37:48.048535 [hotstuff info] 0.533058
2022-01-13 00:37:48.048542 [hotstuff info] 0.533060
2022-01-13 00:37:48.048548 [hotstuff info] 0.533060
2022-01-13 00:37:48.048555 [hotstuff info] 0.533060
2022-01-13 00:37:48.048562 [hotstuff info] 0.533060
2022-01-13 00:37:48.048569 [hotstuff info] 0.533060
2022-01-13 00:37:48.048576 [hotstuff info] 0.533061
2022-01-13 00:37:48.096099 [hotstuff info] 0.580577
2022-01-13 00:37:48.097701 [hotstuff info] 0.582174
2022-01-13 00:37:48.097721 [hotstuff info] 0.582189
2022-01-13 00:37:48.097731 [hotstuff info] 0.582192
2022-01-13 00:37:48.097741 [hotstuff info] 0.582198
2022-01-13 00:37:48.097749 [hotstuff info] 0.582198
2022-01-13 00:37:48.097756 [hotstuff info] 0.582198
2022-01-13 00:37:48.097763 [hotstuff info] 0.582197
2022-01-13 00:37:48.097770 [hotstuff info] 0.582199
2022-01-13 00:37:48.097776 [hotstuff info] 0.582199
2022-01-13 00:37:48.097784 [hotstuff info] 0.582201
2022-01-13 00:37:48.097791 [hotstuff info] 0.582201
2022-01-13 00:37:48.097798 [hotstuff info] 0.582202
2022-01-13 00:37:48.097805 [hotstuff info] 0.582202
2022-01-13 00:37:48.097812 [hotstuff info] 0.582204
2022-01-13 00:37:48.097818 [hotstuff info] 0.582203
2022-01-13 00:37:48.097825 [hotstuff info] 0.582203
2022-01-13 00:37:48.099911 [hotstuff info] 0.584284
2022-01-13 00:37:48.099932 [hotstuff info] 0.584299
2022-01-13 00:37:48.099942 [hotstuff info] 0.584303
2022-01-13 00:37:48.099950 [hotstuff info] 0.584303
2022-01-13 00:37:48.099957 [hotstuff info] 0.584304
2022-01-13 00:37:48.099964 [hotstuff info] 0.584304
2022-01-13 00:37:48.099970 [hotstuff info] 0.584305
2022-01-13 00:37:48.099976 [hotstuff info] 0.584305
2022-01-13 00:37:48.099997 [hotstuff info] 0.584319
2022-01-13 00:37:48.100003 [hotstuff info] 0.584319
2022-01-13 00:37:48.100010 [hotstuff info] 0.584319
2022-01-13 00:37:48.100016 [hotstuff info] 0.584319
2022-01-13 00:37:48.100022 [hotstuff info] 0.584318
2022-01-13 00:37:48.100029 [hotstuff info] 0.584318
2022-01-13 00:37:48.100035 [hotstuff info] 0.584318
2022-01-13 00:37:48.100042 [hotstuff info] 0.584319
2022-01-13 00:37:48.100049 [hotstuff info] 0.584318
2022-01-13 00:37:48.100056 [hotstuff info] 0.584321
2022-01-13 00:37:48.180816 [hotstuff info] 0.618234
2022-01-13 00:37:48.180842 [hotstuff info] 0.618251
2022-01-13 00:37:48.180853 [hotstuff info] 0.618255
2022-01-13 00:37:48.180859 [hotstuff info] 0.618254
2022-01-13 00:37:48.181025 [hotstuff info] 0.618412
2022-01-13 00:37:48.181043 [hotstuff info] 0.618422
2022-01-13 00:37:48.181051 [hotstuff info] 0.618424
2022-01-13 00:37:48.181059 [hotstuff info] 0.618425
2022-01-13 00:37:48.181067 [hotstuff info] 0.618426
2022-01-13 00:37:48.181073 [hotstuff info] 0.618425
2022-01-13 00:37:48.181080 [hotstuff info] 0.618425
2022-01-13 00:37:48.181092 [hotstuff info] 0.618429
2022-01-13 00:37:48.181098 [hotstuff info] 0.618429
2022-01-13 00:37:48.181107 [hotstuff info] 0.618431
2022-01-13 00:37:48.181115 [hotstuff info] 0.618433
2022-01-13 00:37:48.181122 [hotstuff info] 0.618434
2022-01-13 00:37:48.181129 [hotstuff info] 0.618435
2022-01-13 00:37:48.181136 [hotstuff info] 0.618434
2022-01-13 00:37:48.181143 [hotstuff info] 0.618434
2022-01-13 00:37:48.181150 [hotstuff info] 0.618435
2022-01-13 00:37:48.181156 [hotstuff info] 0.618434
2022-01-13 00:37:48.181163 [hotstuff info] 0.618173
2022-01-13 00:37:48.181170 [hotstuff info] 0.618173
2022-01-13 00:37:48.181177 [hotstuff info] 0.618175
2022-01-13 00:37:48.181184 [hotstuff info] 0.616833
2022-01-13 00:37:48.181192 [hotstuff info] 0.616830
2022-01-13 00:37:48.181200 [hotstuff info] 0.616831
2022-01-13 00:37:48.181207 [hotstuff info] 0.616832
2022-01-13 00:37:48.181215 [hotstuff info] 0.616832
2022-01-13 00:37:48.181224 [hotstuff info] 0.616834
2022-01-13 00:37:48.181567 [hotstuff info] 0.614916
2022-01-13 00:37:48.181585 [hotstuff info] 0.614922
2022-01-13 00:37:48.181591 [hotstuff info] 0.614919
2022-01-13 00:37:48.181598 [hotstuff info] 0.614916
2022-01-13 00:37:48.181605 [hotstuff info] 0.614914
2022-01-13 00:37:48.181612 [hotstuff info] 0.614914
2022-01-13 00:37:48.181618 [hotstuff info] 0.614898
2022-01-13 00:37:48.181625 [hotstuff info] 0.614900
2022-01-13 00:37:48.181632 [hotstuff info] 0.614900
2022-01-13 00:37:48.181638 [hotstuff info] 0.614901
2022-01-13 00:37:48.181644 [hotstuff info] 0.614901
2022-01-13 00:37:48.181652 [hotstuff info] 0.614903
2022-01-13 00:37:48.181658 [hotstuff info] 0.614902
2022-01-13 00:37:48.181666 [hotstuff info] 0.614902
2022-01-13 00:37:48.181672 [hotstuff info] 0.614902
2022-01-13 00:37:48.181678 [hotstuff info] 0.614900
2022-01-13 00:37:48.181684 [hotstuff info] 0.614900
2022-01-13 00:37:48.181691 [hotstuff info] 0.614900
2022-01-13 00:37:48.181697 [hotstuff info] 0.614898
2022-01-13 00:37:48.181704 [hotstuff info] 0.614899
2022-01-13 00:37:48.181711 [hotstuff info] 0.614900
2022-01-13 00:37:48.181717 [hotstuff info] 0.614901
2022-01-13 00:37:48.181724 [hotstuff info] 0.614901
2022-01-13 00:37:48.181730 [hotstuff info] 0.614901
2022-01-13 00:37:48.181736 [hotstuff info] 0.614901
2022-01-13 00:37:48.181744 [hotstuff info] 0.614902
2022-01-13 00:37:48.181750 [hotstuff info] 0.614903
2022-01-13 00:37:48.181756 [hotstuff info] 0.614902
2022-01-13 00:37:48.181763 [hotstuff info] 0.614902
2022-01-13 00:37:48.181770 [hotstuff info] 0.614902
2022-01-13 00:37:48.181777 [hotstuff info] 0.614903
2022-01-13 00:37:48.181783 [hotstuff info] 0.614903
2022-01-13 00:37:48.181789 [hotstuff info] 0.614903
2022-01-13 00:37:48.181795 [hotstuff info] 0.614903
2022-01-13 00:37:48.181801 [hotstuff info] 0.614903
2022-01-13 00:37:48.181808 [hotstuff info] 0.614904
2022-01-13 00:37:48.181815 [hotstuff info] 0.614590
2022-01-13 00:37:48.181822 [hotstuff info] 0.614586
2022-01-13 00:37:48.181827 [hotstuff info] 0.614585
2022-01-13 00:37:48.181835 [hotstuff info] 0.614585
2022-01-13 00:37:48.181841 [hotstuff info] 0.614585
2022-01-13 00:37:48.181847 [hotstuff info] 0.614584
2022-01-13 00:37:48.181853 [hotstuff info] 0.614583
2022-01-13 00:37:48.181859 [hotstuff info] 0.614582
2022-01-13 00:37:48.181865 [hotstuff info] 0.614582
2022-01-13 00:37:48.181872 [hotstuff info] 0.614581
2022-01-13 00:37:48.181878 [hotstuff info] 0.614580
2022-01-13 00:37:48.181884 [hotstuff info] 0.614580
2022-01-13 00:37:48.181891 [hotstuff info] 0.614580
2022-01-13 00:37:48.181898 [hotstuff info] 0.614580
2022-01-13 00:37:48.181906 [hotstuff info] 0.614581
2022-01-13 00:37:48.181914 [hotstuff info] 0.614582
2022-01-13 00:37:48.181920 [hotstuff info] 0.614581
2022-01-13 00:37:48.714372 [hotstuff info] 0.666402
2022-01-13 00:37:48.714403 [hotstuff info] 0.666425
2022-01-13 00:37:48.714415 [hotstuff info] 0.666431
2022-01-13 00:37:48.714427 [hotstuff info] 0.666432
2022-01-13 00:37:48.714436 [hotstuff info] 0.666435
2022-01-13 00:37:48.714445 [hotstuff info] 0.666438
2022-01-13 00:37:48.714453 [hotstuff info] 0.666438
2022-01-13 00:37:48.714461 [hotstuff info] 0.666439
2022-01-13 00:37:48.714469 [hotstuff info] 0.666440
2022-01-13 00:37:48.714476 [hotstuff info] 0.666440
2022-01-13 00:37:48.714483 [hotstuff info] 0.666441
2022-01-13 00:37:48.714713 [hotstuff info] 0.666663
2022-01-13 00:37:48.714748 [hotstuff info] 0.666692
2022-01-13 00:37:48.714765 [hotstuff info] 0.666701
2022-01-13 00:37:48.714778 [hotstuff info] 0.666707
2022-01-13 00:37:48.714791 [hotstuff info] 0.666713
2022-01-13 00:37:48.714804 [hotstuff info] 0.666718
2022-01-13 00:37:48.714840 [hotstuff info] 0.666518
2022-01-13 00:37:48.714857 [hotstuff info] 0.666534
2022-01-13 00:37:48.714869 [hotstuff info] 0.666539
2022-01-13 00:37:48.714880 [hotstuff info] 0.666543
2022-01-13 00:37:48.714891 [hotstuff info] 0.666547
2022-01-13 00:37:48.714908 [hotstuff info] 0.666556
2022-01-13 00:37:48.714918 [hotstuff info] 0.666560
2022-01-13 00:37:48.714929 [hotstuff info] 0.666563
2022-01-13 00:37:48.714941 [hotstuff info] 0.666568
2022-01-13 00:37:48.762319 [hotstuff info] 0.713936
2022-01-13 00:37:48.762534 [hotstuff info] 0.714148
2022-01-13 00:37:48.762575 [hotstuff info] 0.714177
2022-01-13 00:37:48.762589 [hotstuff info] 0.714188
2022-01-13 00:37:48.762596 [hotstuff info] 0.714189
2022-01-13 00:37:48.762603 [hotstuff info] 0.714188
2022-01-13 00:37:48.762612 [hotstuff info] 0.714190
2022-01-13 00:37:48.762618 [hotstuff info] 0.714190
2022-01-13 00:37:48.762627 [hotstuff info] 0.714192
2022-01-13 00:37:48.762642 [hotstuff info] 0.714201
2022-01-13 00:37:48.762648 [hotstuff info] 0.714202
2022-01-13 00:37:48.762656 [hotstuff info] 0.714202
2022-01-13 00:37:48.762666 [hotstuff info] 0.714205
2022-01-13 00:37:48.762673 [hotstuff info] 0.714205
2022-01-13 00:37:48.762690 [hotstuff info] 0.714213
2022-01-13 00:37:48.762698 [hotstuff info] 0.714217
2022-01-13 00:37:48.762706 [hotstuff info] 0.714217
2022-01-13 00:37:48.762712 [hotstuff info] 0.714217
2022-01-13 00:37:48.762720 [hotstuff info] 0.714219
2022-01-13 00:37:48.762727 [hotstuff info] 0.714219
2022-01-13 00:37:48.762739 [hotstuff info] 0.714224
2022-01-13 00:37:48.762746 [hotstuff info] 0.714225
2022-01-13 00:37:48.762760 [hotstuff info] 0.714232
2022-01-13 00:37:48.762771 [hotstuff info] 0.714237
2022-01-13 00:37:48.762778 [hotstuff info] 0.714237
2022-01-13 00:37:48.762785 [hotstuff info] 0.714238
2022-01-13 00:37:48.762796 [hotstuff info] 0.714243
2022-01-13 00:37:48.762803 [hotstuff info] 0.714243
2022-01-13 00:37:48.762810 [hotstuff info] 0.714242
2022-01-13 00:37:48.762824 [hotstuff info] 0.714249
2022-01-13 00:37:48.762834 [hotstuff info] 0.714253
2022-01-13 00:37:48.846846 [hotstuff info] 0.750730
2022-01-13 00:37:48.846877 [hotstuff info] 0.749156
2022-01-13 00:37:48.846885 [hotstuff info] 0.749156
2022-01-13 00:37:48.847032 [hotstuff info] 0.749291
2022-01-13 00:37:48.847049 [hotstuff info] 0.749301
2022-01-13 00:37:48.847057 [hotstuff info] 0.749302
2022-01-13 00:37:48.847063 [hotstuff info] 0.749301
2022-01-13 00:37:48.847070 [hotstuff info] 0.749301
2022-01-13 00:37:48.847076 [hotstuff info] 0.749301
2022-01-13 00:37:48.847083 [hotstuff info] 0.749299
2022-01-13 00:37:48.847090 [hotstuff info] 0.749300
2022-01-13 00:37:48.847096 [hotstuff info] 0.749300
2022-01-13 00:37:48.847102 [hotstuff info] 0.749299
2022-01-13 00:37:48.847110 [hotstuff info] 0.749298
2022-01-13 00:37:48.847116 [hotstuff info] 0.749299
2022-01-13 00:37:48.847122 [hotstuff info] 0.749299
2022-01-13 00:37:48.847129 [hotstuff info] 0.749300
2022-01-13 00:37:48.847389 [hotstuff info] 0.747458
2022-01-13 00:37:48.847407 [hotstuff info] 0.747466
2022-01-13 00:37:48.847418 [hotstuff info] 0.747469
2022-01-13 00:37:48.847425 [hotstuff info] 0.747470
2022-01-13 00:37:48.847435 [hotstuff info] 0.747472
2022-01-13 00:37:48.847445 [hotstuff info] 0.747475
2022-01-13 00:37:48.847454 [hotstuff info] 0.747478
2022-01-13 00:37:48.847460 [hotstuff info] 0.747463
2022-01-13 00:37:48.847468 [hotstuff info] 0.747465
2022-01-13 00:37:48.847475 [hotstuff info] 0.747466
2022-01-13 00:37:48.847482 [hotstuff info] 0.747466
2022-01-13 00:37:48.847489 [hotstuff info] 0.747467
2022-01-13 00:37:48.847496 [hotstuff info] 0.747468
2022-01-13 00:37:48.847502 [hotstuff info] 0.747469
2022-01-13 00:37:48.847510 [hotstuff info] 0.747468
2022-01-13 00:37:48.847516 [hotstuff info] 0.747469
2022-01-13 00:37:48.847523 [hotstuff info] 0.747468
2022-01-13 00:37:48.847530 [hotstuff info] 0.747468
2022-01-13 00:37:48.847537 [hotstuff info] 0.666696
2022-01-13 00:37:48.847544 [hotstuff info] 0.666692
2022-01-13 00:37:48.847551 [hotstuff info] 0.666692
2022-01-13 00:37:48.847557 [hotstuff info] 0.666691
2022-01-13 00:37:48.847564 [hotstuff info] 0.666522
2022-01-13 00:37:48.847570 [hotstuff info] 0.666520
2022-01-13 00:37:48.847577 [hotstuff info] 0.666518
2022-01-13 00:37:48.847583 [hotstuff info] 0.666518
2022-01-13 00:37:48.847590 [hotstuff info] 0.666518
2022-01-13 00:37:48.847596 [hotstuff info] 0.666518
2022-01-13 00:37:48.847602 [hotstuff info] 0.666513
2022-01-13 00:37:48.847612 [hotstuff info] 0.666515
2022-01-13 00:37:48.847619 [hotstuff info] 0.666514
2022-01-13 00:37:48.847628 [hotstuff info] 0.666514
2022-01-13 00:37:48.847635 [hotstuff info] 0.666514
2022-01-13 00:37:48.847641 [hotstuff info] 0.666513
2022-01-13 00:37:48.847649 [hotstuff info] 0.666514
2022-01-13 00:37:48.847656 [hotstuff info] 0.666514
2022-01-13 00:37:48.847663 [hotstuff info] 0.666513
2022-01-13 00:37:48.847669 [hotstuff info] 0.666513
2022-01-13 00:37:48.847677 [hotstuff info] 0.666515
2022-01-13 00:37:48.847683 [hotstuff info] 0.666514
2022-01-13 00:37:48.847690 [hotstuff info] 0.666513
2022-01-13 00:37:48.847697 [hotstuff info] 0.666514
2022-01-13 00:37:48.847703 [hotstuff info] 0.666513
2022-01-13 00:37:48.847709 [hotstuff info] 0.666511
2022-01-13 00:37:48.847718 [hotstuff info] 0.666511
2022-01-13 00:37:48.847725 [hotstuff info] 0.666511
2022-01-13 00:37:48.847731 [hotstuff info] 0.666509
2022-01-13 00:37:48.848216 [hotstuff info] 0.666985
2022-01-13 00:37:48.848234 [hotstuff info] 0.666650
2022-01-13 00:37:48.848244 [hotstuff info] 0.666654
2022-01-13 00:37:48.848255 [hotstuff info] 0.666657
2022-01-13 00:37:48.848262 [hotstuff info] 0.666659
2022-01-13 00:37:48.848269 [hotstuff info] 0.666658
2022-01-13 00:37:48.848276 [hotstuff info] 0.666660
2022-01-13 00:37:48.848283 [hotstuff info] 0.666658
2022-01-13 00:37:48.848289 [hotstuff info] 0.666658
2022-01-13 00:37:48.848297 [hotstuff info] 0.666659
2022-01-13 00:37:48.848303 [hotstuff info] 0.666660
2022-01-13 00:37:48.848311 [hotstuff info] 0.666659
2022-01-13 00:37:48.848317 [hotstuff info] 0.666660
2022-01-13 00:37:48.848324 [hotstuff info] 0.666660
2022-01-13 00:37:48.848331 [hotstuff info] 0.666661
2022-01-13 00:37:48.848338 [hotstuff info] 0.666662
2022-01-13 00:37:48.848344 [hotstuff info] 0.666662
2022-01-13 00:37:48.848352 [hotstuff info] 0.666661
2022-01-13 00:37:48.848359 [hotstuff info] 0.666662
2022-01-13 00:37:48.848366 [hotstuff info] 0.666663
2022-01-13 00:37:48.848372 [hotstuff info] 0.666662
2022-01-13 00:37:48.848378 [hotstuff info] 0.666662
2022-01-13 00:37:48.895482 [hotstuff info] 0.713759
2022-01-13 00:37:48.895510 [hotstuff info] 0.713780
2022-01-13 00:37:48.895518 [hotstuff info] 0.713783
2022-01-13 00:37:48.895718 [hotstuff info] 0.713975
2022-01-13 00:37:48.895739 [hotstuff info] 0.713989
2022-01-13 00:37:48.895749 [hotstuff info] 0.713993
2022-01-13 00:37:48.895756 [hotstuff info] 0.713995
2022-01-13 00:37:48.895764 [hotstuff info] 0.713995
2022-01-13 00:37:48.895772 [hotstuff info] 0.713996
2022-01-13 00:37:48.895779 [hotstuff info] 0.713998
2022-01-13 00:37:48.895785 [hotstuff info] 0.713998
2022-01-13 00:37:48.895793 [hotstuff info] 0.713999
2022-01-13 00:37:48.895800 [hotstuff info] 0.714000
2022-01-13 00:37:48.895807 [hotstuff info] 0.713999
2022-01-13 00:37:48.895813 [hotstuff info] 0.713999
2022-01-13 00:37:48.895820 [hotstuff info] 0.714000
2022-01-13 00:37:48.895826 [hotstuff info] 0.714000
2022-01-13 00:37:48.895834 [hotstuff info] 0.714000
2022-01-13 00:37:48.895840 [hotstuff info] 0.714000
2022-01-13 00:37:48.895846 [hotstuff info] 0.713999
2022-01-13 00:37:48.895881 [hotstuff info] 0.714028
2022-01-13 00:37:48.895889 [hotstuff info] 0.714030
2022-01-13 00:37:48.895895 [hotstuff info] 0.714030
2022-01-13 00:37:48.895902 [hotstuff info] 0.714031
2022-01-13 00:37:48.895908 [hotstuff info] 0.714031
2022-01-13 00:37:48.896345 [hotstuff info] 0.714461
2022-01-13 00:37:48.896368 [hotstuff info] 0.714478
2022-01-13 00:37:48.896380 [hotstuff info] 0.714482
2022-01-13 00:37:48.896395 [hotstuff info] 0.714490
2022-01-13 00:37:48.896406 [hotstuff info] 0.714493
2022-01-13 00:37:48.896416 [hotstuff info] 0.714497
2022-01-13 00:37:48.896427 [hotstuff info] 0.714501
2022-01-13 00:37:49.380847 [hotstuff info] 0.666446
2022-01-13 00:37:49.380895 [hotstuff info] 0.666480
2022-01-13 00:37:49.380904 [hotstuff info] 0.666481
2022-01-13 00:37:49.380921 [hotstuff info] 0.666486
2022-01-13 00:37:49.380931 [hotstuff info] 0.666488
2022-01-13 00:37:49.380943 [hotstuff info] 0.666486
2022-01-13 00:37:49.380951 [hotstuff info] 0.666491
2022-01-13 00:37:49.380959 [hotstuff info] 0.666491
2022-01-13 00:37:49.381129 [hotstuff info] 0.666654
2022-01-13 00:37:49.381151 [hotstuff info] 0.666668
2022-01-13 00:37:49.381160 [hotstuff info] 0.666671
2022-01-13 00:37:49.381168 [hotstuff info] 0.666421
2022-01-13 00:37:49.381175 [hotstuff info] 0.666412
2022-01-13 00:37:49.381184 [hotstuff info] 0.666409
2022-01-13 00:37:49.381191 [hotstuff info] 0.666403
2022-01-13 00:37:49.381199 [hotstuff info] 0.666396
2022-01-13 00:37:49.381394 [hotstuff info] 0.666563
2022-01-13 00:37:49.381428 [hotstuff info] 0.666572
2022-01-13 00:37:49.381442 [hotstuff info] 0.666576
2022-01-13 00:37:49.381456 [hotstuff info] 0.666577
2022-01-13 00:37:49.381467 [hotstuff info] 0.666577
2022-01-13 00:37:49.381488 [hotstuff info] 0.666582
2022-01-13 00:37:49.381496 [hotstuff info] 0.666580
2022-01-13 00:37:49.381503 [hotstuff info] 0.666577
2022-01-13 00:37:49.381510 [hotstuff info] 0.666571
2022-01-13 00:37:49.381519 [hotstuff info] 0.666567
2022-01-13 00:37:49.513435 [hotstuff info] 0.751085
2022-01-13 00:37:49.513471 [hotstuff info] 0.750903
2022-01-13 00:37:49.513485 [hotstuff info] 0.750899
2022-01-13 00:37:49.513497 [hotstuff info] 0.750902
2022-01-13 00:37:49.513702 [hotstuff info] 0.751100
2022-01-13 00:37:49.513729 [hotstuff info] 0.751118
2022-01-13 00:37:49.513743 [hotstuff info] 0.751127
2022-01-13 00:37:49.513757 [hotstuff info] 0.751131
2022-01-13 00:37:49.513770 [hotstuff info] 0.751133
2022-01-13 00:37:49.513781 [hotstuff info] 0.751133
2022-01-13 00:37:49.513791 [hotstuff info] 0.751136
2022-01-13 00:37:49.513805 [hotstuff info] 0.751139
2022-01-13 00:37:49.513815 [hotstuff info] 0.751143
2022-01-13 00:37:49.513827 [hotstuff info] 0.751140
2022-01-13 00:37:49.513839 [hotstuff info] 0.751142
2022-01-13 00:37:49.513852 [hotstuff info] 0.751147
2022-01-13 00:37:49.513864 [hotstuff info] 0.751153
2022-01-13 00:37:49.513875 [hotstuff info] 0.751155
2022-01-13 00:37:49.513886 [hotstuff info] 0.751160
2022-01-13 00:37:49.513898 [hotstuff info] 0.751160
2022-01-13 00:37:49.513909 [hotstuff info] 0.751164
2022-01-13 00:37:49.513920 [hotstuff info] 0.751167
2022-01-13 00:37:49.513928 [hotstuff info] 0.751159
2022-01-13 00:37:49.513939 [hotstuff info] 0.751162
2022-01-13 00:37:49.513949 [hotstuff info] 0.751164
2022-01-13 00:37:49.513961 [hotstuff info] 0.751165
2022-01-13 00:37:49.513972 [hotstuff info] 0.751169
2022-01-13 00:37:49.513982 [hotstuff info] 0.751172
2022-01-13 00:37:49.513994 [hotstuff info] 0.751171
2022-01-13 00:37:49.514005 [hotstuff info] 0.751171
2022-01-13 00:37:49.514014 [hotstuff info] 0.751174
2022-01-13 00:37:49.514025 [hotstuff info] 0.667150
2022-01-13 00:37:49.514036 [hotstuff info] 0.667151
2022-01-13 00:37:49.514351 [hotstuff info] 0.667457
2022-01-13 00:37:49.514377 [hotstuff info] 0.667330
2022-01-13 00:37:49.514390 [hotstuff info] 0.667334
2022-01-13 00:37:49.514402 [hotstuff info] 0.667340
2022-01-13 00:37:49.514414 [hotstuff info] 0.667344
2022-01-13 00:37:49.514426 [hotstuff info] 0.667350
2022-01-13 00:37:49.514440 [hotstuff info] 0.667358
2022-01-13 00:37:49.514451 [hotstuff info] 0.667362
2022-01-13 00:37:49.514459 [hotstuff info] 0.667364
2022-01-13 00:37:49.514466 [hotstuff info] 0.667365
2022-01-13 00:37:49.514473 [hotstuff info] 0.667365
2022-01-13 00:37:49.514480 [hotstuff info] 0.667365
2022-01-13 00:37:49.514486 [hotstuff info] 0.667365
2022-01-13 00:37:49.514494 [hotstuff info] 0.667365
2022-01-13 00:37:49.514501 [hotstuff info] 0.667366
2022-01-13 00:37:49.514507 [hotstuff info] 0.667102
2022-01-13 00:37:49.514514 [hotstuff info] 0.667097
2022-01-13 00:37:49.514521 [hotstuff info] 0.667096
2022-01-13 00:37:49.514528 [hotstuff info] 0.667095
2022-01-13 00:37:49.514535 [hotstuff info] 0.667091
2022-01-13 00:37:49.514542 [hotstuff info] 0.667089
2022-01-13 00:37:49.514548 [hotstuff info] 0.667089
2022-01-13 00:37:49.514555 [hotstuff info] 0.667088
2022-01-13 00:37:49.514561 [hotstuff info] 0.667087
2022-01-13 00:37:49.514568 [hotstuff info] 0.667087
2022-01-13 00:37:49.514576 [hotstuff info] 0.667088
2022-01-13 00:37:49.514586 [hotstuff info] 0.667090
2022-01-13 00:37:49.514592 [hotstuff info] 0.667090
2022-01-13 00:37:49.514599 [hotstuff info] 0.667091
2022-01-13 00:37:49.514606 [hotstuff info] 0.667091
2022-01-13 00:37:49.514613 [hotstuff info] 0.667091
2022-01-13 00:37:49.514619 [hotstuff info] 0.667090
2022-01-13 00:37:49.514626 [hotstuff info] 0.667090
2022-01-13 00:37:49.514635 [hotstuff info] 0.667093
2022-01-13 00:37:49.514643 [hotstuff info] 0.667094
2022-01-13 00:37:49.514650 [hotstuff info] 0.667095
2022-01-13 00:37:49.514658 [hotstuff info] 0.667095
2022-01-13 00:37:49.514664 [hotstuff info] 0.667095
2022-01-13 00:37:49.514672 [hotstuff info] 0.667096
2022-01-13 00:37:49.514678 [hotstuff info] 0.667096
2022-01-13 00:37:49.514685 [hotstuff info] 0.667095
2022-01-13 00:37:49.514692 [hotstuff info] 0.667096
2022-01-13 00:37:49.514698 [hotstuff info] 0.667097
2022-01-13 00:37:49.514705 [hotstuff info] 0.667094
2022-01-13 00:37:49.514713 [hotstuff info] 0.667094
2022-01-13 00:37:49.514719 [hotstuff info] 0.667092
2022-01-13 00:37:49.514727 [hotstuff info] 0.667092
2022-01-13 00:37:49.514737 [hotstuff info] 0.667096
2022-01-13 00:37:49.514747 [hotstuff info] 0.667098
2022-01-13 00:37:49.514756 [hotstuff info] 0.667101
2022-01-13 00:37:49.514767 [hotstuff info] 0.667105
2022-01-13 00:37:49.514778 [hotstuff info] 0.667110
2022-01-13 00:37:49.514788 [hotstuff info] 0.667113
2022-01-13 00:37:49.514799 [hotstuff info] 0.667117
2022-01-13 00:37:49.514809 [hotstuff info] 0.667120
2022-01-13 00:37:49.514819 [hotstuff info] 0.667124
2022-01-13 00:37:49.514830 [hotstuff info] 0.667127
2022-01-13 00:37:49.514839 [hotstuff info] 0.667130
2022-01-13 00:37:49.514847 [hotstuff info] 0.667130
2022-01-13 00:37:49.514853 [hotstuff info] 0.667130
2022-01-13 00:37:49.514860 [hotstuff info] 0.667129
2022-01-13 00:37:49.514866 [hotstuff info] 0.667129
2022-01-13 00:37:49.515399 [hotstuff info] 0.667166
2022-01-13 00:37:49.515417 [hotstuff info] 0.667175
2022-01-13 00:37:49.515426 [hotstuff info] 0.667172
2022-01-13 00:37:49.515433 [hotstuff info] 0.667171
2022-01-13 00:37:49.561860 [hotstuff info] 0.713592
2022-01-13 00:37:49.561883 [hotstuff info] 0.713607
2022-01-13 00:37:49.561894 [hotstuff info] 0.713611
2022-01-13 00:37:49.561902 [hotstuff info] 0.713614
2022-01-13 00:37:49.561910 [hotstuff info] 0.713615
2022-01-13 00:37:49.561917 [hotstuff info] 0.713615
2022-01-13 00:37:49.561926 [hotstuff info] 0.713616
2022-01-13 00:37:49.561932 [hotstuff info] 0.713617
2022-01-13 00:37:49.561939 [hotstuff info] 0.713615
2022-01-13 00:37:49.561946 [hotstuff info] 0.713615
2022-01-13 00:37:49.561953 [hotstuff info] 0.713615
2022-01-13 00:37:49.561959 [hotstuff info] 0.713615
2022-01-13 00:37:49.561966 [hotstuff info] 0.713616
2022-01-13 00:37:49.561973 [hotstuff info] 0.713615
2022-01-13 00:37:49.561979 [hotstuff info] 0.713614
2022-01-13 00:37:49.561986 [hotstuff info] 0.713615
2022-01-13 00:37:49.561992 [hotstuff info] 0.713614
2022-01-13 00:37:49.561998 [hotstuff info] 0.713614
2022-01-13 00:37:49.562330 [hotstuff info] 0.666824
2022-01-13 00:37:49.562351 [hotstuff info] 0.666834
2022-01-13 00:37:49.562362 [hotstuff info] 0.666839
2022-01-13 00:37:49.565233 [hotstuff info] 0.669495
2022-01-13 00:37:49.646385 [hotstuff info] 0.750637
2022-01-13 00:37:49.646422 [hotstuff info] 0.750666
2022-01-13 00:37:49.646434 [hotstuff info] 0.750671
2022-01-13 00:37:49.646447 [hotstuff info] 0.750676
2022-01-13 00:37:49.646459 [hotstuff info] 0.750680
2022-01-13 00:37:49.646629 [hotstuff info] 0.750844
2022-01-13 00:37:49.646655 [hotstuff info] 0.750861
2022-01-13 00:37:49.646667 [hotstuff info] 0.750868
2022-01-13 00:37:49.646680 [hotstuff info] 0.750875
2022-01-13 00:37:49.646690 [hotstuff info] 0.750879
2022-01-13 00:37:49.646703 [hotstuff info] 0.750883
2022-01-13 00:37:49.646714 [hotstuff info] 0.750888
2022-01-13 00:37:49.646726 [hotstuff info] 0.750893
2022-01-13 00:37:49.646737 [hotstuff info] 0.750898
2022-01-13 00:37:49.646751 [hotstuff info] 0.750906
2022-01-13 00:37:49.646764 [hotstuff info] 0.750884
2022-01-13 00:37:49.646776 [hotstuff info] 0.750888
2022-01-13 00:37:49.646786 [hotstuff info] 0.750892
2022-01-13 00:37:49.646798 [hotstuff info] 0.750897
2022-01-13 00:37:49.646813 [hotstuff info] 0.750906
2022-01-13 00:37:49.646825 [hotstuff info] 0.750911
2022-01-13 00:37:49.646836 [hotstuff info] 0.750469
2022-01-13 00:37:49.646847 [hotstuff info] 0.750468
2022-01-13 00:37:49.646859 [hotstuff info] 0.750465
2022-01-13 00:37:49.646870 [hotstuff info] 0.750467
2022-01-13 00:37:49.646881 [hotstuff info] 0.750466
2022-01-13 00:37:49.646892 [hotstuff info] 0.750467
2022-01-13 00:37:49.646901 [hotstuff info] 0.750466
2022-01-13 00:37:50.047496 [hotstuff info] 0.666603
2022-01-13 00:37:50.047536 [hotstuff info] 0.666633
2022-01-13 00:37:50.047551 [hotstuff info] 0.666631
2022-01-13 00:37:50.047564 [hotstuff info] 0.666634
2022-01-13 00:37:50.047577 [hotstuff info] 0.666640
2022-01-13 00:37:50.047592 [hotstuff info] 0.666642
2022-01-13 00:37:50.047780 [hotstuff info] 0.666822
2022-01-13 00:37:50.047808 [hotstuff info] 0.666840
2022-01-13 00:37:50.047821 [hotstuff info] 0.666671
2022-01-13 00:37:50.047832 [hotstuff info] 0.666672
2022-01-13 00:37:50.047845 [hotstuff info] 0.666678
