2022-01-13 00:37:47.708898 [net info] starting all threads...
2022-01-13 00:37:47.709008 [net warn] ignoring option name in conf file: block-size
2022-01-13 00:37:47.709017 [net warn] ignoring option name in conf file: nworker
2022-01-13 00:37:47.709021 [net warn] ignoring option name in conf file: repnworker
2022-01-13 00:37:47.709025 [net warn] ignoring option name in conf file: clinworker
2022-01-13 00:37:47.709029 [net warn] ignoring option name in conf file: repburst
2022-01-13 00:37:47.709033 [net warn] ignoring option name in conf file: cliburst
2022-01-13 00:37:47.709037 [net warn] ignoring option name in conf file: pace-maker
2022-01-13 00:37:47.709050 [net info] loaded configuration from hotstuff.conf
2022-01-13 00:37:47.709124 [hotstuff info] nfaulty = 3
2022-01-13 00:37:47.709348 [net info] created <Conn fd=11 addr=<NetAddr 18.188.17.142:20000> mode=active>
2022-01-13 00:37:47.709562 [net info] created <Conn fd=19 addr=<NetAddr 3.142.114.174:20000> mode=active>
2022-01-13 00:37:47.709583 [net info] connected to remote <Conn fd=11 addr=<NetAddr 18.188.17.142:20000> mode=active>
2022-01-13 00:37:47.709768 [net info] created <Conn fd=21 addr=<NetAddr 52.79.253.61:20000> mode=active>
2022-01-13 00:37:47.709958 [net info] created <Conn fd=23 addr=<NetAddr 3.36.103.56:20000> mode=active>
2022-01-13 00:37:47.710149 [net info] created <Conn fd=25 addr=<NetAddr 54.93.131.236:20000> mode=active>
2022-01-13 00:37:47.710163 [net info] connected to remote <Conn fd=19 addr=<NetAddr 3.142.114.174:20000> mode=active>
2022-01-13 00:37:47.710364 [net info] created <Conn fd=27 addr=<NetAddr 3.120.147.128:20000> mode=active>
2022-01-13 00:37:47.710553 [net info] created <Conn fd=29 addr=<NetAddr 54.215.140.88:20000> mode=active>
2022-01-13 00:37:47.710740 [net info] created <Conn fd=31 addr=<NetAddr 54.193.29.119:20000> mode=active>
2022-01-13 00:37:47.710940 [net info] created <Conn fd=33 addr=<NetAddr 3.112.224.96:20000> mode=active>
2022-01-13 00:37:47.711140 [net info] created <Conn fd=35 addr=<NetAddr 54.95.218.99:20000> mode=active>
2022-01-13 00:37:47.760265 [net info] connected to remote <Conn fd=29 addr=<NetAddr 54.215.140.88:20000> mode=active>
2022-01-13 00:37:47.762739 [net info] connected to remote <Conn fd=31 addr=<NetAddr 54.193.29.119:20000> mode=active>
2022-01-13 00:37:47.809895 [net info] connected to remote <Conn fd=25 addr=<NetAddr 54.93.131.236:20000> mode=active>
2022-01-13 00:37:47.810215 [net info] connected to remote <Conn fd=27 addr=<NetAddr 3.120.147.128:20000> mode=active>
2022-01-13 00:37:47.841455 [net info] connected to remote <Conn fd=33 addr=<NetAddr 3.112.224.96:20000> mode=active>
2022-01-13 00:37:47.841677 [net info] connected to remote <Conn fd=35 addr=<NetAddr 54.95.218.99:20000> mode=active>
2022-01-13 00:37:47.870111 [net info] connected to remote <Conn fd=23 addr=<NetAddr 3.36.103.56:20000> mode=active>
2022-01-13 00:37:47.870455 [net info] connected to remote <Conn fd=21 addr=<NetAddr 52.79.253.61:20000> mode=active>
2022-01-13 00:37:48.447494 [hotstuff info] 0.736310
2022-01-13 00:37:48.447527 [hotstuff info] 0.736333
2022-01-13 00:37:48.447537 [hotstuff info] 0.736332
2022-01-13 00:37:48.447553 [hotstuff info] 0.736340
2022-01-13 00:37:48.447566 [hotstuff info] 0.736343
2022-01-13 00:37:48.447581 [hotstuff info] 0.736348
2022-01-13 00:37:48.447588 [hotstuff info] 0.736347
2022-01-13 00:37:48.447595 [hotstuff info] 0.736344
2022-01-13 00:37:48.447603 [hotstuff info] 0.736342
2022-01-13 00:37:48.447610 [hotstuff info] 0.736339
2022-01-13 00:37:48.447617 [hotstuff info] 0.736337
2022-01-13 00:37:48.447624 [hotstuff info] 0.736334
2022-01-13 00:37:48.447632 [hotstuff info] 0.736331
2022-01-13 00:37:48.447638 [hotstuff info] 0.736328
2022-01-13 00:37:48.447645 [hotstuff info] 0.736326
2022-01-13 00:37:48.447652 [hotstuff info] 0.736325
2022-01-13 00:37:48.447672 [hotstuff info] 0.736336
2022-01-13 00:37:48.447681 [hotstuff info] 0.736332
2022-01-13 00:37:48.447692 [hotstuff info] 0.736335
2022-01-13 00:37:48.447699 [hotstuff info] 0.736332
2022-01-13 00:37:48.447707 [hotstuff info] 0.736331
2022-01-13 00:37:48.447714 [hotstuff info] 0.736328
2022-01-13 00:37:48.447721 [hotstuff info] 0.736326
2022-01-13 00:37:48.447727 [hotstuff info] 0.736324
2022-01-13 00:37:48.448030 [hotstuff info] 0.736617
2022-01-13 00:37:48.448053 [hotstuff info] 0.736630
2022-01-13 00:37:48.448063 [hotstuff info] 0.736630
2022-01-13 00:37:48.448070 [hotstuff info] 0.736628
2022-01-13 00:37:48.448077 [hotstuff info] 0.736627
2022-01-13 00:37:48.448084 [hotstuff info] 0.736625
2022-01-13 00:37:48.448092 [hotstuff info] 0.736622
2022-01-13 00:37:48.448098 [hotstuff info] 0.736620
2022-01-13 00:37:48.448106 [hotstuff info] 0.736616
2022-01-13 00:37:48.448143 [hotstuff info] 0.736645
2022-01-13 00:37:48.448150 [hotstuff info] 0.736642
2022-01-13 00:37:48.448157 [hotstuff info] 0.736640
2022-01-13 00:37:48.448164 [hotstuff info] 0.736639
2022-01-13 00:37:48.448171 [hotstuff info] 0.736635
2022-01-13 00:37:48.448178 [hotstuff info] 0.736631
2022-01-13 00:37:48.448185 [hotstuff info] 0.736629
2022-01-13 00:37:48.448191 [hotstuff info] 0.736626
2022-01-13 00:37:48.448197 [hotstuff info] 0.736623
2022-01-13 00:37:48.448203 [hotstuff info] 0.736620
2022-01-13 00:37:48.448209 [hotstuff info] 0.736618
2022-01-13 00:37:48.448217 [hotstuff info] 0.736615
2022-01-13 00:37:48.448223 [hotstuff info] 0.736609
2022-01-13 00:37:48.448230 [hotstuff info] 0.736607
2022-01-13 00:37:48.448236 [hotstuff info] 0.736605
2022-01-13 00:37:48.448242 [hotstuff info] 0.736602
2022-01-13 00:37:48.448248 [hotstuff info] 0.736599
2022-01-13 00:37:48.448256 [hotstuff info] 0.736597
2022-01-13 00:37:48.448262 [hotstuff info] 0.736595
2022-01-13 00:37:48.448269 [hotstuff info] 0.736589
2022-01-13 00:37:48.448275 [hotstuff info] 0.736586
2022-01-13 00:37:48.448281 [hotstuff info] 0.736584
2022-01-13 00:37:48.448287 [hotstuff info] 0.736580
2022-01-13 00:37:48.448294 [hotstuff info] 0.736578
2022-01-13 00:37:48.448299 [hotstuff info] 0.736575
2022-01-13 00:37:48.448306 [hotstuff info] 0.736572
2022-01-13 00:37:48.448312 [hotstuff info] 0.736565
2022-01-13 00:37:48.448318 [hotstuff info] 0.736562
2022-01-13 00:37:48.448324 [hotstuff info] 0.736559
2022-01-13 00:37:48.448330 [hotstuff info] 0.736557
2022-01-13 00:37:48.448337 [hotstuff info] 0.736554
2022-01-13 00:37:48.448343 [hotstuff info] 0.736550
2022-01-13 00:37:48.448353 [hotstuff info] 0.736552
2022-01-13 00:37:48.448360 [hotstuff info] 0.736548
2022-01-13 00:37:48.448366 [hotstuff info] 0.736545
2022-01-13 00:37:48.448372 [hotstuff info] 0.736541
2022-01-13 00:37:48.448379 [hotstuff info] 0.736539
2022-01-13 00:37:48.448385 [hotstuff info] 0.736536
2022-01-13 00:37:48.448391 [hotstuff info] 0.736534
2022-01-13 00:37:48.448398 [hotstuff info] 0.736530
2022-01-13 00:37:48.448404 [hotstuff info] 0.736525
2022-01-13 00:37:48.448411 [hotstuff info] 0.736524
2022-01-13 00:37:48.448418 [hotstuff info] 0.736521
2022-01-13 00:37:48.448424 [hotstuff info] 0.736519
2022-01-13 00:37:48.448431 [hotstuff info] 0.736516
2022-01-13 00:37:48.448439 [hotstuff info] 0.736515
2022-01-13 00:37:48.448445 [hotstuff info] 0.736508
2022-01-13 00:37:48.448452 [hotstuff info] 0.736506
2022-01-13 00:37:48.448458 [hotstuff info] 0.736504
2022-01-13 00:37:48.448465 [hotstuff info] 0.736502
2022-01-13 00:37:48.448472 [hotstuff info] 0.736498
2022-01-13 00:37:48.448478 [hotstuff info] 0.736495
2022-01-13 00:37:48.448484 [hotstuff info] 0.736490
2022-01-13 00:37:48.448490 [hotstuff info] 0.736488
2022-01-13 00:37:48.448497 [hotstuff info] 0.736486
2022-01-13 00:37:48.448504 [hotstuff info] 0.736483
2022-01-13 00:37:48.448510 [hotstuff info] 0.736480
2022-01-13 00:37:48.448519 [hotstuff info] 0.736480
2022-01-13 00:37:48.448525 [hotstuff info] 0.736477
2022-01-13 00:37:48.448532 [hotstuff info] 0.736474
2022-01-13 00:37:48.448539 [hotstuff info] 0.736470
2022-01-13 00:37:48.448545 [hotstuff info] 0.736468
2022-01-13 00:37:48.448552 [hotstuff info] 0.736466
2022-01-13 00:37:48.448559 [hotstuff info] 0.736463
2022-01-13 00:37:48.448565 [hotstuff info] 0.736460
2022-01-13 00:37:48.448571 [hotstuff info] 0.736458
2022-01-13 00:37:48.448578 [hotstuff info] 0.736455
2022-01-13 00:37:48.448584 [hotstuff info] 0.736450
2022-01-13 00:37:48.448590 [hotstuff info] 0.736447
2022-01-13 00:37:48.448596 [hotstuff info] 0.736444
2022-01-13 00:37:48.495404 [hotstuff info] 0.783242
2022-01-13 00:37:48.495427 [hotstuff info] 0.783257
2022-01-13 00:37:48.495434 [hotstuff info] 0.783254
2022-01-13 00:37:48.495440 [hotstuff info] 0.783252
2022-01-13 00:37:48.495447 [hotstuff info] 0.783247
2022-01-13 00:37:48.495454 [hotstuff info] 0.783245
2022-01-13 00:37:48.495460 [hotstuff info] 0.783243
2022-01-13 00:37:48.495468 [hotstuff info] 0.783242
2022-01-13 00:37:48.495475 [hotstuff info] 0.783239
2022-01-13 00:37:48.495482 [hotstuff info] 0.783236
2022-01-13 00:37:48.495489 [hotstuff info] 0.783235
2022-01-13 00:37:48.495497 [hotstuff info] 0.783231
2022-01-13 00:37:48.495503 [hotstuff info] 0.783228
2022-01-13 00:37:48.495787 [hotstuff info] 0.783503
2022-01-13 00:37:48.495804 [hotstuff info] 0.783512
2022-01-13 00:37:48.495814 [hotstuff info] 0.783513
2022-01-13 00:37:48.495822 [hotstuff info] 0.783511
2022-01-13 00:37:48.495830 [hotstuff info] 0.783509
2022-01-13 00:37:48.495836 [hotstuff info] 0.783504
2022-01-13 00:37:48.496210 [hotstuff info] 0.783870
2022-01-13 00:37:48.496228 [hotstuff info] 0.783878
2022-01-13 00:37:48.496235 [hotstuff info] 0.783875
2022-01-13 00:37:48.496242 [hotstuff info] 0.783873
2022-01-13 00:37:48.499106 [hotstuff info] 0.786728
2022-01-13 00:37:48.499126 [hotstuff info] 0.786740
2022-01-13 00:37:48.499138 [hotstuff info] 0.786740
2022-01-13 00:37:48.499161 [hotstuff info] 0.786754
2022-01-13 00:37:48.499170 [hotstuff info] 0.786753
2022-01-13 00:37:48.499176 [hotstuff info] 0.786750
2022-01-13 00:37:48.499182 [hotstuff info] 0.786748
2022-01-13 00:37:48.499190 [hotstuff info] 0.786747
2022-01-13 00:37:48.499196 [hotstuff info] 0.786744
2022-01-13 00:37:48.499203 [hotstuff info] 0.786740
2022-01-13 00:37:48.499210 [hotstuff info] 0.786736
2022-01-13 00:37:48.499216 [hotstuff info] 0.786733
2022-01-13 00:37:48.499223 [hotstuff info] 0.786731
2022-01-13 00:37:48.499230 [hotstuff info] 0.786729
2022-01-13 00:37:48.499236 [hotstuff info] 0.786727
2022-01-13 00:37:48.499243 [hotstuff info] 0.786724
2022-01-13 00:37:48.499250 [hotstuff info] 0.786716
2022-01-13 00:37:48.499256 [hotstuff info] 0.786714
2022-01-13 00:37:48.499263 [hotstuff info] 0.786711
2022-01-13 00:37:48.499269 [hotstuff info] 0.786709
2022-01-13 00:37:48.499276 [hotstuff info] 0.786707
2022-01-13 00:37:48.499282 [hotstuff info] 0.786703
2022-01-13 00:37:48.499289 [hotstuff info] 0.786700
2022-01-13 00:37:48.499295 [hotstuff info] 0.786696
2022-01-13 00:37:48.499301 [hotstuff info] 0.786693
2022-01-13 00:37:48.499308 [hotstuff info] 0.786690
2022-01-13 00:37:48.499315 [hotstuff info] 0.786688
2022-01-13 00:37:48.499321 [hotstuff info] 0.786685
2022-01-13 00:37:48.499327 [hotstuff info] 0.786683
2022-01-13 00:37:48.499334 [hotstuff info] 0.786679
2022-01-13 00:37:48.499340 [hotstuff info] 0.786676
2022-01-13 00:37:48.499347 [hotstuff info] 0.786672
2022-01-13 00:37:48.499354 [hotstuff info] 0.786670
2022-01-13 00:37:48.499361 [hotstuff info] 0.786668
2022-01-13 00:37:48.499367 [hotstuff info] 0.786666
2022-01-13 00:37:48.499374 [hotstuff info] 0.786664
2022-01-13 00:37:48.499381 [hotstuff info] 0.786660
2022-01-13 00:37:48.499388 [hotstuff info] 0.786659
2022-01-13 00:37:48.499394 [hotstuff info] 0.786654
2022-01-13 00:37:48.499401 [hotstuff info] 0.786651
2022-01-13 00:37:48.499408 [hotstuff info] 0.786649
2022-01-13 00:37:48.499414 [hotstuff info] 0.786641
2022-01-13 00:37:48.499420 [hotstuff info] 0.786638
2022-01-13 00:37:48.499426 [hotstuff info] 0.786635
2022-01-13 00:37:48.499433 [hotstuff info] 0.786633
2022-01-13 00:37:48.499439 [hotstuff info] 0.786630
2022-01-13 00:37:48.499446 [hotstuff info] 0.786627
2022-01-13 00:37:48.499452 [hotstuff info] 0.786624
2022-01-13 00:37:48.499458 [hotstuff info] 0.786620
2022-01-13 00:37:49.114364 [hotstuff info] 0.666838
2022-01-13 00:37:49.114402 [hotstuff info] 0.666866
2022-01-13 00:37:49.114417 [hotstuff info] 0.666864
2022-01-13 00:37:49.114426 [hotstuff info] 0.666861
2022-01-13 00:37:49.114433 [hotstuff info] 0.666854
2022-01-13 00:37:49.114440 [hotstuff info] 0.666853
2022-01-13 00:37:49.114448 [hotstuff info] 0.666853
2022-01-13 00:37:49.114456 [hotstuff info] 0.666854
2022-01-13 00:37:49.114463 [hotstuff info] 0.666853
2022-01-13 00:37:49.114471 [hotstuff info] 0.666855
2022-01-13 00:37:49.114477 [hotstuff info] 0.666854
2022-01-13 00:37:49.114489 [hotstuff info] 0.666858
2022-01-13 00:37:49.114744 [hotstuff info] 0.667107
2022-01-13 00:37:49.114770 [hotstuff info] 0.667125
2022-01-13 00:37:49.114782 [hotstuff info] 0.667130
2022-01-13 00:37:49.114797 [hotstuff info] 0.667132
2022-01-13 00:37:49.114808 [hotstuff info] 0.667129
2022-01-13 00:37:49.114822 [hotstuff info] 0.667131
2022-01-13 00:37:49.114834 [hotstuff info] 0.667137
2022-01-13 00:37:49.114847 [hotstuff info] 0.667140
2022-01-13 00:37:49.114859 [hotstuff info] 0.667147
2022-01-13 00:37:49.114872 [hotstuff info] 0.667152
2022-01-13 00:37:49.114882 [hotstuff info] 0.667155
2022-01-13 00:37:49.114893 [hotstuff info] 0.667160
2022-01-13 00:37:49.114904 [hotstuff info] 0.666852
2022-01-13 00:37:49.114911 [hotstuff info] 0.666849
2022-01-13 00:37:49.114921 [hotstuff info] 0.666852
2022-01-13 00:37:49.114931 [hotstuff info] 0.666855
2022-01-13 00:37:49.114943 [hotstuff info] 0.666860
2022-01-13 00:37:49.114956 [hotstuff info] 0.666866
2022-01-13 00:37:49.114965 [hotstuff info] 0.666869
2022-01-13 00:37:49.114978 [hotstuff info] 0.666873
2022-01-13 00:37:49.114989 [hotstuff info] 0.666846
2022-01-13 00:37:49.115001 [hotstuff info] 0.666852
2022-01-13 00:37:49.115012 [hotstuff info] 0.666856
2022-01-13 00:37:49.115024 [hotstuff info] 0.666861
2022-01-13 00:37:49.115036 [hotstuff info] 0.666866
2022-01-13 00:37:49.115049 [hotstuff info] 0.666872
2022-01-13 00:37:49.115061 [hotstuff info] 0.666877
2022-01-13 00:37:49.115072 [hotstuff info] 0.666882
2022-01-13 00:37:49.115084 [hotstuff info] 0.666888
2022-01-13 00:37:49.115097 [hotstuff info] 0.666894
2022-01-13 00:37:49.115107 [hotstuff info] 0.666898
2022-01-13 00:37:49.115121 [hotstuff info] 0.666905
2022-01-13 00:37:49.115131 [hotstuff info] 0.666909
2022-01-13 00:37:49.115142 [hotstuff info] 0.666914
2022-01-13 00:37:49.115153 [hotstuff info] 0.666917
2022-01-13 00:37:49.115559 [hotstuff info] 0.667317
2022-01-13 00:37:49.166022 [hotstuff info] 0.717774
2022-01-13 00:37:49.166053 [hotstuff info] 0.717798
2022-01-13 00:37:49.166060 [hotstuff info] 0.717798
2022-01-13 00:37:49.166067 [hotstuff info] 0.717798
2022-01-13 00:37:49.166075 [hotstuff info] 0.717800
2022-01-13 00:37:49.166083 [hotstuff info] 0.717803
2022-01-13 00:37:49.166090 [hotstuff info] 0.717805
2022-01-13 00:37:49.166097 [hotstuff info] 0.717805
2022-01-13 00:37:49.166104 [hotstuff info] 0.717806
2022-01-13 00:37:49.166112 [hotstuff info] 0.717807
2022-01-13 00:37:49.166118 [hotstuff info] 0.717808
2022-01-13 00:37:49.166126 [hotstuff info] 0.717810
2022-01-13 00:37:49.166133 [hotstuff info] 0.717810
2022-01-13 00:37:49.166141 [hotstuff info] 0.717811
2022-01-13 00:37:49.166148 [hotstuff info] 0.717812
2022-01-13 00:37:49.166156 [hotstuff info] 0.717813
2022-01-13 00:37:49.166187 [hotstuff info] 0.717815
2022-01-13 00:37:49.166200 [hotstuff info] 0.717841
2022-01-13 00:37:49.166206 [hotstuff info] 0.717841
2022-01-13 00:37:49.166214 [hotstuff info] 0.717842
2022-01-13 00:37:49.166220 [hotstuff info] 0.717842
2022-01-13 00:37:49.166227 [hotstuff info] 0.717843
2022-01-13 00:37:49.166233 [hotstuff info] 0.717843
2022-01-13 00:37:49.166240 [hotstuff info] 0.717844
2022-01-13 00:37:49.166246 [hotstuff info] 0.717844
2022-01-13 00:37:49.166253 [hotstuff info] 0.717843
2022-01-13 00:37:49.166260 [hotstuff info] 0.717843
2022-01-13 00:37:49.166267 [hotstuff info] 0.717843
2022-01-13 00:37:49.166273 [hotstuff info] 0.717842
2022-01-13 00:37:49.166280 [hotstuff info] 0.717843
2022-01-13 00:37:49.166287 [hotstuff info] 0.717843
2022-01-13 00:37:49.166294 [hotstuff info] 0.717844
2022-01-13 00:37:49.166301 [hotstuff info] 0.717844
2022-01-13 00:37:49.166308 [hotstuff info] 0.717843
2022-01-13 00:37:49.166329 [hotstuff info] 0.717858
2022-01-13 00:37:49.166337 [hotstuff info] 0.717860
2022-01-13 00:37:49.166343 [hotstuff info] 0.717861
2022-01-13 00:37:49.166351 [hotstuff info] 0.717861
2022-01-13 00:37:49.166356 [hotstuff info] 0.717860
2022-01-13 00:37:49.166363 [hotstuff info] 0.717860
2022-01-13 00:37:49.166370 [hotstuff info] 0.717861
2022-01-13 00:37:49.166376 [hotstuff info] 0.717859
2022-01-13 00:37:49.166383 [hotstuff info] 0.717859
2022-01-13 00:37:49.166389 [hotstuff info] 0.717858
2022-01-13 00:37:49.166396 [hotstuff info] 0.717858
2022-01-13 00:37:49.166402 [hotstuff info] 0.717857
2022-01-13 00:37:49.166408 [hotstuff info] 0.717857
2022-01-13 00:37:49.166415 [hotstuff info] 0.717857
2022-01-13 00:37:49.166422 [hotstuff info] 0.717858
2022-01-13 00:37:49.166428 [hotstuff info] 0.717857
2022-01-13 00:37:49.166435 [hotstuff info] 0.717858
2022-01-13 00:37:49.166442 [hotstuff info] 0.717859
2022-01-13 00:37:49.166448 [hotstuff info] 0.717859
2022-01-13 00:37:49.166455 [hotstuff info] 0.717859
2022-01-13 00:37:49.166461 [hotstuff info] 0.717859
2022-01-13 00:37:49.166467 [hotstuff info] 0.671042
2022-01-13 00:37:49.166474 [hotstuff info] 0.671041
2022-01-13 00:37:49.166481 [hotstuff info] 0.671041
2022-01-13 00:37:49.166488 [hotstuff info] 0.671042
2022-01-13 00:37:49.166495 [hotstuff info] 0.671042
2022-01-13 00:37:49.166502 [hotstuff info] 0.671042
2022-01-13 00:37:49.166508 [hotstuff info] 0.671041
2022-01-13 00:37:49.166515 [hotstuff info] 0.671041
2022-01-13 00:37:49.166521 [hotstuff info] 0.671040
2022-01-13 00:37:49.166527 [hotstuff info] 0.671039
2022-01-13 00:37:49.166534 [hotstuff info] 0.671038
2022-01-13 00:37:49.166540 [hotstuff info] 0.671038
2022-01-13 00:37:49.166547 [hotstuff info] 0.671038
2022-01-13 00:37:49.166554 [hotstuff info] 0.670750
2022-01-13 00:37:49.166560 [hotstuff info] 0.670747
2022-01-13 00:37:49.166567 [hotstuff info] 0.670745
2022-01-13 00:37:49.166573 [hotstuff info] 0.670744
2022-01-13 00:37:49.166579 [hotstuff info] 0.670745
2022-01-13 00:37:49.166591 [hotstuff info] 0.670749
2022-01-13 00:37:49.166598 [hotstuff info] 0.670371
2022-01-13 00:37:49.166610 [hotstuff info] 0.670377
2022-01-13 00:37:49.166621 [hotstuff info] 0.670380
2022-01-13 00:37:49.166628 [hotstuff info] 0.670379
2022-01-13 00:37:49.166634 [hotstuff info] 0.667508
2022-01-13 00:37:49.166640 [hotstuff info] 0.667504
2022-01-13 00:37:49.166646 [hotstuff info] 0.667486
2022-01-13 00:37:49.166654 [hotstuff info] 0.667485
2022-01-13 00:37:49.166660 [hotstuff info] 0.667486
2022-01-13 00:37:49.166666 [hotstuff info] 0.667485
2022-01-13 00:37:49.166673 [hotstuff info] 0.667483
2022-01-13 00:37:49.166679 [hotstuff info] 0.667484
2022-01-13 00:37:49.166686 [hotstuff info] 0.667484
2022-01-13 00:37:49.166693 [hotstuff info] 0.667484
2022-01-13 00:37:49.166699 [hotstuff info] 0.667484
2022-01-13 00:37:49.166706 [hotstuff info] 0.667484
2022-01-13 00:37:49.166712 [hotstuff info] 0.667484
2022-01-13 00:37:49.166718 [hotstuff info] 0.667483
2022-01-13 00:37:49.247429 [hotstuff info] 0.748187
2022-01-13 00:37:49.247462 [hotstuff info] 0.748213
2022-01-13 00:37:49.247470 [hotstuff info] 0.748214
2022-01-13 00:37:49.247497 [hotstuff info] 0.748235
2022-01-13 00:37:49.247506 [hotstuff info] 0.748237
2022-01-13 00:37:49.247514 [hotstuff info] 0.748238
2022-01-13 00:37:49.247520 [hotstuff info] 0.748239
2022-01-13 00:37:49.247527 [hotstuff info] 0.748240
2022-01-13 00:37:49.247534 [hotstuff info] 0.748239
2022-01-13 00:37:49.247540 [hotstuff info] 0.748240
2022-01-13 00:37:49.247547 [hotstuff info] 0.748241
2022-01-13 00:37:49.247556 [hotstuff info] 0.748243
2022-01-13 00:37:49.247563 [hotstuff info] 0.748244
2022-01-13 00:37:49.247570 [hotstuff info] 0.748244
2022-01-13 00:37:49.247577 [hotstuff info] 0.748245
2022-01-13 00:37:49.247584 [hotstuff info] 0.748244
2022-01-13 00:37:49.247590 [hotstuff info] 0.748244
2022-01-13 00:37:49.247598 [hotstuff info] 0.748245
2022-01-13 00:37:49.247605 [hotstuff info] 0.748245
2022-01-13 00:37:49.247613 [hotstuff info] 0.748246
2022-01-13 00:37:49.247619 [hotstuff info] 0.748245
2022-01-13 00:37:49.247632 [hotstuff info] 0.748251
2022-01-13 00:37:49.247644 [hotstuff info] 0.748256
2022-01-13 00:37:49.247655 [hotstuff info] 0.748261
2022-01-13 00:37:49.247665 [hotstuff info] 0.748265
2022-01-13 00:37:49.247677 [hotstuff info] 0.748270
2022-01-13 00:37:49.247689 [hotstuff info] 0.748276
2022-01-13 00:37:49.247701 [hotstuff info] 0.748282
2022-01-13 00:37:49.247713 [hotstuff info] 0.748287
2022-01-13 00:37:49.247726 [hotstuff info] 0.748293
2022-01-13 00:37:49.247737 [hotstuff info] 0.748298
2022-01-13 00:37:49.247749 [hotstuff info] 0.748304
2022-01-13 00:37:49.247762 [hotstuff info] 0.748311
2022-01-13 00:37:49.247772 [hotstuff info] 0.748316
2022-01-13 00:37:49.247784 [hotstuff info] 0.748321
2022-01-13 00:37:49.781026 [hotstuff info] 0.666626
2022-01-13 00:37:49.781072 [hotstuff info] 0.666657
2022-01-13 00:37:49.781086 [hotstuff info] 0.666660
2022-01-13 00:37:49.781095 [hotstuff info] 0.666662
2022-01-13 00:37:49.781102 [hotstuff info] 0.666662
2022-01-13 00:37:49.781109 [hotstuff info] 0.666662
2022-01-13 00:37:49.781118 [hotstuff info] 0.666662
2022-01-13 00:37:49.781124 [hotstuff info] 0.666663
2022-01-13 00:37:49.781133 [hotstuff info] 0.666664
2022-01-13 00:37:49.781141 [hotstuff info] 0.666664
2022-01-13 00:37:49.781348 [hotstuff info] 0.666859
2022-01-13 00:37:49.781377 [hotstuff info] 0.666881
2022-01-13 00:37:49.781393 [hotstuff info] 0.666626
2022-01-13 00:37:49.781408 [hotstuff info] 0.666627
2022-01-13 00:37:49.781419 [hotstuff info] 0.666623
2022-01-13 00:37:49.781432 [hotstuff info] 0.666625
2022-01-13 00:37:49.781443 [hotstuff info] 0.666623
2022-01-13 00:37:49.781458 [hotstuff info] 0.666625
2022-01-13 00:37:49.781750 [hotstuff info] 0.666904
2022-01-13 00:37:49.781780 [hotstuff info] 0.666922
2022-01-13 00:37:49.781795 [hotstuff info] 0.666925
2022-01-13 00:37:49.828995 [hotstuff info] 0.714114
2022-01-13 00:37:49.829164 [hotstuff info] 0.714272
2022-01-13 00:37:49.829183 [hotstuff info] 0.714280
2022-01-13 00:37:49.829197 [hotstuff info] 0.714287
2022-01-13 00:37:49.829211 [hotstuff info] 0.714291
2022-01-13 00:37:49.829223 [hotstuff info] 0.714293
2022-01-13 00:37:49.829235 [hotstuff info] 0.714294
2022-01-13 00:37:49.829247 [hotstuff info] 0.714292
2022-01-13 00:37:49.829258 [hotstuff info] 0.714294
2022-01-13 00:37:49.829270 [hotstuff info] 0.714293
2022-01-13 00:37:49.829281 [hotstuff info] 0.714294
2022-01-13 00:37:49.829294 [hotstuff info] 0.714294
2022-01-13 00:37:49.829306 [hotstuff info] 0.714296
2022-01-13 00:37:49.829318 [hotstuff info] 0.714296
2022-01-13 00:37:49.829330 [hotstuff info] 0.714295
2022-01-13 00:37:49.829343 [hotstuff info] 0.714295
2022-01-13 00:37:49.829561 [hotstuff info] 0.714501
2022-01-13 00:37:49.829582 [hotstuff info] 0.714511
2022-01-13 00:37:49.829597 [hotstuff info] 0.714516
2022-01-13 00:37:49.829609 [hotstuff info] 0.714514
2022-01-13 00:37:49.829621 [hotstuff info] 0.714515
2022-01-13 00:37:49.829636 [hotstuff info] 0.714516
2022-01-13 00:37:49.829647 [hotstuff info] 0.714517
2022-01-13 00:37:49.829659 [hotstuff info] 0.714518
2022-01-13 00:37:49.829671 [hotstuff info] 0.714519
2022-01-13 00:37:49.829683 [hotstuff info] 0.714520
2022-01-13 00:37:49.829859 [hotstuff info] 0.714269
2022-01-13 00:37:49.913983 [hotstuff info] 0.747932
2022-01-13 00:37:49.914011 [hotstuff info] 0.747952
2022-01-13 00:37:49.914020 [hotstuff info] 0.747954
2022-01-13 00:37:49.914037 [hotstuff info] 0.747964
2022-01-13 00:37:49.914045 [hotstuff info] 0.747963
2022-01-13 00:37:49.914052 [hotstuff info] 0.747962
2022-01-13 00:37:49.914065 [hotstuff info] 0.747968
2022-01-13 00:37:49.914072 [hotstuff info] 0.747968
2022-01-13 00:37:49.914080 [hotstuff info] 0.747969
2022-01-13 00:37:49.914086 [hotstuff info] 0.747969
2022-01-13 00:37:49.914101 [hotstuff info] 0.747976
2022-01-13 00:37:49.914114 [hotstuff info] 0.747982
2022-01-13 00:37:49.914124 [hotstuff info] 0.747984
2022-01-13 00:37:49.914424 [hotstuff info] 0.748277
2022-01-13 00:37:49.914456 [hotstuff info] 0.748301
2022-01-13 00:37:49.914467 [hotstuff info] 0.748300
2022-01-13 00:37:49.914479 [hotstuff info] 0.748279
2022-01-13 00:37:49.914499 [hotstuff info] 0.748293
2022-01-13 00:37:49.914516 [hotstuff info] 0.748303
2022-01-13 00:37:49.914548 [hotstuff info] 0.748328
2022-01-13 00:37:49.914561 [hotstuff info] 0.748335
2022-01-13 00:37:49.914571 [hotstuff info] 0.748339
2022-01-13 00:37:49.914588 [hotstuff info] 0.748348
2022-01-13 00:37:49.914609 [hotstuff info] 0.748363
2022-01-13 00:37:49.914639 [hotstuff info] 0.748386
2022-01-13 00:37:49.914651 [hotstuff info] 0.748392
2022-01-13 00:37:49.914669 [hotstuff info] 0.748403
2022-01-13 00:37:49.914680 [hotstuff info] 0.748408
2022-01-13 00:37:49.914692 [hotstuff info] 0.748412
2022-01-13 00:37:49.914704 [hotstuff info] 0.748418
2022-01-13 00:37:49.914716 [hotstuff info] 0.748422
2022-01-13 00:37:49.914734 [hotstuff info] 0.748434
2022-01-13 00:37:49.914749 [hotstuff info] 0.748442
2022-01-13 00:37:49.914756 [hotstuff info] 0.748428
2022-01-13 00:37:49.914774 [hotstuff info] 0.748438
2022-01-13 00:37:49.914782 [hotstuff info] 0.748440
2022-01-13 00:37:49.914790 [hotstuff info] 0.748440
2022-01-13 00:37:49.914805 [hotstuff info] 0.748449
2022-01-13 00:37:49.914820 [hotstuff info] 0.748459
2022-01-13 00:37:49.914828 [hotstuff info] 0.748459
2022-01-13 00:37:49.914835 [hotstuff info] 0.748459
2022-01-13 00:37:49.914847 [hotstuff info] 0.748465
2022-01-13 00:37:49.914860 [hotstuff info] 0.748471
2022-01-13 00:37:49.914871 [hotstuff info] 0.748476
2022-01-13 00:37:49.914889 [hotstuff info] 0.748487
2022-01-13 00:37:49.914903 [hotstuff info] 0.748495
2022-01-13 00:37:49.914915 [hotstuff info] 0.748501
2022-01-13 00:37:49.914922 [hotstuff info] 0.748501
2022-01-13 00:37:49.914930 [hotstuff info] 0.748502
2022-01-13 00:37:49.914943 [hotstuff info] 0.748510
2022-01-13 00:37:49.914950 [hotstuff info] 0.748510
2022-01-13 00:37:49.914957 [hotstuff info] 0.748511
2022-01-13 00:37:49.914965 [hotstuff info] 0.748511
2022-01-13 00:37:49.914972 [hotstuff info] 0.748512
2022-01-13 00:37:49.914991 [hotstuff info] 0.748524
2022-01-13 00:37:49.914997 [hotstuff info] 0.748524
2022-01-13 00:37:49.915005 [hotstuff info] 0.748526
2022-01-13 00:37:49.915012 [hotstuff info] 0.748525
2022-01-13 00:37:49.915024 [hotstuff info] 0.748530
2022-01-13 00:37:49.915031 [hotstuff info] 0.748531
2022-01-13 00:37:49.915045 [hotstuff info] 0.748537
2022-01-13 00:37:49.915058 [hotstuff info] 0.748545
2022-01-13 00:37:49.915066 [hotstuff info] 0.748545
2022-01-13 00:37:49.915079 [hotstuff info] 0.748553
2022-01-13 00:37:49.915087 [hotstuff info] 0.748554
2022-01-13 00:37:49.915095 [hotstuff info] 0.748556
2022-01-13 00:37:49.915102 [hotstuff info] 0.748555
2022-01-13 00:37:49.915116 [hotstuff info] 0.748563
2022-01-13 00:37:49.915123 [hotstuff info] 0.748564
2022-01-13 00:37:49.915130 [hotstuff info] 0.748564
2022-01-13 00:37:49.915137 [hotstuff info] 0.748565
2022-01-13 00:37:49.915154 [hotstuff info] 0.748575
2022-01-13 00:37:49.915166 [hotstuff info] 0.748576
2022-01-13 00:37:49.915176 [hotstuff info] 0.748579
2022-01-13 00:37:49.915199 [hotstuff info] 0.748589
2022-01-13 00:37:49.915222 [hotstuff info] 0.748602
2022-01-13 00:37:49.915244 [hotstuff info] 0.748616
2022-01-13 00:37:49.915261 [hotstuff info] 0.748628
2022-01-13 00:37:49.915272 [hotstuff info] 0.748633
2022-01-13 00:37:49.915283 [hotstuff info] 0.748637
2022-01-13 00:37:49.915296 [hotstuff info] 0.748643
2022-01-13 00:37:49.915307 [hotstuff info] 0.748647
2022-01-13 00:37:49.915318 [hotstuff info] 0.748652
2022-01-13 00:37:49.915329 [hotstuff info] 0.748657
2022-01-13 00:37:49.915340 [hotstuff info] 0.748661
2022-01-13 00:37:49.915350 [hotstuff info] 0.748665
2022-01-13 00:37:49.915363 [hotstuff info] 0.748672
2022-01-13 00:37:49.915380 [hotstuff info] 0.748681
2022-01-13 00:37:49.915402 [hotstuff info] 0.748698
2022-01-13 00:37:49.915427 [hotstuff info] 0.748715
2022-01-13 00:37:49.915445 [hotstuff info] 0.748728
2022-01-13 00:37:49.915466 [hotstuff info] 0.748737
2022-01-13 00:37:49.915478 [hotstuff info] 0.668017
2022-01-13 00:37:49.915494 [hotstuff info] 0.668025
2022-01-13 00:37:49.915513 [hotstuff info] 0.668037
2022-01-13 00:37:49.915530 [hotstuff info] 0.668026
2022-01-13 00:37:49.915541 [hotstuff info] 0.668029
2022-01-13 00:37:49.915553 [hotstuff info] 0.668033
2022-01-13 00:37:49.915579 [hotstuff info] 0.668052
2022-01-13 00:37:49.915589 [hotstuff info] 0.668057
2022-01-13 00:37:49.915608 [hotstuff info] 0.668068
2022-01-13 00:37:49.915625 [hotstuff info] 0.668078
2022-01-13 00:37:49.915638 [hotstuff info] 0.668083
2022-01-13 00:37:49.915665 [hotstuff info] 0.668097
2022-01-13 00:37:49.915683 [hotstuff info] 0.668113
2022-01-13 00:37:49.915723 [hotstuff info] 0.668146
2022-01-13 00:37:49.915740 [hotstuff info] 0.668157
2022-01-13 00:37:49.915753 [hotstuff info] 0.668164
2022-01-13 00:37:49.915760 [hotstuff info] 0.668163
2022-01-13 00:37:49.915767 [hotstuff info] 0.668163
2022-01-13 00:37:49.915774 [hotstuff info] 0.668163
2022-01-13 00:37:49.915781 [hotstuff info] 0.668163
2022-01-13 00:37:49.915788 [hotstuff info] 0.668158
2022-01-13 00:37:49.915802 [hotstuff info] 0.668160
2022-01-13 00:37:49.915809 [hotstuff info] 0.668156
2022-01-13 00:37:49.915845 [hotstuff info] 0.668181
2022-01-13 00:37:49.915852 [hotstuff info] 0.668176
2022-01-13 00:37:49.915869 [hotstuff info] 0.668182
2022-01-13 00:37:49.915881 [hotstuff info] 0.668182
2022-01-13 00:37:49.915888 [hotstuff info] 0.668177
2022-01-13 00:37:49.915899 [hotstuff info] 0.668175
2022-01-13 00:37:49.915907 [hotstuff info] 0.668172
2022-01-13 00:37:49.915915 [hotstuff info] 0.668168
2022-01-13 00:37:49.915924 [hotstuff info] 0.668163
2022-01-13 00:37:49.915931 [hotstuff info] 0.668160
2022-01-13 00:37:49.915937 [hotstuff info] 0.668155
2022-01-13 00:37:49.962391 [hotstuff info] 0.714595
2022-01-13 00:37:50.447796 [hotstuff info] 0.666725
2022-01-13 00:37:50.447841 [hotstuff info] 0.666756
2022-01-13 00:37:50.447873 [hotstuff info] 0.666779
2022-01-13 00:37:50.447882 [hotstuff info] 0.666782
2022-01-13 00:37:50.447890 [hotstuff info] 0.666783
2022-01-13 00:37:50.447899 [hotstuff info] 0.666783
2022-01-13 00:37:50.447907 [hotstuff info] 0.666783
2022-01-13 00:37:50.448093 [hotstuff info] 0.666960
2022-01-13 00:37:50.448114 [hotstuff info] 0.666974
2022-01-13 00:37:50.448124 [hotstuff info] 0.666976
2022-01-13 00:37:50.448131 [hotstuff info] 0.666756
2022-01-13 00:37:50.448139 [hotstuff info] 0.666748
2022-01-13 00:37:50.448147 [hotstuff info] 0.666741
2022-01-13 00:37:50.448155 [hotstuff info] 0.666737
2022-01-13 00:37:50.448161 [hotstuff info] 0.666731
2022-01-13 00:37:50.448169 [hotstuff info] 0.666728
2022-01-13 00:37:50.448176 [hotstuff info] 0.666720
2022-01-13 00:37:50.448405 [hotstuff info] 0.666936
2022-01-13 00:37:50.448433 [hotstuff info] 0.666655
2022-01-13 00:37:50.495793 [hotstuff info] 0.713999
2022-01-13 00:37:50.495821 [hotstuff info] 0.714017
2022-01-13 00:37:50.580906 [hotstuff info] 0.751886
2022-01-13 00:37:50.580927 [hotstuff info] 0.751747
2022-01-13 00:37:50.580936 [hotstuff info] 0.751741
2022-01-13 00:37:50.580942 [hotstuff info] 0.751733
2022-01-13 00:37:50.580951 [hotstuff info] 0.751729
2022-01-13 00:37:50.581136 [hotstuff info] 0.751903
2022-01-13 00:37:50.581162 [hotstuff info] 0.751917
2022-01-13 00:37:50.581174 [hotstuff info] 0.751917
2022-01-13 00:37:50.581187 [hotstuff info] 0.751918
2022-01-13 00:37:50.581202 [hotstuff info] 0.751921
2022-01-13 00:37:50.581217 [hotstuff info] 0.751924
2022-01-13 00:37:50.581227 [hotstuff info] 0.751923
2022-01-13 00:37:50.581242 [hotstuff info] 0.751925
2022-01-13 00:37:50.581253 [hotstuff info] 0.751925
2022-01-13 00:37:50.581264 [hotstuff info] 0.751923
2022-01-13 00:37:50.581276 [hotstuff info] 0.751922
2022-01-13 00:37:50.581288 [hotstuff info] 0.751708
2022-01-13 00:37:50.581301 [hotstuff info] 0.751705
2022-01-13 00:37:50.581313 [hotstuff info] 0.751705
2022-01-13 00:37:50.581326 [hotstuff info] 0.751707
2022-01-13 00:37:50.581338 [hotstuff info] 0.751703
2022-01-13 00:37:50.581350 [hotstuff info] 0.751704
2022-01-13 00:37:50.581363 [hotstuff info] 0.751706
2022-01-13 00:37:50.581374 [hotstuff info] 0.751704
2022-01-13 00:37:50.581386 [hotstuff info] 0.751704
2022-01-13 00:37:50.581397 [hotstuff info] 0.751704
2022-01-13 00:37:50.581408 [hotstuff info] 0.751527
2022-01-13 00:37:50.581420 [hotstuff info] 0.667411
2022-01-13 00:37:50.581432 [hotstuff info] 0.667413
2022-01-13 00:37:50.581442 [hotstuff info] 0.667406
2022-01-13 00:37:50.581736 [hotstuff info] 0.667691
2022-01-13 00:37:50.581758 [hotstuff info] 0.667707
2022-01-13 00:37:50.581779 [hotstuff info] 0.667715
2022-01-13 00:37:50.581801 [hotstuff info] 0.667722
2022-01-13 00:37:50.581825 [hotstuff info] 0.667746
2022-01-13 00:37:50.581837 [hotstuff info] 0.667752
2022-01-13 00:37:50.581850 [hotstuff info] 0.667749
2022-01-13 00:37:50.581873 [hotstuff info] 0.667760
2022-01-13 00:37:50.581892 [hotstuff info] 0.667769
2022-01-13 00:37:50.581904 [hotstuff info] 0.667767
2022-01-13 00:37:50.581932 [hotstuff info] 0.667479
2022-01-13 00:37:50.581940 [hotstuff info] 0.667475
2022-01-13 00:37:50.581949 [hotstuff info] 0.667471
2022-01-13 00:37:50.581956 [hotstuff info] 0.667459
2022-01-13 00:37:50.581964 [hotstuff info] 0.667449
2022-01-13 00:37:50.581982 [hotstuff info] 0.667456
2022-01-13 00:37:50.581991 [hotstuff info] 0.667432
2022-01-13 00:37:50.582006 [hotstuff info] 0.667436
2022-01-13 00:37:50.582014 [hotstuff info] 0.667427
2022-01-13 00:37:50.582026 [hotstuff info] 0.667418
2022-01-13 00:37:50.582033 [hotstuff info] 0.667395
2022-01-13 00:37:50.582040 [hotstuff info] 0.667392
2022-01-13 00:37:50.582047 [hotstuff info] 0.667381
2022-01-13 00:37:50.582054 [hotstuff info] 0.667376
2022-01-13 00:37:50.582069 [hotstuff info] 0.667379
2022-01-13 00:37:50.582077 [hotstuff info] 0.667374
2022-01-13 00:37:50.582084 [hotstuff info] 0.667370
2022-01-13 00:37:50.582091 [hotstuff info] 0.667358
2022-01-13 00:37:50.582105 [hotstuff info] 0.667358
2022-01-13 00:37:50.582112 [hotstuff info] 0.667357
2022-01-13 00:37:50.582125 [hotstuff info] 0.667352
2022-01-13 00:37:50.582131 [hotstuff info] 0.667351
2022-01-13 00:37:50.582138 [hotstuff info] 0.667349
2022-01-13 00:37:50.582144 [hotstuff info] 0.667349
2022-01-13 00:37:50.582151 [hotstuff info] 0.667340
2022-01-13 00:37:50.582157 [hotstuff info] 0.667331
2022-01-13 00:37:50.582180 [hotstuff info] 0.667336
2022-01-13 00:37:50.582186 [hotstuff info] 0.667341
2022-01-13 00:37:50.582193 [hotstuff info] 0.667334
2022-01-13 00:37:50.582200 [hotstuff info] 0.667330
2022-01-13 00:37:50.582214 [hotstuff info] 0.667327
2022-01-13 00:37:50.582221 [hotstuff info] 0.667320
2022-01-13 00:37:50.582229 [hotstuff info] 0.667316
2022-01-13 00:37:50.582640 [hotstuff info] 0.667719
2022-01-13 00:37:50.593839 [hotstuff info] 0.678911
2022-01-13 00:37:50.593860 [hotstuff info] 0.678918
2022-01-13 00:37:50.629556 [hotstuff info] 0.714606
2022-01-13 00:37:50.629578 [hotstuff info] 0.714622
2022-01-13 00:37:50.629587 [hotstuff info] 0.714623
2022-01-13 00:37:50.629593 [hotstuff info] 0.714622
2022-01-13 00:37:50.629600 [hotstuff info] 0.714610
2022-01-13 00:37:50.629608 [hotstuff info] 0.714612
2022-01-13 00:37:50.629614 [hotstuff info] 0.714610
2022-01-13 00:37:50.629621 [hotstuff info] 0.714610
2022-01-13 00:37:50.629629 [hotstuff info] 0.714606
2022-01-13 00:37:50.629636 [hotstuff info] 0.714605
2022-01-13 00:37:50.629643 [hotstuff info] 0.714599
2022-01-13 00:37:50.629650 [hotstuff info] 0.714592
2022-01-13 00:37:50.629660 [hotstuff info] 0.714594
2022-01-13 00:37:50.629668 [hotstuff info] 0.714596
2022-01-13 00:37:50.629675 [hotstuff info] 0.714589
2022-01-13 00:37:50.629681 [hotstuff info] 0.714588
2022-01-13 00:37:50.629689 [hotstuff info] 0.714588
2022-01-13 00:37:50.629696 [hotstuff info] 0.714581
2022-01-13 00:37:50.629703 [hotstuff info] 0.714580
2022-01-13 00:37:50.629714 [hotstuff info] 0.714585
2022-01-13 00:37:50.629721 [hotstuff info] 0.714586
2022-01-13 00:37:50.629729 [hotstuff info] 0.714585
2022-01-13 00:37:50.629740 [hotstuff info] 0.714575
2022-01-13 00:37:50.629746 [hotstuff info] 0.714572
2022-01-13 00:37:50.629755 [hotstuff info] 0.714559
2022-01-13 00:37:50.629763 [hotstuff info] 0.714542
2022-01-13 00:37:50.629773 [hotstuff info] 0.714540
2022-01-13 00:37:50.629782 [hotstuff info] 0.714523
2022-01-13 00:37:50.629792 [hotstuff info] 0.714522
2022-01-13 00:37:50.629799 [hotstuff info] 0.714518
2022-01-13 00:37:50.632534 [hotstuff info] 0.717239
2022-01-13 00:37:50.632555 [hotstuff info] 0.717250
2022-01-13 00:37:50.632566 [hotstuff info] 0.717249
2022-01-13 00:37:50.632574 [hotstuff info] 0.717247
2022-01-13 00:37:50.632583 [hotstuff info] 0.717244
2022-01-13 00:37:50.632591 [hotstuff info] 0.717241
2022-01-13 00:37:50.632597 [hotstuff info] 0.717234
2022-01-13 00:37:50.632604 [hotstuff info] 0.717225
2022-01-13 00:37:50.632611 [hotstuff info] 0.717209
2022-01-13 00:37:50.632618 [hotstuff info] 0.717205
2022-01-13 00:37:50.632625 [hotstuff info] 0.717182
2022-01-13 00:37:50.632632 [hotstuff info] 0.717172
2022-01-13 00:37:50.632639 [hotstuff info] 0.717163
2022-01-13 00:37:50.632649 [hotstuff info] 0.717156
2022-01-13 00:37:50.714245 [hotstuff info] 0.798733
2022-01-13 00:37:50.714270 [hotstuff info] 0.798741
2022-01-13 00:37:50.714278 [hotstuff info] 0.798738
2022-01-13 00:37:50.714440 [hotstuff info] 0.798889
2022-01-13 00:37:50.714476 [hotstuff info] 0.798899
2022-01-13 00:37:50.714488 [hotstuff info] 0.798899
2022-01-13 00:37:50.714497 [hotstuff info] 0.798890
2022-01-13 00:37:50.714512 [hotstuff info] 0.798888
2022-01-13 00:37:50.714523 [hotstuff info] 0.798886
2022-01-13 00:37:50.714531 [hotstuff info] 0.798874
2022-01-13 00:37:50.714555 [hotstuff info] 0.798863
2022-01-13 00:37:50.714568 [hotstuff info] 0.798847
2022-01-13 00:37:50.714581 [hotstuff info] 0.798843
2022-01-13 00:37:50.714608 [hotstuff info] 0.798856
2022-01-13 00:37:50.714633 [hotstuff info] 0.798873
2022-01-13 00:37:50.714646 [hotstuff info] 0.798880
2022-01-13 00:37:50.714657 [hotstuff info] 0.798883
2022-01-13 00:37:50.714678 [hotstuff info] 0.798899
2022-01-13 00:37:50.714702 [hotstuff info] 0.798916
2022-01-13 00:37:50.714714 [hotstuff info] 0.798912
2022-01-13 00:37:50.714722 [hotstuff info] 0.798913
2022-01-13 00:37:50.714728 [hotstuff info] 0.798884
2022-01-13 00:37:50.714735 [hotstuff info] 0.798884
2022-01-13 00:37:50.714741 [hotstuff info] 0.798872
2022-01-13 00:37:50.714758 [hotstuff info] 0.798878
2022-01-13 00:37:50.714777 [hotstuff info] 0.798889
2022-01-13 00:37:50.714791 [hotstuff info] 0.798892
2022-01-13 00:37:50.714797 [hotstuff info] 0.798891
2022-01-13 00:37:50.714805 [hotstuff info] 0.798890
2022-01-13 00:37:50.714811 [hotstuff info] 0.798889
2022-01-13 00:37:50.714819 [hotstuff info] 0.798889
2022-01-13 00:37:50.714826 [hotstuff info] 0.798889
2022-01-13 00:37:50.714833 [hotstuff info] 0.798889
2022-01-13 00:37:50.714839 [hotstuff info] 0.752419
2022-01-13 00:37:51.114844 [hotstuff info] 0.667004
2022-01-13 00:37:51.114881 [hotstuff info] 0.667027
2022-01-13 00:37:51.114891 [hotstuff info] 0.667009
2022-01-13 00:37:51.114897 [hotstuff info] 0.667008
2022-01-13 00:37:51.114921 [hotstuff info] 0.667023
2022-01-13 00:37:51.114933 [hotstuff info] 0.667027
2022-01-13 00:37:51.114944 [hotstuff info] 0.667029
2022-01-13 00:37:51.115133 [hotstuff info] 0.667020
2022-01-13 00:37:51.115155 [hotstuff info] 0.667033
2022-01-13 00:37:51.115163 [hotstuff info] 0.667033
2022-01-13 00:37:51.115172 [hotstuff info] 0.667033
